                                                                                [0m
                                                                                [0m
                                                                                [0m
                                                                                [0m
                                                                                [0m
                                                                                [0m
                                                                                [0m
                                                                [38;2;23;31;53m#[38;2;31;43;74mo[38;2;36;49;84mh[38;2;37;50;85mh[38;2;38;52;87mk[38;2;38;51;87mk[38;2;35;48;82mh         [0m
                                                         [38;2;34;46;79ma[38;2;41;54;89mkkkkkk[38;2;36;49;84mh[38;2;35;48;82mh[38;2;47;52;85mk[38;2;65;56;88mp[38;2;102;64;87mm[38;2;35;48;82mh[38;2;36;49;84mh         [0m
                                                   [38;2;26;35;61m*[38;2;35;48;82mh[38;2;36;49;84mh[38;2;35;48;82mhh[38;2;65;56;88mp[38;2;216;90;94mu[38;2;248;100;100mjjjjjj[38;2;245;98;98mrrrrr[38;2;35;48;82mh[38;2;34;46;79ma         [0m
                                               [38;2;36;49;83mh[38;2;35;48;82mh[38;2;36;49;84mh[38;2;35;48;82mh[38;2;81;158;202mx[38;2;94;191;237m)[38;2;95;192;239m)[38;2;37;50;87mh[38;2;36;49;84mh[38;2;41;54;89mk[38;2;248;100;100mjjjjjjj[38;2;245;98;98mrrrr[38;2;168;80;94mU[38;2;35;48;82mh[38;2;23;31;53m#         [0m
                                            [38;2;22;29;51mM[38;2;41;54;89mkk[38;2;81;158;202mx[38;2;94;191;237m)[38;2;95;192;239m)[38;2;94;191;237m)[38;2;95;192;239m)[38;2;94;191;237m)[38;2;95;192;239m)[38;2;94;191;237m)[38;2;91;183;228m|[38;2;48;78;116mw[38;2;41;54;89mk[38;2;76;59;88mq[38;2;248;100;100mjjjjj[38;2;245;98;98mrrrr[38;2;40;51;86mk[38;2;35;48;82mh          [0m
                                           [38;2;36;49;84mh[38;2;37;50;85mh[38;2;71;137;178mc[38;2;96;194;241m1[38;2;95;194;240m)[38;2;98;196;242m1[38;2;97;196;242m1[38;2;98;196;242m1[38;2;97;196;242m1[38;2;98;196;242m1[38;2;97;196;242m1[38;2;98;196;242m1[38;2;97;196;242m1[38;2;95;194;240m)[38;2;85;170;214mf[38;2;36;49;84mh[38;2;37;50;85mh[38;2;240;96;97mx[38;2;248;100;100mj[38;2;245;98;98mr[38;2;248;100;100mjjjjj[38;2;38;51;87mk[38;2;38;52;87mk          [0m
                                         [38;2;36;49;84mh[38;2;37;50;85mh[38;2;82;163;206mj[38;2;96;194;241m1[38;2;95;194;240m)[38;2;96;194;241m1[38;2;95;194;240m)[38;2;98;196;242m1[38;2;97;196;242m1[38;2;98;196;242m1[38;2;97;196;242m1[38;2;98;196;242m1[38;2;97;196;242m1[38;2;98;196;242m1[38;2;97;196;242m1[38;2;95;194;240m)[38;2;96;194;241m1[38;2;95;194;240m)[38;2;75;145;187mu[38;2;36;49;84mh[38;2;37;50;85mh[38;2;230;94;95mn[38;2;248;100;100mjjjj[38;2;138;73;92mL[38;2;38;51;87mk[38;2;22;29;51mM          [0m
                                      [38;2;26;35;61m*[38;2;38;52;87mk[38;2;37;50;85mh[38;2;82;163;206mj[38;2;96;194;241m1[38;2;95;194;240m)[38;2;96;194;241m1[38;2;95;194;240m)[38;2;96;194;241m1[38;2;95;194;240m)[38;2;96;194;241m1[38;2;65;121;162mU[38;2;52;88;126mZ[38;2;59;104;144mL[38;2;84;165;210mj[38;2;97;196;242m1[38;2;98;196;242m1[38;2;97;196;242m1[38;2;95;194;240m)[38;2;96;194;241m1[38;2;95;194;240m)[38;2;96;194;241m1[38;2;95;194;240m)[38;2;87;173;218mt[38;2;36;49;84mh[38;2;37;50;85mh[38;2;40;51;86mk[38;2;248;100;100mjj[38;2;38;52;87mk[38;2;38;51;87mk           [0m
                                     [38;2;38;52;87mk[38;2;38;51;87mk[38;2;98;196;242m1[38;2;96;194;241m1[38;2;95;194;240m)[38;2;96;194;241m1[38;2;95;194;240m)[38;2;96;194;241m1[38;2;77;150;192mn[38;2;37;50;85mh[38;2;36;49;84mh[38;2;53;65;98mp[38;2;220;223;229m!  [38;2;144;150;166mf[38;2;38;51;87mk[38;2;38;52;87mk[38;2;81;158;202mx[38;2;95;194;240m)[38;2;96;194;241m1[38;2;95;194;240m)[38;2;96;194;241m1[38;2;95;194;240m)[38;2;96;194;241m1[38;2;95;194;240m)[38;2;96;194;241m1[38;2;75;145;187mu[38;2;38;52;87mk[38;2;38;51;87mk[38;2;38;52;87mk            [0m
                                   [38;2;33;44;77ma[38;2;35;48;82mh[38;2;57;100;140mQ[38;2;94;191;237m)[38;2;95;192;239m)[38;2;98;196;242m1111[38;2;82;163;206mj[38;2;41;54;89mk[38;2;88;98;125mC [38;2;253;253;253m.[38;2;250;251;252m^[38;2;253;253;253m.[38;2;250;251;252m^[38;2;253;253;253m.[38;2;250;251;252m^[38;2;74;85;115m0[38;2;35;48;82mh[38;2;41;54;89mk[38;2;98;196;242m1111111[38;2;94;191;237m)[38;2;91;183;228m|[38;2;35;48;82mh[38;2;33;44;77ma            [0m
                                 [38;2;20;27;47mW[38;2;35;48;82mh[38;2;39;56;93mb[38;2;94;191;237m)[38;2;95;192;239m)[38;2;94;191;237m)[38;2;95;192;239m)[38;2;98;196;242m1111[38;2;41;54;89mkk  [38;2;253;253;253m.[38;2;250;251;252m^[38;2;253;253;253m.[38;2;250;251;252m^[38;2;253;253;253m.[38;2;250;251;252m^[38;2;253;253;253m.[38;2;35;48;82mh[38;2;41;54;89mk[38;2;85;170;214mf[38;2;98;196;242m111111[38;2;93;187;233m([38;2;36;49;84mh[38;2;35;48;82mh             [0m
                 [38;2;35;48;82mh[38;2;36;49;84mh[38;2;35;48;82mh[38;2;36;49;84mh[38;2;35;48;82mh[38;2;36;49;84mh[38;2;35;48;82mh[38;2;41;54;89mkkkkkkkk[38;2;35;48;82mhh[38;2;94;191;237m)[38;2;95;192;239m)[38;2;94;191;237m)[38;2;95;192;239m)[38;2;94;191;237m)[38;2;95;192;239m)[38;2;98;196;242m1111[38;2;46;62;97md[38;2;41;54;89mk  [38;2;253;253;253m.[38;2;250;251;252m^[38;2;253;253;253m.[38;2;250;251;252m^[38;2;253;253;253m.[38;2;250;251;252m^[38;2;253;253;253m.[38;2;35;48;82mh[38;2;41;54;89mk[38;2;98;196;242m111111[38;2;41;57;93mb[38;2;35;48;82mh[38;2;34;46;79ma              [0m
              [38;2;38;52;87mk[38;2;41;54;89mk[38;2;36;49;84mh[38;2;238;239;242m:[38;2;253;253;253m.[38;2;250;251;252m^[38;2;253;253;253m.[38;2;250;251;252m^[38;2;253;253;253m.[38;2;250;251;252m^     [38;2;162;167;182m)[38;2;41;54;89mk[38;2;41;59;97mb[38;2;84;165;210mj[38;2;95;192;239m)[38;2;94;191;237m)[38;2;95;192;239m)[38;2;94;191;237m)[38;2;95;192;239m)[38;2;94;191;237m)[38;2;95;192;239m)[38;2;98;196;242m11111[38;2;41;54;89mkk[38;2;127;135;156mn[38;2;246;246;248m'[38;2;250;251;252m^[38;2;253;253;253m.[38;2;250;251;252m^[38;2;253;253;253m.[38;2;111;120;144mc[38;2;36;49;84mh[38;2;37;50;87mh[38;2;85;170;214mf[38;2;98;196;242m1111[38;2;94;191;237m)[38;2;41;54;89mkk[38;2;17;24;42m&               [0m
             [38;2;37;50;85mh[38;2;36;49;84mh[38;2;246;246;248m'         [38;2;253;253;253m. .[38;2;88;98;125mC[38;2;36;49;84mh[38;2;59;104;144mL[38;2;95;194;240m)[38;2;98;196;242m1[38;2;97;196;242m1[38;2;98;196;242m1[38;2;97;196;242m1[38;2;98;196;242m1[38;2;97;196;242m1[38;2;98;196;242m1[38;2;97;196;242m1[38;2;95;194;240m)[38;2;96;194;241m1[38;2;95;194;240m)[38;2;96;194;241m1[38;2;95;194;240m)[38;2;96;194;241m1[38;2;75;145;187mu[38;2;37;50;85mh[38;2;38;51;87mk[38;2;38;52;87mk[38;2;38;51;87mk[38;2;38;52;87mk[38;2;38;51;87mk[38;2;38;52;87mk[38;2;79;154;197mx[38;2;98;196;242m1[38;2;96;194;241m1[38;2;95;194;240m)[38;2;96;194;241m1[38;2;95;194;240m)[38;2;68;134;172mz[38;2;36;49;84mhh                 [0m
              [38;2;34;46;79ma[38;2;37;50;85mh[38;2;38;51;87mk[38;2;38;52;87mk[38;2;38;51;87mk[38;2;150;156;173m/     [38;2;253;253;253m.[38;2;238;239;242m:[38;2;36;49;84mh[38;2;37;50;85mh[38;2;95;194;240m)[38;2;96;194;241m1[38;2;95;194;240m)[38;2;98;196;242m1[38;2;97;196;242m1[38;2;98;196;242m1[38;2;97;196;242m1[38;2;98;196;242m1[38;2;97;196;242m1[38;2;98;196;242m1[38;2;97;196;242m1[38;2;95;194;240m)[38;2;96;194;241m1[38;2;95;194;240m)[38;2;96;194;241m1[38;2;95;194;240m)[38;2;96;194;241m1[38;2;95;194;240m)[38;2;96;194;241m1[38;2;97;196;242m1[38;2;98;196;242m1[38;2;97;196;242m1[38;2;98;196;242m1[38;2;97;196;242m1[38;2;98;196;242m1[38;2;97;196;242m1[38;2;98;196;242m1[38;2;96;194;241m1[38;2;95;194;240m)[38;2;79;154;197mx[38;2;36;49;84mh[38;2;37;50;85mh                   [0m
                    [38;2;32;45;76ma[38;2;38;52;87mk[38;2;38;51;87mk  [38;2;46;58;93md[38;2;37;50;85mh[38;2;87;173;218mt[38;2;96;194;241m1[38;2;95;194;240m)[38;2;96;194;241m1[38;2;95;194;240m)[38;2;98;196;242m1[38;2;97;196;242m1[38;2;98;196;242m1[38;2;97;196;242m1[38;2;98;196;242m1[38;2;97;196;242m1[38;2;98;196;242m1[38;2;97;196;242m1[38;2;95;194;240m)[38;2;96;194;241m1[38;2;95;194;240m)[38;2;96;194;241m1[38;2;95;194;240m)[38;2;96;194;241m1[38;2;95;194;240m)[38;2;96;194;241m1[38;2;97;196;242m1[38;2;98;196;242m1[38;2;97;196;242m1[38;2;98;196;242m1[38;2;97;196;242m1[38;2;98;196;242m1[38;2;97;196;242m1[38;2;98;196;242m1[38;2;75;145;187mu[38;2;36;49;84mh[38;2;37;50;85mh                     [0m
                       [38;2;38;52;87mk[38;2;37;50;85mh[38;2;45;71;109mq[38;2;96;194;241m1[38;2;95;194;240m)[38;2;96;194;241m1[38;2;95;194;240m)[38;2;96;194;241m1[38;2;95;194;240m)[38;2;98;196;242m1[38;2;97;196;242m1[38;2;98;196;242m1[38;2;97;196;242m1[38;2;98;196;242m1[38;2;97;196;242m1[38;2;98;196;242m1[38;2;97;196;242m1[38;2;95;194;240m)[38;2;96;194;241m1[38;2;95;194;240m)[38;2;96;194;241m1[38;2;95;194;240m)[38;2;96;194;241m1[38;2;95;194;240m)[38;2;96;194;241m1[38;2;97;196;242m1[38;2;98;196;242m1[38;2;97;196;242m1[38;2;98;196;242m1[38;2;97;196;242m11[38;2;38;51;87mk[38;2;38;52;87mk[38;2;37;50;85mh                       [0m
                        [38;2;41;54;89mk[38;2;38;52;87mk[38;2;51;84;122mZ[38;2;98;196;242m11111[38;2;95;192;239m)[38;2;94;191;237m)[38;2;95;192;239m)[38;2;94;191;237m)[38;2;95;192;239m)[38;2;94;191;237m)[38;2;95;192;239m)[38;2;94;191;237m)[38;2;98;196;242m11111111[38;2;94;191;237m)[38;2;95;192;239m)[38;2;94;191;237m)[38;2;95;192;239m)[38;2;46;73;110mq[38;2;36;49;84mh[38;2;35;48;82mh                         [0m
                       [38;2;31;43;74mo[38;2;41;54;89mkkkk[38;2;62;111;151mC[38;2;98;196;242m111[38;2;95;192;239m)[38;2;94;191;237m)[38;2;95;192;239m)[38;2;94;191;237m)[38;2;95;192;239m)[38;2;94;191;237m)[38;2;95;192;239m)[38;2;94;191;237m)[38;2;98;196;242m11111111[38;2;94;191;237m)[38;2;95;192;239m)[38;2;35;48;82mh[38;2;36;49;84mh[38;2;28;38;65m*                           [0m
                      [38;2;35;48;82mh[38;2;36;49;84mh[38;2;127;135;156mn   [38;2;41;54;89mkk[38;2;62;111;151mC[38;2;98;196;242m1[38;2;95;192;239m)[38;2;94;191;237m)[38;2;95;192;239m)[38;2;94;191;237m)[38;2;95;192;239m)[38;2;94;191;237m)[38;2;95;192;239m)[38;2;94;191;237m)[38;2;98;196;242m1111111[38;2;48;78;116mw[38;2;35;48;82mhh                              [0m
                     [38;2;36;49;84mh[38;2;35;48;82mh[38;2;253;253;253m.      [38;2;41;54;89mkk[38;2;36;49;84mh[38;2;94;191;237m)[38;2;95;192;239m)[38;2;94;191;237m)[38;2;95;192;239m)[38;2;94;191;237m)[38;2;95;192;239m)[38;2;94;191;237m)[38;2;98;196;242m1111[38;2;93;187;233m([38;2;41;54;89mk[38;2;73;84;113mO [38;2;231;233;236m;[38;2;36;49;84mh                              [0m
                      [38;2;38;52;87mk[38;2;38;51;87mk[38;2;38;52;87mk [38;2;253;253;253m. . .[38;2;164;170;185m)[38;2;38;51;87mk[38;2;38;52;87mk[38;2;62;111;151mC[38;2;98;196;242m1[38;2;97;196;242m1[38;2;98;196;242m1[38;2;97;196;242m1[38;2;98;196;242m1[38;2;96;194;241m1[38;2;95;194;240m)[38;2;96;194;241m1[38;2;37;50;85mhh[38;2;253;253;253m. .[38;2;242;243;246m,[38;2;38;51;87mk                              [0m
                        [38;2;23;32;55m#[38;2;37;50;85mh[38;2;38;52;87mk [38;2;253;253;253m. .   [38;2;38;51;87mk[38;2;38;52;87mk[38;2;62;110;151mC[38;2;98;196;242m1[38;2;97;196;242m1[38;2;98;196;242m1[38;2;74;141;183mv[38;2;36;49;84mh[38;2;93;104;130mJ[38;2;253;253;253m. . .[38;2;250;251;252m^[38;2;38;51;87mk                              [0m
                          [38;2;23;32;55m#[38;2;37;50;85mh[38;2;38;52;87mk [38;2;253;253;253m.  [38;2;174;179;192m{[38;2;38;51;87mk[38;2;38;52;87mk[38;2;37;50;85mh[38;2;38;52;87mk[38;2;38;51;87mk[38;2;59;71;103mw[38;2;204;207;216m~[38;2;253;253;253m. . . . [38;2;38;51;87mk                              [0m
                  [38;2;126;51;51mw         [38;2;25;34;58m#[38;2;37;50;85mh[38;2;36;49;84mh[38;2;37;50;85mh[38;2;38;51;87mk[38;2;32;45;76ma       [38;2;170;175;189m} [38;2;253;253;253m. . . [38;2;38;51;87mk                              [0m
                [38;2;240;96;97mx[38;2;230;94;95mn            [38;2;31;43;74mo          [38;2;41;54;89mk[38;2;111;120;144mc     [38;2;250;251;252m^[38;2;35;48;82mh                              [0m
                      [38;2;205;82;82mz[38;2;245;98;98mr [38;2;197;79;79mX[38;2;248;100;100mj              [38;2;23;31;53m#[38;2;41;54;89mk[38;2;231;233;236m;    [38;2;220;223;229m![38;2;35;48;82mh                              [0m
                 [38;2;245;98;98mr[38;2;197;79;79mX [38;2;162;65;65mL[38;2;245;98;98mr                    [38;2;41;54;89mkk  [38;2;164;170;185m)[38;2;41;54;89mk[38;2;36;49;84mh[38;2;17;24;42m&                              [0m
               [38;2;248;100;100mj[38;2;240;96;97mx  [38;2;245;98;98mr                       [38;2;41;54;89mkkkk                                 [0m
              [38;2;245;98;98mr                             [38;2;36;49;84mh                                   [0m
                                                                                [0m
                                                                                [0m
                                                                                [0m
