                                                                                [0m
                                                                                [0m
                                                                                [0m
                                                                                [0m
                                                    [38;2;82;163;206mj                           [0m
                                                    [38;2;64;119;158mU                           [0m
                                                                                [0m
                                                                  [38;2;23;31;53m#[38;2;30;40;70mo[38;2;34;46;79ma[38;2;36;49;83mh[38;2;34;46;79ma         [0m
                                                          [38;2;36;49;83mh[38;2;41;54;89mkkkkk[38;2;36;49;84mh[38;2;35;48;82mh[38;2;36;49;84mh[38;2;35;48;82mh[38;2;39;50;86mh[38;2;35;48;82mh[38;2;36;49;84mh         [0m
                                                    [38;2;34;46;79ma[38;2;36;49;84mh[38;2;35;48;82mh[38;2;36;49;84mh[38;2;41;54;89mk[38;2;76;59;88mq[38;2;240;96;97mx[38;2;248;100;100mjjjjj[38;2;245;98;98mrrrrr[38;2;35;48;82mh[38;2;36;49;84mh         [0m
                                                [38;2;31;43;74mo[38;2;36;49;84mh[38;2;35;48;82mh[38;2;47;78;113mw[38;2;94;191;237m)[38;2;95;192;239m)[38;2;39;56;93mb[38;2;36;49;84mh[38;2;41;54;89mk[38;2;248;100;100mjjjjjjj[38;2;245;98;98mrrrrr[38;2;35;48;82mh[38;2;34;46;79ma         [0m
                                             [38;2;41;54;89mkk[38;2;46;74;111mq[38;2;81;158;202mx[38;2;95;192;239m)[38;2;94;191;237m)[38;2;95;192;239m)[38;2;94;191;237m)[38;2;95;192;239m)[38;2;94;191;237m)[38;2;91;183;228m|[38;2;49;81;119mm[38;2;41;54;89mk[38;2;76;59;88mq[38;2;248;100;100mjjjjj[38;2;245;98;98mrrrr[38;2;124;70;91m0[38;2;35;48;82mh          [0m
                                           [38;2;30;40;70mo[38;2;37;50;85mh[38;2;39;56;93mb[38;2;96;194;241m1[38;2;95;194;240m)[38;2;98;196;242m1[38;2;97;196;242m1[38;2;98;196;242m1[38;2;97;196;242m1[38;2;98;196;242m1[38;2;97;196;242m1[38;2;98;196;242m1[38;2;97;196;242m1[38;2;95;194;240m)[38;2;85;170;214mf[38;2;36;49;84mh[38;2;37;50;85mh[38;2;240;96;97mx[38;2;248;100;100mj[38;2;245;98;98mr[38;2;248;100;100mjjjjj[38;2;38;51;87mk[38;2;38;52;87mk          [0m
                                         [38;2;34;46;79ma[38;2;37;50;85mh[38;2;46;73;110mq[38;2;96;194;241m1[38;2;95;194;240m)[38;2;96;194;241m1[38;2;95;194;240m)[38;2;98;196;242m1[38;2;97;196;242m1[38;2;98;196;242m1[38;2;97;196;242m1[38;2;98;196;242m1[38;2;97;196;242m1[38;2;98;196;242m1[38;2;97;196;242m1[38;2;95;194;240m)[38;2;96;194;241m1[38;2;95;194;240m)[38;2;75;145;187mu[38;2;36;49;84mh[38;2;37;50;85mh[38;2;230;94;95mn[38;2;248;100;100mjjjjj[38;2;38;51;87mk[38;2;37;50;85mh          [0m
                                       [38;2;38;52;87mk[38;2;37;50;85mh[38;2;46;74;111mq[38;2;96;194;241m1[38;2;95;194;240m)[38;2;96;194;241m1[38;2;95;194;240m)[38;2;96;194;241m1[38;2;95;194;240m)[38;2;98;196;242m1[38;2;97;196;242m1[38;2;98;196;242m1[38;2;97;196;242m1[38;2;98;196;242m1[38;2;97;196;242m1[38;2;98;196;242m1[38;2;97;196;242m1[38;2;95;194;240m)[38;2;96;194;241m1[38;2;95;194;240m)[38;2;96;194;241m1[38;2;95;194;240m)[38;2;87;173;218mt[38;2;36;49;84mh[38;2;37;50;85mh[38;2;46;52;86mk[38;2;248;100;100mjj[38;2;38;51;87mkk           [0m
                                     [38;2;38;52;87mk[38;2;38;51;87mk[38;2;88;176;221mt[38;2;96;194;241m1[38;2;95;194;240m)[38;2;96;194;241m1[38;2;95;194;240m)[38;2;96;194;241m1[38;2;95;194;240m)[38;2;96;194;241m1[38;2;95;194;240m)[38;2;98;196;242m1[38;2;97;196;242m1[38;2;98;196;242m1[38;2;97;196;242m1[38;2;98;196;242m1[38;2;97;196;242m1[38;2;98;196;242m1[38;2;97;196;242m1[38;2;95;194;240m)[38;2;96;194;241m1[38;2;95;194;240m)[38;2;96;194;241m1[38;2;95;194;240m)[38;2;96;194;241m1[38;2;95;194;240m))[38;2;71;134;175mz[38;2;38;52;87mk[38;2;38;51;87mk[38;2;38;52;87mk[38;2;26;35;61m*           [0m
                                    [38;2;35;48;82mh[38;2;36;49;84mh[38;2;94;191;237m)[38;2;95;192;239m)[38;2;98;196;242m11111111[38;2;95;192;239m)[38;2;94;191;237m)[38;2;95;192;239m)[38;2;94;191;237m)[38;2;95;192;239m)[38;2;94;191;237m)[38;2;95;192;239m)[38;2;94;191;237m)[38;2;98;196;242m11111111[38;2;94;191;237m)[38;2;95;192;239m)[38;2;35;48;82mh[38;2;36;49;84mh            [0m
                                  [38;2;35;48;82mh[38;2;36;49;84mh[38;2;93;187;233m([38;2;95;192;239m)[38;2;94;191;237m)[38;2;95;192;239m)[38;2;98;196;242m11111111[38;2;95;192;239m)[38;2;94;191;237m)[38;2;95;192;239m)[38;2;94;191;237m)[38;2;95;192;239m)[38;2;94;191;237m)[38;2;95;192;239m)[38;2;94;191;237m)[38;2;98;196;242m11111111[38;2;94;191;237m)[38;2;36;49;84mh[38;2;35;48;82mh             [0m
                                [38;2;35;48;82mh[38;2;36;49;84mh[38;2;77;150;192mn[38;2;95;192;239m)[38;2;94;191;237m)[38;2;95;192;239m)[38;2;94;191;237m)[38;2;95;192;239m)[38;2;98;196;242m11111111[38;2;95;192;239m)[38;2;94;191;237m)[38;2;95;192;239m)[38;2;94;191;237m)[38;2;88;176;221mt[38;2;35;48;82mh[38;2;36;49;84mh[38;2;35;48;82mh[38;2;41;54;89mkkkkk[38;2;93;187;233m([38;2;98;196;242m1[38;2;69;128;170mX[38;2;35;48;82mh[38;2;36;49;84mh              [0m
                              [38;2;41;54;89mkk[38;2;48;78;116mw[38;2;95;192;239m)[38;2;94;191;237m)[38;2;95;192;239m)[38;2;94;191;237m)[38;2;95;192;239m)[38;2;94;191;237m)[38;2;95;192;239m)[38;2;98;196;242m11111111[38;2;95;192;239m)[38;2;94;191;237m)[38;2;95;192;239m)[38;2;38;53;89mk[38;2;36;49;84mh[38;2;213;216;222m>[38;2;253;253;253m.[38;2;250;251;252m^    [38;2;220;223;229m![38;2;41;54;89mk[38;2;39;56;93mb[38;2;41;54;89mk[38;2;34;46;79ma               [0m
                             [38;2;36;49;84mh[38;2;37;50;85mh[38;2;93;187;233m([38;2;84;165;210mj[38;2;64;119;158mU[38;2;48;78;116mw[38;2;38;51;87mk[38;2;38;52;87mk[38;2;93;187;233m([38;2;98;196;242m1[38;2;97;196;242m1[38;2;95;194;240m)[38;2;96;194;241m1[38;2;95;194;240m)[38;2;96;194;241m1[38;2;95;194;240m)[38;2;96;194;241m1[38;2;95;194;240m)[38;2;96;194;241m1[38;2;97;196;242m1[38;2;98;196;242m1[38;2;91;183;228m|[38;2;38;52;87mk[38;2;133;141;160mr    [38;2;253;253;253m. . [38;2;36;49;84mh[38;2;37;50;85mh                 [0m
                           [38;2;36;49;84mh[38;2;37;50;85mh[38;2;36;49;84mh[38;2;74;85;115m0[38;2;147;152;170mt[38;2;187;191;203m?[38;2;250;251;252m^[38;2;196;232;249m![38;2;97;196;242m1[38;2;98;196;242m1[38;2;97;196;242m1[38;2;98;196;242m1[38;2;97;196;242m1[38;2;95;194;240m)[38;2;96;194;241m1[38;2;95;194;240m)[38;2;96;194;241m1[38;2;95;194;240m)[38;2;96;194;241m1[38;2;95;194;240m)[38;2;96;194;241m1[38;2;97;196;242m1[38;2;98;196;242m1[38;2;84;165;210mj[38;2;38;52;87mk[38;2;183;187;199m[    [38;2;253;253;253m. [38;2;46;58;93md[38;2;37;50;85mh                   [0m
                         [38;2;36;49;84mh[38;2;37;50;85mh[38;2;253;253;253m. . . [38;2;97;196;242m1[38;2;98;196;242m1[38;2;97;196;242m1[38;2;98;196;242m1[38;2;97;196;242m1[38;2;98;196;242m1[38;2;97;196;242m1[38;2;95;194;240m)[38;2;96;194;241m1[38;2;95;194;240m)[38;2;96;194;241m1[38;2;95;194;240m)[38;2;96;194;241m1[38;2;95;194;240m)[38;2;96;194;241m1[38;2;97;196;242m1[38;2;98;196;242m1[38;2;97;196;242m1[38;2;41;62;98md[38;2;38;51;87mk[38;2;204;207;216m~   [38;2;59;71;103mw[38;2;37;50;85mh[38;2;17;24;42m&                    [0m
                      [38;2;34;46;79ma[38;2;38;52;87mk[38;2;37;50;85mh[38;2;250;251;252m^ [38;2;253;253;253m. ..[38;2;95;194;240m)[38;2;98;196;242m1[38;2;97;196;242m1[38;2;98;196;242m1[38;2;97;196;242m1[38;2;98;196;242m1[38;2;97;196;242m1[38;2;98;196;242m1[38;2;97;196;242m1[38;2;95;194;240m)[38;2;96;194;241m1[38;2;95;194;240m)[38;2;96;194;241m1[38;2;95;194;240m)[38;2;96;194;241m1[38;2;95;194;240m)[38;2;96;194;241m1[38;2;97;196;242m1[38;2;98;196;242m1[38;2;97;196;242m1[38;2;98;196;242m1[38;2;93;187;233m([38;2;38;52;87mk[38;2;41;62;98md[38;2;38;52;87mk[38;2;37;50;85mh                       [0m
                       [38;2;36;49;84mh[38;2;41;54;89mkkk[38;2;111;120;144mc [38;2;231;245;251m,[38;2;98;196;242m11[38;2;95;192;239m)[38;2;94;191;237m)[38;2;95;192;239m)[38;2;94;191;237m)[38;2;95;192;239m)[38;2;94;191;237m)[38;2;95;192;239m)[38;2;94;191;237m)[38;2;98;196;242m11111111[38;2;94;191;237m)[38;2;95;192;239m)[38;2;94;191;237m)[38;2;95;192;239m)[38;2;82;163;206mj[38;2;36;49;84mh[38;2;35;48;82mh                         [0m
                        [38;2;41;54;89mkkkk[38;2;63;114;155mJ[38;2;98;196;242m111[38;2;95;192;239m)[38;2;94;191;237m)[38;2;95;192;239m)[38;2;94;191;237m)[38;2;95;192;239m)[38;2;94;191;237m)[38;2;95;192;239m)[38;2;94;191;237m)[38;2;98;196;242m11111111[38;2;94;191;237m)[38;2;95;192;239m)[38;2;60;108;148mC[38;2;36;49;84mh[38;2;35;48;82mh                           [0m
                      [38;2;31;43;74mo[38;2;36;49;84mh[38;2;41;54;89mk   kk[38;2;63;114;155mJ[38;2;98;196;242m1[38;2;95;192;239m)[38;2;94;191;237m)[38;2;95;192;239m)[38;2;94;191;237m)[38;2;95;192;239m)[38;2;94;191;237m)[38;2;95;192;239m)[38;2;94;191;237m)[38;2;98;196;242m1111111[38;2;75;145;187mu[38;2;36;49;84mhh[38;2;31;43;74mo                             [0m
                     [38;2;36;49;84mh[38;2;35;48;82mh[38;2;253;253;253m.      [38;2;41;54;89mkk[38;2;36;49;84mh[38;2;94;191;237m)[38;2;95;192;239m)[38;2;94;191;237m)[38;2;95;192;239m)[38;2;94;191;237m)[38;2;95;192;239m)[38;2;94;191;237m)[38;2;98;196;242m11111[38;2;43;64;101md[38;2;41;54;89mkk[38;2;25;34;58m#                               [0m
                      [38;2;38;52;87mk[38;2;38;51;87mk[38;2;41;54;89mk [38;2;253;253;253m. . .[38;2;167;172;187m1[38;2;38;51;87mk[38;2;38;52;87mk[38;2;62;110;151mC[38;2;98;196;242m1[38;2;97;196;242m1[38;2;98;196;242m1[38;2;97;196;242m1[38;2;98;196;242m1[38;2;96;194;241m1[38;2;95;194;240m)[38;2;96;194;241m1[38;2;46;74;111mq[38;2;37;50;85mh[38;2;36;49;84mh                                  [0m
                        [38;2;25;34;58m#[38;2;37;50;85mh[38;2;41;54;89mk [38;2;253;253;253m. .   [38;2;38;51;87mk[38;2;38;52;87mk[38;2;62;111;151mC[38;2;98;196;242m1[38;2;97;196;242m1[38;2;98;196;242m1[38;2;95;194;240m)[38;2;36;49;84mh[38;2;37;50;85mh[38;2;35;48;82mh                                    [0m
                          [38;2;25;34;58m#[38;2;37;50;85mh[38;2;41;54;89mk [38;2;253;253;253m.   [38;2;46;62;97md[38;2;38;52;87mk[38;2;38;51;87mk[38;2;38;52;87mk[38;2;38;51;87mk[38;2;38;52;87mk[38;2;37;50;85mh[38;2;17;24;42m&                                      [0m
                   [38;2;248;100;100mj[38;2;224;90;92mu    [38;2;240;96;97mx  [38;2;25;34;58m#[38;2;37;50;85mh[38;2;41;54;89mk[38;2;37;50;85mh[38;2;38;51;87mk[38;2;38;52;87mk                                              [0m
                  [38;2;245;98;98mr           [38;2;41;54;89mk[38;2;22;29;51mM                                                [0m
                                                                                [0m
                                                                                [0m
                                                                                [0m
                    [38;2;136;54;54mZ                                                           [0m
                                                                                [0m
                                                                                [0m
                                                                                [0m
