                                                                                [0m
                                                                                [0m
                                                                                [0m
                                                                                [0m
                                                   [38;2;88;176;221mt[38;2;97;196;242m1                           [0m
                                                   [38;2;68;134;172mz[38;2;96;194;241m1                           [0m
                                                                                [0m
                                                                   [38;2;24;32;55m#[38;2;30;40;70mo[38;2;32;45;76ma[38;2;30;40;70mo         [0m
                                                          [38;2;30;40;70mo[38;2;38;52;87mk[38;2;41;54;89mkkkk[38;2;36;49;84mh[38;2;35;48;82mh[38;2;36;49;84mh[38;2;35;48;82mhhh[38;2;36;49;84mh         [0m
                                                    [38;2;30;40;70mo[38;2;36;49;84mh[38;2;35;48;82mh[38;2;36;49;84mh[38;2;41;54;89mk[38;2;51;54;87mb[38;2;180;83;94mX[38;2;248;100;100mjjjjj[38;2;245;98;98mrrrrr[38;2;35;48;82mh[38;2;36;49;84mh         [0m
                                                [38;2;25;34;58m#[38;2;36;49;84mh[38;2;35;48;82mh[38;2;38;53;89mk[38;2;90;179;224m/[38;2;95;192;239m)[38;2;39;56;93mb[38;2;36;49;84mh[38;2;41;54;89mk[38;2;248;100;100mjjjjjjj[38;2;245;98;98mrrrrr[38;2;35;48;82mh[38;2;36;49;84mh         [0m
                                             [38;2;40;51;86mk[38;2;41;54;89mk[38;2;41;57;93mb[38;2;65;121;162mU[38;2;95;192;239m)[38;2;94;191;237m)[38;2;95;192;239m)[38;2;94;191;237m)[38;2;95;192;239m)[38;2;94;191;237m)[38;2;93;187;233m([38;2;51;84;122mZ[38;2;41;54;89mk[38;2;76;59;88mq[38;2;248;100;100mjjjjj[38;2;245;98;98mrrrr[38;2;180;83;94mX[38;2;35;48;82mh[38;2;23;32;55m#         [0m
                                           [38;2;23;31;53m#[38;2;37;50;85mh[38;2;36;49;84mh[38;2;95;192;239m)[38;2;95;194;240m)[38;2;98;196;242m1[38;2;97;196;242m1[38;2;98;196;242m1[38;2;97;196;242m1[38;2;98;196;242m1[38;2;97;196;242m1[38;2;98;196;242m1[38;2;97;196;242m1[38;2;95;194;240m)[38;2;87;173;218mt[38;2;36;49;84mh[38;2;37;50;85mh[38;2;240;96;97mx[38;2;248;100;100mj[38;2;245;98;98mr[38;2;248;100;100mjjjjj[38;2;51;54;87mb[38;2;38;52;87mk          [0m
                                         [38;2;28;38;65m*[38;2;37;50;85mh[38;2;38;53;89mk[38;2;96;194;241m1[38;2;95;194;240m)[38;2;96;194;241m1[38;2;95;194;240m)[38;2;98;196;242m1[38;2;97;196;242m1[38;2;98;196;242m1[38;2;97;196;242m1[38;2;98;196;242m1[38;2;97;196;242m1[38;2;98;196;242m1[38;2;97;196;242m1[38;2;95;194;240m)[38;2;96;194;241m1[38;2;95;194;240m)[38;2;75;145;187mu[38;2;36;49;84mh[38;2;37;50;85mh[38;2;236;95;96mx[38;2;248;100;100mjjjjj[38;2;38;51;87mkk          [0m
                                       [38;2;38;52;87mk[38;2;37;50;85mh[38;2;38;53;89mk[38;2;96;194;241m1[38;2;95;194;240m)[38;2;96;194;241m1[38;2;95;194;240m)[38;2;96;194;241m1[38;2;95;194;240m)[38;2;98;196;242m1[38;2;97;196;242m1[38;2;98;196;242m1[38;2;97;196;242m1[38;2;98;196;242m1[38;2;97;196;242m1[38;2;98;196;242m1[38;2;97;196;242m1[38;2;95;194;240m)[38;2;96;194;241m1[38;2;95;194;240m)[38;2;96;194;241m1[38;2;95;194;240m)[38;2;87;173;218mt[38;2;36;49;84mh[38;2;37;50;85mh[38;2;47;52;85mk[38;2;248;100;100mjj[38;2;51;54;87mb[38;2;38;51;87mk           [0m
                                     [38;2;38;52;87mk[38;2;38;51;87mk[38;2;75;145;187mu[38;2;96;194;241m1[38;2;95;194;240m)[38;2;96;194;241m1[38;2;95;194;240m)[38;2;96;194;241m1[38;2;95;194;240m)[38;2;96;194;241m1[38;2;95;194;240m)[38;2;98;196;242m1[38;2;97;196;242m1[38;2;98;196;242m1[38;2;97;196;242m1[38;2;98;196;242m1[38;2;97;196;242m1[38;2;98;196;242m1[38;2;97;196;242m1[38;2;95;194;240m)[38;2;96;194;241m1[38;2;95;194;240m)[38;2;96;194;241m1[38;2;95;194;240m)[38;2;96;194;241m1[38;2;95;194;240m))[38;2;69;128;170mX[38;2;38;52;87mk[38;2;38;51;87mk[38;2;38;52;87mk[38;2;33;44;77ma           [0m
                                    [38;2;35;48;82mh[38;2;36;49;84mh[38;2;94;191;237m)[38;2;95;192;239m)[38;2;98;196;242m11111111[38;2;95;192;239m)[38;2;94;191;237m)[38;2;95;192;239m)[38;2;94;191;237m)[38;2;95;192;239m)[38;2;94;191;237m)[38;2;95;192;239m)[38;2;94;191;237m)[38;2;98;196;242m11111111[38;2;94;191;237m)[38;2;95;192;239m)[38;2;35;48;82mh[38;2;36;49;84mh            [0m
                                  [38;2;35;48;82mh[38;2;36;49;84mh[38;2;84;165;210mj[38;2;95;192;239m)[38;2;94;191;237m)[38;2;95;192;239m)[38;2;98;196;242m11111111[38;2;95;192;239m)[38;2;94;191;237m)[38;2;95;192;239m)[38;2;94;191;237m)[38;2;95;192;239m)[38;2;94;191;237m)[38;2;95;192;239m)[38;2;94;191;237m)[38;2;98;196;242m11111111[38;2;94;191;237m)[38;2;38;53;89mk[38;2;35;48;82mh             [0m
                                [38;2;33;44;77ma[38;2;36;49;84mh[38;2;61;113;152mJ[38;2;95;192;239m)[38;2;94;191;237m)[38;2;95;192;239m)[38;2;94;191;237m)[38;2;95;192;239m)[38;2;98;196;242m11111111[38;2;95;192;239m)[38;2;94;191;237m)[38;2;95;192;239m)[38;2;94;191;237m)[38;2;95;192;239m)[38;2;94;191;237m)[38;2;95;192;239m)[38;2;94;191;237m)[38;2;98;196;242m1111111[38;2;84;165;210mj[38;2;35;48;82mh[38;2;36;49;84mh              [0m
                              [38;2;41;54;89mkk[38;2;39;56;93mb[38;2;95;192;239m)[38;2;94;191;237m)[38;2;95;192;239m)[38;2;94;191;237m)[38;2;95;192;239m)[38;2;94;191;237m)[38;2;95;192;239m)[38;2;98;196;242m11111111[38;2;95;192;239m)[38;2;94;191;237m)[38;2;95;192;239m)[38;2;94;191;237m)[38;2;95;192;239m)[38;2;94;191;237m)[38;2;95;192;239m)[38;2;88;176;221mt[38;2;57;100;140mQ[38;2;41;54;89mkkkkk[38;2;46;74;111mq[38;2;41;54;89mk[38;2;35;48;82mh               [0m
                             [38;2;36;49;84mh[38;2;37;50;85mh[38;2;95;192;239m)[38;2;98;196;242m1[38;2;97;196;242m1[38;2;98;196;242m1[38;2;97;196;242m1[38;2;98;196;242m1[38;2;97;196;242m1[38;2;98;196;242m1[38;2;97;196;242m1[38;2;95;194;240m)[38;2;96;194;241m1[38;2;95;194;240m)[38;2;96;194;241m1[38;2;95;194;240m)[38;2;96;194;241m1[38;2;95;194;240m)[38;2;96;194;241m1[38;2;97;196;242m1[38;2;98;196;242m1[38;2;97;196;242m1[38;2;98;196;242m1[38;2;97;196;242m1[38;2;98;196;242m1[38;2;41;62;98md[38;2;38;52;87mk[38;2;37;50;85mh[38;2;204;207;216m~ [38;2;253;253;253m. [38;2;36;49;84mh[38;2;37;50;85mh                 [0m
                           [38;2;35;48;82mh[38;2;37;50;85mh[38;2;77;150;192mn[38;2;96;194;241m1[38;2;95;194;240m)[38;2;98;196;242m1[38;2;97;196;242m1[38;2;93;187;233m([38;2;60;108;148mC[38;2;38;52;87mk[38;2;38;51;87mk[38;2;38;52;87mk[38;2;97;196;242m1[38;2;95;194;240m)[38;2;96;194;241m1[38;2;95;194;240m)[38;2;96;194;241m1[38;2;95;194;240m)[38;2;96;194;241m1[38;2;95;194;240m)[38;2;96;194;241m1[38;2;97;196;242m1[38;2;98;196;242m1[38;2;97;196;242m1[38;2;98;196;242m1[38;2;97;196;242m1[38;2;41;54;89mk[38;2;38;51;87mk  [38;2;253;253;253m. [38;2;80;90;118mQ[38;2;37;50;85mh[38;2;23;32;55m#                  [0m
                         [38;2;17;24;42m&[38;2;37;50;85mh[38;2;41;59;97mb[38;2;96;194;241m1[38;2;95;194;240m)[38;2;54;92;131m0[38;2;36;49;84mh[38;2;38;52;87mk[38;2;38;51;87mk[38;2;122;131;153mu[38;2;242;243;246m,[38;2;98;196;242m1[38;2;97;196;242m1[38;2;98;196;242m1[38;2;97;196;242m1[38;2;95;194;240m)[38;2;96;194;241m1[38;2;95;194;240m)[38;2;96;194;241m1[38;2;95;194;240m)[38;2;96;194;241m1[38;2;95;194;240m)[38;2;96;194;241m1[38;2;97;196;242m1[38;2;98;196;242m1[38;2;97;196;242m1[38;2;98;196;242m1[38;2;97;196;242m1[38;2;38;52;87mk[38;2;38;51;87mk  [38;2;107;116;140mz[38;2;37;50;85mh[38;2;28;38;65m*                    [0m
                       [38;2;24;32;55m#[38;2;37;50;85mh[38;2;36;49;84mh[38;2;93;187;233m([38;2;95;194;240m)[38;2;69;128;170mX[38;2;36;49;84mh[38;2;38;52;87mk[38;2;253;253;253m.  [38;2;114;202;242m{[38;2;97;196;242m1[38;2;98;196;242m1[38;2;97;196;242m1[38;2;98;196;242m1[38;2;97;196;242m1[38;2;95;194;240m)[38;2;96;194;241m1[38;2;95;194;240m)[38;2;96;194;241m1[38;2;95;194;240m)[38;2;96;194;241m1[38;2;95;194;240m)[38;2;96;194;241m1[38;2;97;196;242m1[38;2;98;196;242m1[38;2;97;196;242m1[38;2;98;196;242m1[38;2;97;196;242m1[38;2;59;104;144mL[38;2;39;56;93mb[38;2;38;52;87mk[38;2;37;50;85mh[38;2;23;32;55m#                      [0m
                        [38;2;41;54;89mkk[38;2;63;114;155mJ[38;2;41;57;93mb[38;2;41;54;89mk[38;2;147;152;170mt  [38;2;253;253;253m.[38;2;94;191;237m)[38;2;95;192;239m)[38;2;94;191;237m)[38;2;95;192;239m)[38;2;94;191;237m)[38;2;95;192;239m)[38;2;94;191;237m)[38;2;98;196;242m11111111[38;2;94;191;237m)[38;2;95;192;239m)[38;2;94;191;237m)[38;2;95;192;239m)[38;2;91;183;228m|[38;2;36;49;84mh[38;2;35;48;82mh[38;2;17;24;42m&                        [0m
                        [38;2;40;51;86mk[38;2;41;54;89mk[38;2;38;53;89mk[38;2;41;54;89mkk[38;2;46;58;93md [38;2;98;196;242m1[38;2;95;192;239m)[38;2;94;191;237m)[38;2;95;192;239m)[38;2;94;191;237m)[38;2;95;192;239m)[38;2;94;191;237m)[38;2;95;192;239m)[38;2;94;191;237m)[38;2;98;196;242m11111111[38;2;94;191;237m)[38;2;95;192;239m)[38;2;75;145;187mu[38;2;36;49;84mh[38;2;35;48;82mh                           [0m
                      [38;2;26;35;61m*[38;2;36;49;84mh[38;2;41;54;89mk   kk[38;2;63;114;155mJ[38;2;98;196;242m1[38;2;95;192;239m)[38;2;94;191;237m)[38;2;95;192;239m)[38;2;94;191;237m)[38;2;95;192;239m)[38;2;94;191;237m)[38;2;95;192;239m)[38;2;94;191;237m)[38;2;98;196;242m1111111[38;2;93;187;233m([38;2;50;85;123mZ[38;2;36;49;84mh[38;2;35;48;82mh                             [0m
                     [38;2;36;49;84mh[38;2;35;48;82mh[38;2;246;246;248m'      [38;2;41;54;89mkk[38;2;36;49;84mh[38;2;94;191;237m)[38;2;95;192;239m)[38;2;94;191;237m)[38;2;95;192;239m)[38;2;94;191;237m)[38;2;95;192;239m)[38;2;94;191;237m)[38;2;98;196;242m11111[38;2;63;114;155mJ[38;2;41;54;89mkk[38;2;28;38;65m*                               [0m
                      [38;2;38;52;87mk[38;2;38;51;87mk[38;2;41;54;89mk [38;2;253;253;253m. . .[38;2;167;172;187m1[38;2;38;51;87mk[38;2;38;52;87mk[38;2;62;110;151mC[38;2;98;196;242m1[38;2;97;196;242m1[38;2;98;196;242m1[38;2;97;196;242m1[38;2;98;196;242m1[38;2;96;194;241m1[38;2;95;194;240m)[38;2;96;194;241m1[38;2;79;154;197mx[38;2;37;50;85mh[38;2;36;49;84mh                                  [0m
                   [38;2;230;94;95mn[38;2;245;98;98mr   [38;2;25;34;58m#[38;2;37;50;85mh[38;2;41;54;89mk [38;2;253;253;253m. .   [38;2;38;51;87mk[38;2;38;52;87mk[38;2;62;111;151mC[38;2;98;196;242m1[38;2;97;196;242m1[38;2;98;196;242m1[38;2;96;194;241m1[38;2;41;62;98md[38;2;37;50;85mh[38;2;36;49;84mh                                    [0m
                  [38;2;162;65;65mL       [38;2;25;34;58m#[38;2;37;50;85mh[38;2;41;54;89mk [38;2;253;253;253m.   [38;2;80;90;118mQ[38;2;38;52;87mk[38;2;38;51;87mk[38;2;38;52;87mk[38;2;39;56;93mb[38;2;38;52;87mk[38;2;37;50;85mh[38;2;17;24;42m&                                      [0m
                        [38;2;230;94;95mn[38;2;240;96;97mx  [38;2;25;34;58m#[38;2;37;50;85mh[38;2;41;54;89mk[38;2;37;50;85mh[38;2;38;51;87mk[38;2;38;52;87mk                                              [0m
                  [38;2;245;98;98mr   [38;2;205;82;82mz[38;2;245;98;98mr      [38;2;41;54;89mk[38;2;30;40;70mo                                                [0m
               [38;2;197;79;79mX[38;2;245;98;98mr[38;2;136;54;54mZ                                                              [0m
                                                                                [0m
                                                                                [0m
                                                                                [0m
                                                                                [0m
                                                                                [0m
                                                                                [0m
