                                                                                [0m
                                                                                [0m
                                                                                [0m
                                                                                [0m
                                                                                [0m
                                                                                [0m
                                                                                [0m
                                                                                [0m
                           [38;2;75;145;187mu[38;2;98;196;242m1                               [38;2;26;35;61m*[38;2;38;51;87mk[38;2;41;54;89mkk[38;2;36;49;84mh[38;2;35;48;82mh[38;2;36;49;84mh[38;2;35;48;82mh[38;2;36;49;84mh[38;2;35;48;82mh[38;2;36;49;84mh[38;2;28;38;65m*        [0m
                          [38;2;64;119;158mU[38;2;98;196;242m111                        [38;2;35;48;82mh[38;2;36;49;84mh[38;2;41;54;89mkkk[38;2;51;54;87mb[38;2;164;79;94mU[38;2;248;100;100mjjj[38;2;245;98;98mrrrrr[38;2;164;79;94mU[38;2;36;49;84mh[38;2;19;26;45mW        [0m
                                                 [38;2;17;24;42m&[38;2;35;48;82mh[38;2;36;49;84mh[38;2;35;48;82mh[38;2;65;121;162mU[38;2;45;69;107mq[38;2;36;49;84mh[38;2;41;54;89mk[38;2;248;100;100mjjjjjjj[38;2;245;98;98mrrrrr[38;2;65;56;88mp[38;2;36;49;84mh         [0m
                                              [38;2;38;52;87mk[38;2;41;54;89mk[38;2;35;48;82mh[38;2;59;104;144mL[38;2;94;191;237m)[38;2;95;192;239m)[38;2;94;191;237m)[38;2;95;192;239m)[38;2;94;191;237m))[38;2;59;104;144mL[38;2;41;54;89mk[38;2;65;56;88mp[38;2;248;100;100mjjjjj[38;2;245;98;98mrrrrr[38;2;35;48;82mh[38;2;36;49;84mh         [0m
                                            [38;2;30;40;70mo[38;2;36;49;84mh[38;2;37;50;85mh[38;2;95;192;239m)[38;2;98;196;242m1[38;2;97;196;242m1[38;2;98;196;242m1[38;2;97;196;242m1[38;2;98;196;242m1[38;2;97;196;242m1[38;2;98;196;242m1[38;2;97;196;242m1[38;2;95;194;240m)[38;2;88;176;221mt[38;2;36;49;84mh[38;2;37;50;85mh[38;2;236;95;96mx[38;2;248;100;100mj[38;2;245;98;98mr[38;2;248;100;100mjjjjjj[38;2;38;52;87mk[38;2;37;50;85mh         [0m
                                          [38;2;32;45;76ma[38;2;36;49;84mh[38;2;43;66;104mp[38;2;95;194;240m)[38;2;96;194;241m1[38;2;95;194;240m)[38;2;98;196;242m1[38;2;97;196;242m1[38;2;98;196;242m1[38;2;97;196;242m1[38;2;98;196;242m1[38;2;97;196;242m1[38;2;98;196;242m1[38;2;97;196;242m1[38;2;95;194;240m)[38;2;96;194;241m1[38;2;95;194;240m)[38;2;77;150;192mn[38;2;36;49;84mh[38;2;37;50;85mh[38;2;236;95;96mx[38;2;248;100;100mjjjjj[38;2;84;61;89mw[38;2;38;52;87mk          [0m
                                        [38;2;31;43;74mo[38;2;36;49;84mh[38;2;46;73;110mq[38;2;95;194;240m)[38;2;96;194;241m1[38;2;95;194;240m)[38;2;96;194;241m1[38;2;95;194;240m)[38;2;98;196;242m1[38;2;97;196;242m1[38;2;98;196;242m1[38;2;97;196;242m1[38;2;98;196;242m1[38;2;97;196;242m1[38;2;98;196;242m1[38;2;97;196;242m1[38;2;95;194;240m)[38;2;96;194;241m1[38;2;95;194;240m)[38;2;96;194;241m1[38;2;95;194;240m)[38;2;84;165;210mj[38;2;36;49;84mh[38;2;37;50;85mh[38;2;65;56;88mp[38;2;248;100;100mjjj[38;2;38;51;87mk[38;2;38;52;87mk          [0m
                                      [38;2;38;51;87mk[38;2;38;52;87mk[38;2;41;62;98md[38;2;95;194;240m)[38;2;96;194;241m1[38;2;95;194;240m)[38;2;96;194;241m1[38;2;95;194;240m)[38;2;96;194;241m1[38;2;95;194;240m)[38;2;98;196;242m1[38;2;97;196;242m1[38;2;98;196;242m1[38;2;97;196;242m1[38;2;98;196;242m1[38;2;97;196;242m1[38;2;98;196;242m1[38;2;97;196;242m1[38;2;95;194;240m)[38;2;96;194;241m1[38;2;95;194;240m)[38;2;96;194;241m1[38;2;95;194;240m)[38;2;96;194;241m1[38;2;95;194;240m)[38;2;94;191;237m)[38;2;60;108;148mC[38;2;38;52;87mk[38;2;38;51;87mk[38;2;45;53;88mk[38;2;38;51;87mk           [0m
                                     [38;2;36;49;84mh[38;2;35;48;82mh[38;2;95;192;239m)[38;2;98;196;242m11111111[38;2;95;192;239m)[38;2;94;191;237m)[38;2;95;192;239m)[38;2;94;191;237m)[38;2;95;192;239m)[38;2;94;191;237m)[38;2;95;192;239m)[38;2;94;191;237m)[38;2;98;196;242m11111111[38;2;94;191;237m)[38;2;95;192;239m)[38;2;46;74;111mq[38;2;36;49;84mh[38;2;33;44;77ma           [0m
                                   [38;2;36;49;84mh[38;2;35;48;82mh[38;2;93;187;233m([38;2;94;191;237m)[38;2;95;192;239m)[38;2;98;196;242m11111111[38;2;95;192;239m)[38;2;94;191;237m)[38;2;95;192;239m)[38;2;94;191;237m)[38;2;95;192;239m)[38;2;94;191;237m)[38;2;95;192;239m)[38;2;94;191;237m)[38;2;98;196;242m11111111[38;2;94;191;237m)[38;2;95;192;239m)[38;2;35;48;82mh[38;2;36;49;84mh            [0m
                                 [38;2;36;49;84mh[38;2;35;48;82mh[38;2;81;158;202mx[38;2;94;191;237m)[38;2;95;192;239m)[38;2;94;191;237m)[38;2;95;192;239m)[38;2;98;196;242m11111111[38;2;95;192;239m)[38;2;94;191;237m)[38;2;95;192;239m)[38;2;94;191;237m)[38;2;95;192;239m)[38;2;94;191;237m)[38;2;95;192;239m)[38;2;94;191;237m)[38;2;98;196;242m11111111[38;2;93;187;233m([38;2;36;49;84mh[38;2;35;48;82mh             [0m
                      [38;2;33;44;77ma[38;2;35;48;82mh[38;2;41;54;89mkkkkkkkk[38;2;35;48;82mh[38;2;36;49;84mh[38;2;35;48;82mh[38;2;52;88;126mZ[38;2;94;191;237m)[38;2;95;192;239m)[38;2;94;191;237m)[38;2;95;192;239m)[38;2;98;196;242m11111111[38;2;95;192;239m)[38;2;94;191;237m)[38;2;95;192;239m)[38;2;94;191;237m)[38;2;95;192;239m)[38;2;94;191;237m)[38;2;95;192;239m)[38;2;94;191;237m)[38;2;98;196;242m1111111[38;2;41;54;89mk[38;2;35;48;82mh[38;2;30;40;70mo              [0m
                    [38;2;25;34;58m#[38;2;38;52;87mk[38;2;41;54;89mk[38;2;162;167;182m)[38;2;174;179;192m{[38;2;199;202;212m+[38;2;226;227;232ml[38;2;253;253;253m. . . [38;2;97;196;242m1[38;2;98;196;242m1[38;2;97;196;242m1[38;2;98;196;242m1[38;2;97;196;242m1[38;2;98;196;242m1[38;2;97;196;242m1[38;2;95;194;240m)[38;2;96;194;241m1[38;2;95;194;240m)[38;2;96;194;241m1[38;2;95;194;240m)[38;2;96;194;241m1[38;2;95;194;240m)[38;2;96;194;241m1[38;2;97;196;242m1[38;2;98;196;242m1[38;2;97;196;242m1[38;2;98;196;242m1[38;2;97;196;242m1[38;2;98;196;242m1[38;2;97;196;242m1[38;2;98;196;242m1[38;2;96;194;241m1[38;2;95;194;240m)[38;2;96;194;241m1[38;2;95;194;240m)[38;2;96;194;241m1[38;2;94;191;237m)[38;2;37;50;85mh[38;2;36;49;84mh[38;2;30;40;70mo               [0m
                  [38;2;23;31;53m#[38;2;38;52;87mk[38;2;46;62;97md    [38;2;253;253;253m. . .[38;2;245;250;253m^[38;2;95;194;240m)[38;2;98;196;242m1[38;2;97;196;242m1[38;2;98;196;242m1[38;2;97;196;242m1[38;2;98;196;242m1[38;2;97;196;242m1[38;2;98;196;242m1[38;2;97;196;242m1[38;2;95;194;240m)[38;2;96;194;241m1[38;2;95;194;240m)[38;2;96;194;241m1[38;2;95;194;240m)[38;2;96;194;241m1[38;2;95;194;240m)[38;2;96;194;241m1[38;2;97;196;242m1[38;2;98;196;242m1[38;2;97;196;242m1[38;2;98;196;242m1[38;2;97;196;242m1[38;2;98;196;242m1[38;2;97;196;242m1[38;2;98;196;242m1[38;2;96;194;241m1[38;2;95;194;240m)[38;2;96;194;241m1[38;2;95;194;240m)[38;2;37;50;85mh[38;2;36;49;84mh                  [0m
                 [38;2;37;50;85mh[38;2;38;51;87mk[38;2;38;52;87mk[38;2;80;90;118mQ[38;2;238;239;242m:   [38;2;253;253;253m. . [38;2;102;197;241m1[38;2;96;194;241m1[38;2;95;194;240m)[38;2;98;196;242m1[38;2;97;196;242m1[38;2;98;196;242m1[38;2;97;196;242m1[38;2;98;196;242m1[38;2;97;196;242m1[38;2;98;196;242m1[38;2;97;196;242m1[38;2;95;194;240m)[38;2;96;194;241m1[38;2;95;194;240m)[38;2;96;194;241m1[38;2;95;194;240m)[38;2;96;194;241m1[38;2;95;194;240m)[38;2;96;194;241m1[38;2;97;196;242m1[38;2;98;196;242m1[38;2;97;196;242m1[38;2;98;196;242m1[38;2;97;196;242m1[38;2;98;196;242m1[38;2;97;196;242m1[38;2;98;196;242m1[38;2;96;194;241m1[38;2;95;194;240m)[38;2;37;50;85mh[38;2;36;49;84mh[38;2;19;26;45mW                   [0m
                     [38;2;25;34;58m#[38;2;38;51;87mk[38;2;38;52;87mk[38;2;37;50;85mh[38;2;36;49;84mh [38;2;219;239;249m;[38;2;96;194;241m1[38;2;95;194;240m)[38;2;96;194;241m1[38;2;95;194;240m)[38;2;98;196;242m1[38;2;97;196;242m1[38;2;98;196;242m1[38;2;97;196;242m1[38;2;98;196;242m1[38;2;97;196;242m1[38;2;98;196;242m1[38;2;97;196;242m1[38;2;95;194;240m)[38;2;96;194;241m1[38;2;95;194;240m)[38;2;96;194;241m1[38;2;95;194;240m)[38;2;96;194;241m1[38;2;95;194;240m)[38;2;96;194;241m1[38;2;97;196;242m1[38;2;98;196;242m1[38;2;97;196;242m1[38;2;98;196;242m1[38;2;97;196;242m1[38;2;98;196;242m1[38;2;97;196;242m1[38;2;63;114;155mJ[38;2;37;50;85mh[38;2;36;49;84mh                      [0m
                        [38;2;41;54;89mkk[38;2;63;114;155mJ[38;2;98;196;242m11111[38;2;95;192;239m)[38;2;94;191;237m)[38;2;95;192;239m)[38;2;94;191;237m)[38;2;95;192;239m)[38;2;94;191;237m)[38;2;95;192;239m)[38;2;94;191;237m)[38;2;98;196;242m11111111[38;2;94;191;237m)[38;2;95;192;239m)[38;2;94;191;237m)[38;2;95;192;239m)[38;2;94;191;237m)[38;2;90;179;224m/[38;2;35;48;82mh[38;2;36;49;84mh[38;2;41;54;89mk                       [0m
                         [38;2;41;54;89mkkk[38;2;63;114;155mJ[38;2;98;196;242m111[38;2;95;192;239m)[38;2;94;191;237m)[38;2;95;192;239m)[38;2;94;191;237m)[38;2;95;192;239m)[38;2;94;191;237m)[38;2;95;192;239m)[38;2;94;191;237m)[38;2;98;196;242m11111111[38;2;94;191;237m)[38;2;95;192;239m)[38;2;94;191;237m)[38;2;68;134;172mz[38;2;35;48;82mh[38;2;36;49;84mh                          [0m
                       [38;2;36;49;84mh[38;2;41;54;89mk[38;2;62;75;107mm  [38;2;41;54;89mkk[38;2;63;114;155mJ[38;2;98;196;242m1[38;2;95;192;239m)[38;2;94;191;237m)[38;2;95;192;239m)[38;2;94;191;237m)[38;2;95;192;239m)[38;2;94;191;237m)[38;2;95;192;239m)[38;2;94;191;237m)[38;2;98;196;242m11111111[38;2;94;191;237m)[38;2;46;74;111mq[38;2;35;48;82mhh                            [0m
                      [38;2;35;48;82mh[38;2;36;49;84mh[38;2;196;199;209m_     [38;2;41;54;89mkk[38;2;36;49;84mh[38;2;94;191;237m)[38;2;95;192;239m)[38;2;94;191;237m)[38;2;95;192;239m)[38;2;94;191;237m)[38;2;95;192;239m)[38;2;94;191;237m)[38;2;98;196;242m111111[38;2;59;104;144mL[38;2;41;54;89mk[38;2;155;161;178m|[38;2;36;49;84mh[38;2;35;48;82mh                             [0m
                      [38;2;38;52;87mk[38;2;38;51;87mk[38;2;41;54;89mk [38;2;253;253;253m. . .[38;2;167;172;187m1[38;2;38;51;87mk[38;2;38;52;87mk[38;2;62;110;151mC[38;2;98;196;242m1[38;2;97;196;242m1[38;2;98;196;242m1[38;2;97;196;242m1[38;2;98;196;242m1[38;2;96;194;241m1[38;2;95;194;240m)[38;2;96;194;241m1[38;2;95;194;240m)[38;2;75;145;187mu[38;2;36;49;84mh[38;2;213;216;222m>[38;2;253;253;253m. [38;2;38;51;87mk[38;2;38;52;87mk                             [0m
                    [38;2;245;98;98mr   [38;2;25;34;58m#[38;2;37;50;85mh[38;2;41;54;89mk [38;2;253;253;253m. .   [38;2;38;51;87mk[38;2;38;52;87mk[38;2;62;111;151mC[38;2;98;196;242m1[38;2;97;196;242m1[38;2;98;196;242m1[38;2;96;194;241m1[38;2;95;194;240m)[38;2;41;62;98md[38;2;36;49;84mh[38;2;253;253;253m.. . [38;2;38;51;87mk[38;2;24;32;55m#                             [0m
                          [38;2;25;34;58m#[38;2;37;50;85mh[38;2;41;54;89mk [38;2;253;253;253m.    [38;2;111;120;144mc[38;2;38;51;87mkk[38;2;62;111;151mC[38;2;41;62;98md[38;2;37;50;85mh[38;2;53;65;98mp [38;2;253;253;253m. . .[38;2;155;161;178m|[38;2;38;51;87mk                              [0m
                   [38;2;245;98;98mr[38;2;136;54;54mZ   [38;2;230;94;95mn[38;2;240;96;97mx  [38;2;25;34;58m#[38;2;37;50;85mh[38;2;41;54;89mk[38;2;231;233;236m;[38;2;107;116;140mz[38;2;38;52;87mk[38;2;38;51;87mk[38;2;22;29;51mM  [38;2;37;50;85mh  [38;2;36;49;84mh[38;2;192;196;207m-[38;2;253;253;253m. . [38;2;213;216;222m>[38;2;38;52;87mk[38;2;38;51;87mk                              [0m
                  [38;2;245;98;98mr    [38;2;178;71;71mJ      [38;2;41;54;89mkk[38;2;35;48;82mh        [38;2;38;52;87mk[38;2;41;54;89mk   kk[38;2;36;49;84mh                               [0m
               [38;2;151;60;60m0[38;2;245;98;98mr[38;2;136;54;54mZ                        [38;2;41;54;89mkkkk                                  [0m
                                                                                [0m
                                                                                [0m
                                                                                [0m
                                                                                [0m
                                                                                [0m
                                                                                [0m
