                                                                                [0m
                                                                                [0m
                                                                                [0m
                                                                                [0m
                                                                                [0m
                                                                                [0m
                                                                                [0m
                                                             [38;2;23;32;55m#[38;2;34;46;79ma[38;2;36;49;84mh[38;2;38;52;87mk[38;2;38;51;87mk[38;2;38;52;87mk[38;2;38;51;87mk[38;2;38;52;87mk[38;2;38;51;87mk[38;2;23;31;53m#         [0m
                                                       [38;2;34;46;79ma[38;2;41;54;89mkkkkkk[38;2;45;53;88mk[38;2;84;61;89mw[38;2;113;67;90mO[38;2;180;83;94mX[38;2;240;96;97mx[38;2;245;98;98mr[38;2;151;76;93mC[38;2;35;48;82mh[38;2;17;24;42m&         [0m
                                                  [38;2;31;43;74mo[38;2;36;49;84mh[38;2;35;48;82mh[38;2;36;49;84mh[38;2;35;48;82mh[38;2;230;94;95mn[38;2;248;100;100mjjjjjjjj[38;2;245;98;98mrrrr[38;2;65;56;88mp[38;2;35;48;82mh          [0m
                                              [38;2;33;47;78ma[38;2;41;54;89mk[38;2;35;48;82mh[38;2;36;49;84mh[38;2;84;165;210mj[38;2;95;192;239m)[38;2;94;191;237m)[38;2;95;192;239m)[38;2;35;48;82mh[38;2;36;49;84mh[38;2;41;54;89mk[38;2;248;100;100mjjjjjjj[38;2;245;98;98mrrrr[38;2;36;49;84mh[38;2;35;48;82mh          [0m
                                            [38;2;41;54;89mkk[38;2;74;141;183mv[38;2;98;196;242m1[38;2;94;191;237m)[38;2;95;192;239m)[38;2;94;191;237m)[38;2;95;192;239m)[38;2;94;191;237m)[38;2;95;192;239m)[38;2;94;191;237m)[38;2;90;179;224m/[38;2;46;74;111mq[38;2;41;54;89mk[38;2;84;61;89mw[38;2;248;100;100mjjjjj[38;2;245;98;98mrrrr[38;2;36;49;84mh[38;2;35;48;82mh          [0m
                                          [38;2;36;49;84mhh[38;2;50;85;123mZ[38;2;95;194;240m)[38;2;96;194;241m1[38;2;95;194;240m)[38;2;98;196;242m1[38;2;97;196;242m1[38;2;98;196;242m1[38;2;97;196;242m1[38;2;98;196;242m1[38;2;97;196;242m1[38;2;98;196;242m1[38;2;97;196;242m1[38;2;95;194;240m)[38;2;82;163;206mj[38;2;36;49;84mh[38;2;37;50;85mh[38;2;240;96;97mx[38;2;248;100;100mj[38;2;245;98;98mr[38;2;248;100;100mjjjj[38;2;138;73;92mL[38;2;38;51;87mk[38;2;23;31;53m#          [0m
                                        [38;2;37;50;85mh[38;2;36;49;84mh[38;2;60;108;148mC[38;2;95;194;240m)[38;2;96;194;241m1[38;2;95;194;240m)[38;2;96;194;241m1[38;2;95;194;240m)[38;2;98;196;242m1[38;2;97;196;242m1[38;2;98;196;242m1[38;2;97;196;242m1[38;2;98;196;242m1[38;2;97;196;242m1[38;2;98;196;242m1[38;2;97;196;242m1[38;2;95;194;240m)[38;2;96;194;241m1[38;2;95;194;240m)[38;2;79;154;197mx[38;2;36;49;84mh[38;2;37;50;85mh[38;2;224;93;97mn[38;2;248;100;100mjjjj[38;2;38;52;87mk[38;2;38;51;87mk           [0m
                                      [38;2;38;51;87mk[38;2;38;52;87mk[38;2;56;97;136mQ[38;2;95;194;240m)[38;2;96;194;241m1[38;2;95;194;240m)[38;2;96;194;241m1[38;2;95;194;240m)[38;2;96;194;241m1[38;2;60;108;148mC[38;2;43;64;101md[38;2;38;51;87mk[38;2;38;52;87mk[38;2;38;51;87mk[38;2;52;88;126mZ[38;2;96;194;241m1[38;2;98;196;242m1[38;2;97;196;242m1[38;2;95;194;240m)[38;2;96;194;241m1[38;2;95;194;240m)[38;2;96;194;241m1[38;2;95;194;240m)[38;2;90;179;224m/[38;2;36;49;84mh[38;2;37;50;85mh[38;2;38;51;87mk[38;2;248;100;100mj[38;2;101;65;90mZ[38;2;38;52;87mk[38;2;22;29;51mM           [0m
                                    [38;2;38;51;87mk[38;2;38;52;87mk[38;2;93;187;233m([38;2;98;196;242m1[38;2;96;194;241m1[38;2;95;194;240m)[38;2;96;194;241m1[38;2;95;194;240m))[38;2;36;49;84mh[38;2;37;50;85mh[38;2;170;175;189m}[38;2;253;253;253m.   [38;2;226;227;232ml[38;2;38;51;87mk[38;2;38;52;87mk[38;2;85;170;214mf[38;2;95;194;240m)[38;2;96;194;241m1[38;2;95;194;240m)[38;2;96;194;241m1[38;2;95;194;240m)[38;2;96;194;241m1[38;2;95;194;240m)[38;2;96;194;241m1[38;2;82;163;206mj[38;2;38;52;87mk[38;2;38;51;87mkk            [0m
                                   [38;2;36;49;84mh[38;2;37;50;85mh[38;2;95;192;239m)[38;2;94;191;237m)[38;2;95;192;239m)[38;2;98;196;242m1111[38;2;41;54;89mkk  [38;2;253;253;253m.[38;2;250;251;252m^[38;2;253;253;253m.[38;2;250;251;252m^[38;2;253;253;253m.[38;2;250;251;252m^[38;2;37;50;85mh[38;2;35;48;82mh[38;2;52;88;126mZ[38;2;98;196;242m1111111[38;2;94;191;237m)[38;2;37;50;87mh[38;2;35;48;82mh             [0m
                                 [38;2;36;49;84mh[38;2;35;48;82mh[38;2;94;191;237m))[38;2;95;192;239m)[38;2;94;191;237m)[38;2;95;192;239m)[38;2;98;196;242m111[38;2;91;183;228m|[38;2;41;54;89mk[38;2;162;167;182m)  [38;2;253;253;253m.[38;2;250;251;252m^[38;2;253;253;253m.[38;2;250;251;252m^[38;2;253;253;253m.[38;2;250;251;252m^^[38;2;35;48;82mh[38;2;41;54;89mk[38;2;98;196;242m111111[38;2;91;183;228m|[38;2;38;53;89mk[38;2;36;49;84mh              [0m
               [38;2;22;29;51mM[38;2;36;49;84mh[38;2;35;48;82mh[38;2;36;49;84mh[38;2;35;48;82mh[38;2;36;49;84mh[38;2;35;48;82mh[38;2;36;49;84mh[38;2;35;48;82mh[38;2;41;54;89mkkkkkkkk[38;2;35;48;82mh[38;2;85;170;214mf[38;2;94;191;237m)[38;2;95;192;239m)[38;2;94;191;237m)[38;2;95;192;239m)[38;2;94;191;237m)[38;2;95;192;239m)[38;2;98;196;242m1111[38;2;41;54;89mkk  [38;2;253;253;253m.[38;2;250;251;252m^[38;2;253;253;253m.[38;2;250;251;252m^[38;2;253;253;253m.[38;2;250;251;252m^[38;2;74;85;115m0[38;2;35;48;82mh[38;2;43;64;101md[38;2;98;196;242m11111[38;2;79;154;197mx[38;2;41;54;89mk[38;2;35;48;82mh               [0m
             [38;2;28;38;65m*[38;2;41;54;89mk[38;2;46;62;97md[38;2;199;202;212m+[38;2;250;251;252m^[38;2;253;253;253m.[38;2;250;251;252m^[38;2;253;253;253m.[38;2;250;251;252m^[38;2;253;253;253m.[38;2;250;251;252m^     [38;2;41;54;89mkk[38;2;98;196;242m1[38;2;94;191;237m)[38;2;95;192;239m)[38;2;94;191;237m)[38;2;95;192;239m)[38;2;94;191;237m)[38;2;95;192;239m)[38;2;94;191;237m)[38;2;95;192;239m)[38;2;98;196;242m11111[38;2;41;54;89mkk[38;2;88;98;125mC[38;2;196;199;209m_[38;2;250;251;252m^[38;2;253;253;253m.[38;2;250;251;252m^[38;2;133;141;160mr[38;2;35;48;82mh[38;2;36;49;84mh[38;2;93;187;233m([38;2;98;196;242m11111[38;2;41;57;93mb[38;2;41;54;89mk                 [0m
            [38;2;36;49;84mh[38;2;37;50;85mh[38;2;127;135;156mn          [38;2;253;253;253m. [38;2;213;216;222m>[38;2;37;50;85mhh[38;2;96;194;241m1[38;2;95;194;240m)[38;2;98;196;242m1[38;2;97;196;242m1[38;2;98;196;242m1[38;2;97;196;242m1[38;2;98;196;242m1[38;2;97;196;242m1[38;2;98;196;242m1[38;2;97;196;242m1[38;2;95;194;240m)[38;2;96;194;241m1[38;2;95;194;240m)[38;2;96;194;241m1[38;2;95;194;240m)[38;2;96;194;241m1[38;2;85;170;214mf[38;2;37;50;85mh[38;2;38;51;87mk[38;2;38;52;87mk[38;2;38;51;87mk[38;2;38;52;87mk[38;2;38;51;87mk[38;2;74;141;183mv[38;2;97;196;242m1[38;2;98;196;242m1[38;2;96;194;241m1[38;2;95;194;240m)[38;2;96;194;241m1[38;2;91;183;228m|[38;2;37;50;85mh[38;2;36;49;84mh                  [0m
              [38;2;17;24;42m&[38;2;37;50;85mh[38;2;38;51;87mk[38;2;38;52;87mk[38;2;38;51;87mk[38;2;46;62;97md[38;2;187;191;203m?    [38;2;253;253;253m.[38;2;38;51;87mk[38;2;36;49;84mh[38;2;91;183;228m|[38;2;95;194;240m)[38;2;96;194;241m1[38;2;95;194;240m)[38;2;98;196;242m1[38;2;97;196;242m1[38;2;98;196;242m1[38;2;97;196;242m1[38;2;98;196;242m1[38;2;97;196;242m1[38;2;98;196;242m1[38;2;97;196;242m1[38;2;95;194;240m)[38;2;96;194;241m1[38;2;95;194;240m)[38;2;96;194;241m1[38;2;95;194;240m)[38;2;96;194;241m1[38;2;95;194;240m)[38;2;96;194;241m1[38;2;97;196;242m1[38;2;98;196;242m1[38;2;97;196;242m1[38;2;98;196;242m1[38;2;97;196;242m1[38;2;98;196;242m1[38;2;97;196;242m1[38;2;98;196;242m1[38;2;96;194;241m1[38;2;93;187;233m([38;2;37;50;85mh[38;2;36;49;84mh                    [0m
                     [38;2;38;51;87mk [38;2;204;207;216m~[38;2;155;161;178m|[38;2;36;49;84mh[38;2;54;94;133m0[38;2;95;194;240m)[38;2;96;194;241m1[38;2;95;194;240m)[38;2;96;194;241m1[38;2;95;194;240m)[38;2;98;196;242m1[38;2;97;196;242m1[38;2;98;196;242m1[38;2;97;196;242m1[38;2;98;196;242m1[38;2;97;196;242m1[38;2;98;196;242m1[38;2;97;196;242m1[38;2;95;194;240m)[38;2;96;194;241m1[38;2;95;194;240m)[38;2;96;194;241m1[38;2;95;194;240m)[38;2;96;194;241m1[38;2;95;194;240m)[38;2;96;194;241m1[38;2;97;196;242m1[38;2;98;196;242m1[38;2;97;196;242m1[38;2;98;196;242m1[38;2;97;196;242m1[38;2;98;196;242m1[38;2;97;196;242m1[38;2;51;84;122mZ[38;2;37;50;85mh[38;2;36;49;84mh                      [0m
                       [38;2;38;52;87mk[38;2;37;50;85mh[38;2;95;192;239m)[38;2;96;194;241m1[38;2;95;194;240m)[38;2;96;194;241m1[38;2;95;194;240m)[38;2;96;194;241m1[38;2;95;194;240m)[38;2;98;196;242m1[38;2;97;196;242m1[38;2;98;196;242m1[38;2;97;196;242m1[38;2;98;196;242m1[38;2;97;196;242m1[38;2;98;196;242m1[38;2;97;196;242m1[38;2;95;194;240m)[38;2;96;194;241m1[38;2;95;194;240m)[38;2;96;194;241m1[38;2;95;194;240m)[38;2;96;194;241m1[38;2;95;194;240m)[38;2;96;194;241m1[38;2;97;196;242m1[38;2;98;196;242m1[38;2;97;196;242m1[38;2;98;196;242m1[38;2;97;196;242m1[38;2;41;62;98md[38;2;38;51;87mk[38;2;34;46;79ma                        [0m
                        [38;2;41;54;89mk[38;2;38;52;87mk[38;2;41;54;89mk[38;2;98;196;242m11111[38;2;95;192;239m)[38;2;94;191;237m)[38;2;95;192;239m)[38;2;94;191;237m)[38;2;95;192;239m)[38;2;94;191;237m)[38;2;95;192;239m)[38;2;94;191;237m)[38;2;98;196;242m11111111[38;2;94;191;237m)[38;2;95;192;239m)[38;2;94;191;237m)[38;2;64;119;158mU[38;2;35;48;82mh[38;2;36;49;84mh                          [0m
                       [38;2;36;49;84mh[38;2;41;54;89mk[38;2;238;239;242m:[38;2;41;54;89mkk[38;2;63;114;155mJ[38;2;98;196;242m111[38;2;95;192;239m)[38;2;94;191;237m)[38;2;95;192;239m)[38;2;94;191;237m)[38;2;95;192;239m)[38;2;94;191;237m)[38;2;95;192;239m)[38;2;94;191;237m)[38;2;98;196;242m11111111[38;2;94;191;237m)[38;2;43;66;104mp[38;2;35;48;82mh[38;2;34;46;79ma                            [0m
                     [38;2;30;40;70mo[38;2;35;48;82mh[38;2;174;179;192m{    [38;2;41;54;89mkk[38;2;63;114;155mJ[38;2;98;196;242m1[38;2;95;192;239m)[38;2;94;191;237m)[38;2;95;192;239m)[38;2;94;191;237m)[38;2;95;192;239m)[38;2;94;191;237m)[38;2;95;192;239m)[38;2;94;191;237m)[38;2;98;196;242m111111[38;2;62;110;151mC[38;2;41;54;89mk[38;2;35;48;82mh[38;2;36;49;84mh                              [0m
                     [38;2;36;49;84mh[38;2;37;50;85mh[38;2;253;253;253m.      [38;2;41;54;89mkk[38;2;36;49;84mh[38;2;94;191;237m)[38;2;95;192;239m)[38;2;94;191;237m)[38;2;95;192;239m)[38;2;94;191;237m)[38;2;95;192;239m)[38;2;94;191;237m)[38;2;98;196;242m1111[38;2;38;53;89mk[38;2;46;58;93md  [38;2;42;51;80mk[38;2;36;49;84mh                              [0m
                      [38;2;38;52;87mk[38;2;38;51;87mk[38;2;38;52;87mk [38;2;253;253;253m. . .[38;2;167;172;187m1[38;2;38;51;87mk[38;2;38;52;87mk[38;2;62;110;151mC[38;2;98;196;242m1[38;2;97;196;242m1[38;2;98;196;242m1[38;2;97;196;242m1[38;2;98;196;242m1[38;2;96;194;241m1[38;2;95;194;240m)[38;2;43;66;104mp[38;2;36;49;84mh[38;2;238;239;242m:[38;2;253;253;253m. .[38;2;46;58;93md[38;2;38;51;87mk                              [0m
                   [38;2;230;94;95mn[38;2;245;98;98mr   [38;2;23;32;55m#[38;2;37;50;85mh[38;2;38;52;87mk [38;2;253;253;253m. .   [38;2;38;51;87mkk[38;2;62;111;151mC[38;2;98;196;242m1[38;2;97;196;242m1[38;2;45;69;107mq[38;2;37;50;85mh[38;2;53;65;98mp [38;2;253;253;253m. . .[38;2;59;71;103mw[38;2;38;51;87mk                              [0m
                 [38;2;205;82;82mz[38;2;248;100;100mj       [38;2;23;32;55m#[38;2;37;50;85mh[38;2;38;52;87mk [38;2;253;253;253m. [38;2;192;196;207m-[38;2;38;52;87mk[38;2;38;51;87mk[38;2;34;46;79ma[38;2;38;51;87mk[38;2;38;52;87mk[38;2;38;51;87mk[38;2;242;243;246m, [38;2;253;253;253m. . . .[38;2;68;79;110mZ[38;2;38;51;87mk                              [0m
               [38;2;151;60;60m0[38;2;248;100;100mj       [38;2;215;86;86mv   [38;2;23;32;55m#[38;2;37;50;85mh[38;2;36;49;84mh[38;2;37;50;85mh[38;2;33;44;77ma       [38;2;42;51;80mk[38;2;68;79;110mZ [38;2;253;253;253m. . .[38;2;74;85;115m0[38;2;38;51;87mk                              [0m
                      [38;2;205;82;82mz[38;2;245;98;98mr                [38;2;22;29;51mM[38;2;41;54;89mk[38;2;220;223;229m!     [38;2;74;85;115m0[38;2;35;48;82mh                              [0m
               [38;2;190;76;76mY[38;2;245;98;98mr[38;2;136;54;54mZ  [38;2;151;60;60m0[38;2;245;98;98mr                   [38;2;38;52;87mk[38;2;41;54;89mk    [38;2;246;246;248m'[38;2;38;52;87mk[38;2;35;48;82mh                              [0m
              [38;2;248;100;100mj                           [38;2;41;54;89mkk [38;2;238;239;242m:[38;2;41;54;89mkk[38;2;31;43;74mo                               [0m
                                           [38;2;41;54;89mkkk                                  [0m
                                            [38;2;36;49;84mh                                   [0m
                                                                                [0m
                                                                                [0m
                                                                                [0m
