                                                                                [0m
                                                                                [0m
                                                                                [0m
                                                                                [0m
                                                                                [0m
                                                                                [0m
                                                                                [0m
                                                              [38;2;23;31;53m#[38;2;33;44;77ma[38;2;37;50;85mh[38;2;38;51;87mk[38;2;38;52;87mk[38;2;38;51;87mk[38;2;38;52;87mk[38;2;38;51;87mk[38;2;33;44;77ma         [0m
                                                       [38;2;19;26;45mW[38;2;35;48;82mh[38;2;41;54;89mkkkkkkk[38;2;47;52;85mk[38;2;84;61;89mw[38;2;138;73;92mL[38;2;205;88;96mc[38;2;245;98;98mr[38;2;35;48;82mh[38;2;31;43;74mo         [0m
                                                   [38;2;36;49;84mh[38;2;35;48;82mh[38;2;36;49;84mh[38;2;35;48;82mh[38;2;111;67;90mO[38;2;205;88;96mc[38;2;248;100;100mjjjjjjj[38;2;245;98;98mrrrr[38;2;167;79;93mU[38;2;35;48;82mh[38;2;22;29;51mM         [0m
                                               [38;2;41;54;89mk[38;2;35;48;82mh[38;2;36;49;84mh[38;2;54;94;133m0[38;2;95;192;239m)[38;2;94;191;237m)[38;2;95;192;239m)[38;2;36;49;84mhh[38;2;41;54;89mk[38;2;248;100;100mjjjjjjj[38;2;245;98;98mrrrr[38;2;57;54;87md[38;2;35;48;82mh          [0m
                                            [38;2;41;54;89mkk[38;2;45;69;107mq[38;2;98;196;242m1[38;2;94;191;237m)[38;2;95;192;239m)[38;2;94;191;237m)[38;2;95;192;239m)[38;2;94;191;237m)[38;2;95;192;239m)[38;2;94;191;237m)[38;2;91;183;228m|[38;2;48;78;116mw[38;2;41;54;89mk[38;2;76;59;88mq[38;2;248;100;100mjjjjj[38;2;245;98;98mrrrr[38;2;36;49;84mh[38;2;35;48;82mh          [0m
                                          [38;2;23;31;53m#[38;2;36;49;84mh[38;2;37;50;85mh[38;2;95;192;239m)[38;2;96;194;241m1[38;2;95;194;240m)[38;2;98;196;242m1[38;2;97;196;242m1[38;2;98;196;242m1[38;2;97;196;242m1[38;2;98;196;242m1[38;2;97;196;242m1[38;2;98;196;242m1[38;2;97;196;242m1[38;2;95;194;240m)[38;2;85;170;214mf[38;2;36;49;84mh[38;2;37;50;85mh[38;2;240;96;97mx[38;2;248;100;100mj[38;2;245;98;98mr[38;2;248;100;100mjjjjj[38;2;38;51;87mk[38;2;36;49;83mh          [0m
                                        [38;2;26;35;61m*[38;2;36;49;84mh[38;2;38;53;89mk[38;2;95;194;240m)[38;2;96;194;241m1[38;2;95;194;240m)[38;2;96;194;241m1[38;2;95;194;240m)[38;2;98;196;242m1[38;2;97;196;242m1[38;2;98;196;242m1[38;2;97;196;242m1[38;2;98;196;242m1[38;2;97;196;242m1[38;2;98;196;242m1[38;2;97;196;242m1[38;2;95;194;240m)[38;2;96;194;241m1[38;2;95;194;240m)[38;2;79;154;197mx[38;2;36;49;84mh[38;2;37;50;85mh[38;2;224;93;97mn[38;2;248;100;100mjjjj[38;2;45;53;88mk[38;2;38;51;87mk           [0m
                                      [38;2;38;51;87mk[38;2;38;52;87mk[38;2;38;51;87mk[38;2;95;194;240m)[38;2;96;194;241m1[38;2;95;194;240m)[38;2;96;194;241m1[38;2;95;194;240m)[38;2;96;194;241m1[38;2;95;194;240m)[38;2;98;196;242m1[38;2;97;196;242m1[38;2;98;196;242m1[38;2;97;196;242m1[38;2;98;196;242m1[38;2;97;196;242m1[38;2;98;196;242m1[38;2;97;196;242m1[38;2;95;194;240m)[38;2;96;194;241m1[38;2;95;194;240m)[38;2;96;194;241m1[38;2;95;194;240m)[38;2;90;179;224m/[38;2;36;49;84mh[38;2;37;50;85mh[38;2;38;51;87mk[38;2;248;100;100mj[38;2;230;94;95mn[38;2;38;52;87mk[38;2;35;48;82mh           [0m
                                    [38;2;37;50;85mh[38;2;38;52;87mk[38;2;65;121;162mU[38;2;98;196;242m1[38;2;96;194;241m1[38;2;95;194;240m)[38;2;96;194;241m1[38;2;95;194;240m)[38;2;96;194;241m1[38;2;95;194;240m)[38;2;96;194;241m1[38;2;95;194;240m)[38;2;98;196;242m1[38;2;97;196;242m1[38;2;98;196;242m1[38;2;97;196;242m1[38;2;98;196;242m1[38;2;97;196;242m1[38;2;98;196;242m1[38;2;97;196;242m1[38;2;95;194;240m)[38;2;96;194;241m1[38;2;95;194;240m)[38;2;96;194;241m1[38;2;95;194;240m)[38;2;96;194;241m1[38;2;95;194;240m)[38;2;96;194;241m1[38;2;81;158;202mx[38;2;38;52;87mk[38;2;38;51;87mk[38;2;38;52;87mk            [0m
                                   [38;2;36;49;84mh[38;2;35;48;82mh[38;2;91;183;228m|[38;2;94;191;237m)[38;2;95;192;239m)[38;2;98;196;242m11111111[38;2;95;192;239m)[38;2;94;191;237m)[38;2;95;192;239m)[38;2;93;187;233m([38;2;59;104;144mL[38;2;39;56;93mbb[38;2;57;100;140mQ[38;2;77;150;192mn[38;2;98;196;242m1111111[38;2;94;191;237m)[38;2;60;108;148mC[38;2;35;48;82mh             [0m
                                 [38;2;36;49;84mh[38;2;35;48;82mh[38;2;77;150;192mn[38;2;94;191;237m)[38;2;95;192;239m)[38;2;94;191;237m)[38;2;95;192;239m)[38;2;98;196;242m11111111[38;2;95;192;239m)[38;2;43;66;104mp[38;2;36;49;84mh[38;2;41;54;89mk[38;2;238;239;242m:[38;2;250;251;252m^[38;2;253;253;253m.[38;2;238;239;242m:[38;2;155;161;178m|[38;2;41;54;89mkk[38;2;91;183;228m|[38;2;98;196;242m1111[38;2;63;114;155mJ[38;2;36;49;84mh[38;2;17;24;42m&             [0m
                               [38;2;41;54;89mk[38;2;35;48;82mh[38;2;52;88;126mZ[38;2;94;191;237m)[38;2;95;192;239m)[38;2;94;191;237m)[38;2;95;192;239m)[38;2;94;191;237m)[38;2;95;192;239m)[38;2;98;196;242m1111111[38;2;88;176;221mt[38;2;36;49;84mh[38;2;35;48;82mh[38;2;253;253;253m.[38;2;250;251;252m^[38;2;253;253;253m.[38;2;250;251;252m^[38;2;253;253;253m.[38;2;250;251;252m^  [38;2;138;146;166mj[38;2;41;54;89mk[38;2;84;165;210mj[38;2;98;196;242m11[38;2;41;54;89mk[38;2;35;48;82mh               [0m
                       [38;2;26;35;61m*[38;2;33;47;78ma[38;2;41;54;89mkkkkkkk[38;2;35;48;82mh[38;2;36;49;84mh[38;2;35;48;82mh[38;2;71;134;175mz[38;2;94;191;237m)[38;2;95;192;239m)[38;2;94;191;237m)[38;2;95;192;239m)[38;2;98;196;242m1111111[38;2;51;84;122mZ[38;2;36;49;84mh[38;2;88;98;125mC[38;2;253;253;253m.[38;2;250;251;252m^[38;2;253;253;253m.[38;2;250;251;252m^[38;2;253;253;253m.[38;2;250;251;252m^   [38;2;41;54;89mk[38;2;46;74;111mq[38;2;60;108;148mC[38;2;41;54;89mk[38;2;31;43;74mo                [0m
                     [38;2;24;32;55m#[38;2;38;51;87mk[38;2;38;52;87mk[38;2;107;116;140mz[38;2;155;161;178m|[38;2;196;199;209m_[38;2;231;233;236m; [38;2;253;253;253m. .[38;2;219;239;249m;[38;2;97;196;242m1[38;2;98;196;242m1[38;2;97;196;242m1[38;2;98;196;242m1[38;2;97;196;242m1[38;2;98;196;242m1[38;2;97;196;242m1[38;2;95;194;240m)[38;2;96;194;241m1[38;2;95;194;240m)[38;2;96;194;241m1[38;2;95;194;240m)[38;2;96;194;241m1[38;2;95;194;240m)[38;2;75;145;187mu[38;2;38;51;87mk[38;2;38;52;87mk       [38;2;253;253;253m.[38;2;196;199;209m_[38;2;36;49;84mh[38;2;38;52;87mk[38;2;36;49;84mh                  [0m
                   [38;2;19;26;45mW[38;2;38;51;87mk[38;2;46;58;93md   [38;2;253;253;253m. . .[38;2;184;228;249mi[38;2;95;194;240m)[38;2;98;196;242m1[38;2;97;196;242m1[38;2;98;196;242m1[38;2;97;196;242m1[38;2;98;196;242m1[38;2;97;196;242m1[38;2;98;196;242m1[38;2;97;196;242m1[38;2;95;194;240m)[38;2;96;194;241m1[38;2;95;194;240m)[38;2;96;194;241m1[38;2;95;194;240m)[38;2;96;194;241m1[38;2;95;194;240m)[38;2;96;194;241m1[38;2;97;196;242m1[38;2;38;52;87mk[38;2;38;51;87mk[38;2;150;156;173m/    [38;2;250;251;252m^[38;2;38;52;87mk[38;2;39;56;93mb[38;2;36;49;84mh[38;2;28;38;65m*                   [0m
                  [38;2;38;51;87mk[38;2;38;52;87mk[38;2;41;54;89mk[38;2;192;196;207m-   [38;2;253;253;253m. . [38;2;95;194;240m)[38;2;96;194;241m1[38;2;95;194;240m)[38;2;98;196;242m1[38;2;97;196;242m1[38;2;98;196;242m1[38;2;97;196;242m1[38;2;98;196;242m1[38;2;97;196;242m1[38;2;98;196;242m1[38;2;97;196;242m1[38;2;95;194;240m)[38;2;96;194;241m1[38;2;95;194;240m)[38;2;96;194;241m1[38;2;95;194;240m)[38;2;96;194;241m1[38;2;95;194;240m)[38;2;96;194;241m1[38;2;97;196;242m1[38;2;98;196;242m1[38;2;97;196;242m1[38;2;64;119;158mU[38;2;38;51;87mk[38;2;38;52;87mk[38;2;38;51;87mk[38;2;38;53;89mkk[38;2;36;49;84mh[38;2;30;40;70mo                     [0m
                      [38;2;38;51;87mk[38;2;38;52;87mk[38;2;37;50;85mh[38;2;36;49;84mh [38;2;140;211;244m?[38;2;96;194;241m1[38;2;95;194;240m)[38;2;96;194;241m1[38;2;95;194;240m)[38;2;98;196;242m1[38;2;97;196;242m1[38;2;98;196;242m1[38;2;97;196;242m1[38;2;98;196;242m1[38;2;97;196;242m1[38;2;98;196;242m1[38;2;97;196;242m1[38;2;95;194;240m)[38;2;96;194;241m1[38;2;95;194;240m)[38;2;96;194;241m1[38;2;95;194;240m)[38;2;96;194;241m1[38;2;95;194;240m)[38;2;96;194;241m1[38;2;97;196;242m1[38;2;98;196;242m1[38;2;97;196;242m1[38;2;98;196;242m1[38;2;97;196;242m1[38;2;69;128;170mX[38;2;38;51;87mk[38;2;38;52;87mk[38;2;25;34;58m#                       [0m
                        [38;2;41;54;89mk[38;2;38;52;87mk[38;2;41;54;89mk[38;2;98;196;242m11111[38;2;95;192;239m)[38;2;94;191;237m)[38;2;95;192;239m)[38;2;94;191;237m)[38;2;95;192;239m)[38;2;94;191;237m)[38;2;95;192;239m)[38;2;94;191;237m)[38;2;98;196;242m11111111[38;2;94;191;237m)[38;2;95;192;239m)[38;2;94;191;237m)[38;2;91;183;228m|[38;2;35;48;82mh[38;2;36;49;84mh[38;2;17;24;42m&                         [0m
                       [38;2;36;49;84mh[38;2;41;54;89mk[38;2;133;141;160mr[38;2;41;54;89mkk[38;2;60;108;148mC[38;2;98;196;242m111[38;2;95;192;239m)[38;2;94;191;237m)[38;2;95;192;239m)[38;2;94;191;237m)[38;2;95;192;239m)[38;2;94;191;237m)[38;2;95;192;239m)[38;2;94;191;237m)[38;2;98;196;242m11111111[38;2;94;191;237m)[38;2;74;141;183mv[38;2;35;48;82mh[38;2;36;49;84mh                            [0m
                      [38;2;35;48;82mh[38;2;62;75;107mm[38;2;250;251;252m^   [38;2;41;54;89mkk[38;2;60;108;148mC[38;2;98;196;242m1[38;2;95;192;239m)[38;2;94;191;237m)[38;2;95;192;239m)[38;2;94;191;237m)[38;2;95;192;239m)[38;2;94;191;237m)[38;2;95;192;239m)[38;2;94;191;237m)[38;2;98;196;242m111111[38;2;91;183;228m|[38;2;41;54;89mk[38;2;35;48;82mh[38;2;36;49;84mh                              [0m
                     [38;2;36;49;84mhh[38;2;253;253;253m.      [38;2;41;54;89mkk[38;2;36;49;84mh[38;2;94;191;237m)[38;2;95;192;239m)[38;2;94;191;237m)[38;2;95;192;239m)[38;2;94;191;237m)[38;2;95;192;239m)[38;2;94;191;237m)[38;2;98;196;242m1111[38;2;56;97;136mQ[38;2;46;62;97md [38;2;59;71;103mw[38;2;35;48;82mh[38;2;26;35;61m*                              [0m
                      [38;2;38;52;87mk[38;2;38;51;87mk[38;2;37;50;85mh [38;2;253;253;253m. . .[38;2;174;179;192m{[38;2;38;51;87mk[38;2;38;52;87mk[38;2;59;104;144mL[38;2;98;196;242m1[38;2;97;196;242m1[38;2;98;196;242m1[38;2;97;196;242m1[38;2;98;196;242m1[38;2;96;194;241m1[38;2;95;194;240m)[38;2;74;141;183mv[38;2;36;49;84mh[38;2;226;227;232ml[38;2;253;253;253m. [38;2;36;49;84mh[38;2;38;52;87mk                               [0m
                     [38;2;205;82;82mz[38;2;248;100;100mj [38;2;23;31;53m#[38;2;37;50;85mhh [38;2;253;253;253m. .   [38;2;38;51;87mk[38;2;38;52;87mk[38;2;59;104;144mL[38;2;98;196;242m1[38;2;97;196;242m1[38;2;75;145;187mu[38;2;39;56;93mb[38;2;36;49;84mh[38;2;253;253;253m.. .[38;2;133;141;160mr[38;2;36;49;84mh[38;2;38;51;87mk                               [0m
                        [38;2;151;60;60m0 [38;2;23;31;53m#[38;2;37;50;85mhh [38;2;253;253;253m. .[38;2;46;58;93md[38;2;38;51;87mk[38;2;38;52;87mk[38;2;36;49;84mh[38;2;38;52;87mk[38;2;38;51;87mk[38;2;59;71;103mw[38;2;93;104;130mJ[38;2;253;253;253m. .[38;2;204;207;216m~[38;2;36;49;84mh[38;2;37;50;85mh                                 [0m
                            [38;2;23;31;53m#[38;2;37;50;85mh[38;2;36;49;84mh[38;2;37;50;85mh[38;2;38;51;87mk       [38;2;36;49;84mhh[38;2;88;98;125mC[38;2;36;49;84mh[38;2;37;50;85mh                                   [0m
              [38;2;248;100;100mj                          [38;2;37;50;85mh[38;2;41;54;89mk                                     [0m
            [38;2;248;100;100mj                                                                   [0m
          [38;2;248;100;100mj        [38;2;245;98;98mr                                                            [0m
                                                                                [0m
                                                                                [0m
                                                                                [0m
                                                                                [0m
                                                                                [0m
