                                                                                [0m
                                                                                [0m
                                                                                [0m
                                                                                [0m
                                                   [38;2;57;116;144mJ[38;2;93;187;233m(                           [0m
                                                    [38;2;81;158;202mx                           [0m
                                                                                [0m
                                                                   [38;2;17;24;42m&[38;2;26;35;61m*[38;2;30;40;70moo         [0m
                                                          [38;2;23;31;53m#[38;2;38;52;87mk[38;2;41;54;89mkkkk[38;2;36;49;84mh[38;2;35;48;82mh[38;2;36;49;84mh[38;2;35;48;82mh[38;2;36;49;84mh[38;2;35;48;82mh[38;2;36;49;84mh         [0m
                                                    [38;2;23;31;53m#[38;2;35;48;82mhh[38;2;36;49;84mh[38;2;41;54;89mkk[38;2;138;73;92mL[38;2;248;100;100mjjjjj[38;2;245;98;98mrrrrr[38;2;35;48;82mh[38;2;36;49;84mh         [0m
                                                [38;2;17;23;40m&[38;2;36;49;84mh[38;2;35;48;82mh[38;2;36;49;84mh[38;2;81;158;202mx[38;2;95;192;239m)[38;2;43;66;104mp[38;2;36;49;84mh[38;2;41;54;89mk[38;2;248;100;100mjjjjjjj[38;2;245;98;98mrrrrr[38;2;35;48;82mh[38;2;36;49;84mh         [0m
                                             [38;2;34;46;79ma[38;2;41;54;89mkk[38;2;52;88;126mZ[38;2;95;192;239m)[38;2;94;191;237m)[38;2;95;192;239m)[38;2;94;191;237m)[38;2;95;192;239m)[38;2;94;191;237m))[38;2;56;97;136mQ[38;2;41;54;89mk[38;2;65;56;88mp[38;2;248;100;100mjjjjj[38;2;245;98;98mrrrr[38;2;240;96;97mx[38;2;35;48;82mh[38;2;31;43;74mo         [0m
                                            [38;2;37;50;85mh[38;2;36;49;84mh[38;2;91;183;228m|[38;2;95;194;240m)[38;2;98;196;242m1[38;2;97;196;242m1[38;2;98;196;242m1[38;2;97;196;242m1[38;2;98;196;242m1[38;2;97;196;242m1[38;2;98;196;242m1[38;2;97;196;242m1[38;2;95;194;240m)[38;2;90;179;224m/[38;2;36;49;84mh[38;2;37;50;85mh[38;2;236;95;96mx[38;2;248;100;100mj[38;2;245;98;98mr[38;2;248;100;100mjjjjj[38;2;84;61;89mw[38;2;38;52;87mk          [0m
                                         [38;2;17;24;42m&[38;2;37;50;85mh[38;2;36;49;84mh[38;2;95;194;240m))[38;2;96;194;241m1[38;2;95;194;240m)[38;2;98;196;242m1[38;2;97;196;242m1[38;2;98;196;242m1[38;2;97;196;242m1[38;2;98;196;242m1[38;2;97;196;242m1[38;2;98;196;242m1[38;2;97;196;242m1[38;2;95;194;240m)[38;2;96;194;241m1[38;2;95;194;240m)[38;2;81;158;202mx[38;2;36;49;84mh[38;2;37;50;85mh[38;2;224;93;97mn[38;2;248;100;100mjjjjj[38;2;38;51;87mk[38;2;38;52;87mk          [0m
                                       [38;2;38;52;87mk[38;2;37;50;85mh[38;2;36;49;84mh[38;2;96;194;241m1[38;2;95;194;240m)[38;2;96;194;241m1[38;2;95;194;240m)[38;2;96;194;241m1[38;2;95;194;240m)[38;2;98;196;242m1[38;2;97;196;242m1[38;2;98;196;242m1[38;2;97;196;242m1[38;2;98;196;242m1[38;2;97;196;242m1[38;2;98;196;242m1[38;2;97;196;242m1[38;2;95;194;240m)[38;2;96;194;241m1[38;2;95;194;240m)[38;2;96;194;241m1[38;2;95;194;240m)[38;2;90;179;224m/[38;2;36;49;84mh[38;2;37;50;85mh[38;2;45;52;86mk[38;2;248;100;100mjj[38;2;84;61;89mw[38;2;38;51;87mk           [0m
                                     [38;2;36;49;84mh[38;2;38;51;87mk[38;2;59;104;144mL[38;2;95;194;240m))[38;2;96;194;241m1[38;2;95;194;240m)[38;2;96;194;241m1[38;2;95;194;240m)[38;2;96;194;241m1[38;2;95;194;240m)[38;2;98;196;242m1[38;2;97;196;242m1[38;2;98;196;242m1[38;2;97;196;242m1[38;2;98;196;242m1[38;2;97;196;242m1[38;2;98;196;242m1[38;2;97;196;242m1[38;2;95;194;240m)[38;2;96;194;241m1[38;2;95;194;240m)[38;2;96;194;241m1[38;2;95;194;240m)[38;2;96;194;241m1[38;2;95;194;240m)[38;2;96;194;241m1[38;2;73;137;179mc[38;2;38;52;87mk[38;2;38;51;87mk[38;2;38;52;87mk[38;2;37;50;85mh           [0m
                                    [38;2;35;48;82mh[38;2;36;49;84mh[38;2;90;179;224m/[38;2;95;192;239m)[38;2;98;196;242m11111111[38;2;95;192;239m)[38;2;94;191;237m)[38;2;95;192;239m)[38;2;94;191;237m)[38;2;95;192;239m)[38;2;94;191;237m)[38;2;95;192;239m)[38;2;94;191;237m)[38;2;98;196;242m11111111[38;2;94;191;237m)[38;2;95;192;239m)[38;2;36;49;84mhh            [0m
                                  [38;2;35;48;82mh[38;2;36;49;84mh[38;2;71;134;175mz[38;2;95;192;239m)[38;2;94;191;237m)[38;2;95;192;239m)[38;2;98;196;242m11111111[38;2;95;192;239m)[38;2;94;191;237m)[38;2;95;192;239m)[38;2;94;191;237m)[38;2;95;192;239m)[38;2;94;191;237m)[38;2;95;192;239m)[38;2;94;191;237m)[38;2;98;196;242m11111111[38;2;94;191;237m)[38;2;48;78;116mw[38;2;35;48;82mh             [0m
                               [38;2;30;40;70mo[38;2;35;48;82mhh[38;2;48;78;116mw[38;2;95;192;239m)[38;2;94;191;237m)[38;2;95;192;239m)[38;2;94;191;237m)[38;2;95;192;239m)[38;2;98;196;242m11111111[38;2;95;192;239m)[38;2;94;191;237m)[38;2;95;192;239m)[38;2;94;191;237m)[38;2;95;192;239m)[38;2;94;191;237m)[38;2;95;192;239m)[38;2;94;191;237m)[38;2;98;196;242m1111111[38;2;94;191;237m)[38;2;41;59;97mb[38;2;36;49;84mh              [0m
                             [38;2;38;52;87mk[38;2;41;54;89mkk[38;2;35;48;82mh[38;2;95;192;239m)[38;2;94;191;237m)[38;2;95;192;239m)[38;2;94;191;237m)[38;2;95;192;239m)[38;2;94;191;237m)[38;2;95;192;239m)[38;2;98;196;242m11111111[38;2;95;192;239m)[38;2;94;191;237m)[38;2;95;192;239m)[38;2;94;191;237m)[38;2;95;192;239m)[38;2;94;191;237m)[38;2;95;192;239m)[38;2;94;191;237m)[38;2;98;196;242m111111[38;2;62;110;151mC[38;2;41;54;89mk[38;2;35;48;82mh               [0m
                            [38;2;37;50;85mh[38;2;36;49;84mh[38;2;37;50;85mh[38;2;93;187;233m([38;2;98;196;242m1[38;2;97;196;242m1[38;2;98;196;242m1[38;2;97;196;242m1[38;2;98;196;242m1[38;2;97;196;242m1[38;2;98;196;242m1[38;2;97;196;242m1[38;2;95;194;240m)[38;2;96;194;241m1[38;2;95;194;240m)[38;2;96;194;241m1[38;2;95;194;240m)[38;2;96;194;241m1[38;2;95;194;240m)[38;2;96;194;241m1[38;2;97;196;242m1[38;2;98;196;242m1[38;2;97;196;242m1[38;2;98;196;242m1[38;2;97;196;242m1[38;2;98;196;242m1[38;2;97;196;242m1[38;2;98;196;242m1[38;2;96;194;241m1[38;2;95;194;240m)[38;2;96;194;241m1[38;2;95;194;240m)[38;2;96;194;241m1[38;2;41;59;97mb[38;2;37;50;85mh                 [0m
                          [38;2;37;50;85mh[38;2;36;49;84mh[38;2;37;50;85mh[38;2;62;111;151mC[38;2;96;194;241m1[38;2;95;194;240m)[38;2;98;196;242m1[38;2;97;196;242m1[38;2;98;196;242m1[38;2;97;196;242m1[38;2;98;196;242m1[38;2;97;196;242m1[38;2;98;196;242m1[38;2;97;196;242m1[38;2;95;194;240m)[38;2;96;194;241m1[38;2;95;194;240m)[38;2;96;194;241m1[38;2;95;194;240m)[38;2;96;194;241m1[38;2;95;194;240m)[38;2;96;194;241m1[38;2;97;196;242m1[38;2;98;196;242m1[38;2;97;196;242m1[38;2;98;196;242m1[38;2;97;196;242m1[38;2;98;196;242m1[38;2;97;196;242m1[38;2;98;196;242m1[38;2;96;194;241m1[38;2;95;194;240m)[38;2;96;194;241m1[38;2;46;74;111mq[38;2;37;50;85mh[38;2;31;43;74mo                  [0m
                        [38;2;35;48;82mh[38;2;36;49;84mh[38;2;37;50;85mh[38;2;36;49;84mh[38;2;96;194;241m1[38;2;95;194;240m)[38;2;96;194;241m1[38;2;95;194;240m)[38;2;98;196;242m1[38;2;97;196;242m1[38;2;98;196;242m1[38;2;97;196;242m1[38;2;98;196;242m1[38;2;97;196;242m1[38;2;98;196;242m1[38;2;97;196;242m1[38;2;95;194;240m)[38;2;96;194;241m1[38;2;95;194;240m)[38;2;96;194;241m1[38;2;95;194;240m)[38;2;96;194;241m1[38;2;95;194;240m)[38;2;96;194;241m1[38;2;97;196;242m1[38;2;98;196;242m1[38;2;97;196;242m1[38;2;98;196;242m1[38;2;97;196;242m1[38;2;98;196;242m1[38;2;97;196;242m1[38;2;98;196;242m1[38;2;96;194;241m1[38;2;46;74;111mq[38;2;37;50;85mh[38;2;34;46;79ma                    [0m
                        [38;2;36;49;84mhh[38;2;85;170;214mf[38;2;95;194;240m)[38;2;96;194;241m1[38;2;95;194;240m)[38;2;96;194;241m1[38;2;95;194;240m)[38;2;98;196;242m1[38;2;97;196;242m1[38;2;98;196;242m1[38;2;97;196;242m1[38;2;98;196;242m1[38;2;97;196;242m1[38;2;98;196;242m1[38;2;97;196;242m1[38;2;95;194;240m)[38;2;96;194;241m1[38;2;95;194;240m)[38;2;96;194;241m1[38;2;95;194;240m)[38;2;96;194;241m1[38;2;95;194;240m)[38;2;96;194;241m1[38;2;97;196;242m1[38;2;98;196;242m1[38;2;97;196;242m1[38;2;98;196;242m1[38;2;97;196;242m1[38;2;98;196;242m1[38;2;84;165;210mj[38;2;38;52;87mk[38;2;37;50;85mh[38;2;31;43;74mo                      [0m
                        [38;2;41;54;89mkk[38;2;57;100;140mQ[38;2;98;196;242m11111[38;2;95;192;239m)[38;2;94;191;237m)[38;2;95;192;239m)[38;2;94;191;237m)[38;2;95;192;239m)[38;2;94;191;237m)[38;2;95;192;239m)[38;2;94;191;237m)[38;2;98;196;242m11111[38;2;91;183;228m|[38;2;98;196;242m11[38;2;94;191;237m)[38;2;95;192;239m)[38;2;94;191;237m)[38;2;95;192;239m)[38;2;94;191;237m)[38;2;36;49;84mh[38;2;35;48;82mh[38;2;28;38;65m*                        [0m
                        [38;2;31;43;74mo[38;2;41;54;89mkkk[38;2;57;100;140mQ[38;2;98;196;242m111[38;2;95;192;239m)[38;2;94;191;237m)[38;2;95;192;239m)[38;2;94;191;237m)[38;2;95;192;239m)[38;2;94;191;237m)[38;2;95;192;239m)[38;2;94;191;237m)[38;2;98;196;242m111[38;2;184;228;249mi[38;2;41;54;89mkk[38;2;98;196;242m11[38;2;94;191;237m)[38;2;95;192;239m)[38;2;87;173;218mt[38;2;36;49;84mh[38;2;35;48;82mh                           [0m
                       [38;2;36;49;84mh[38;2;41;54;89mk   [38;2;46;58;93md[38;2;41;54;89mk[38;2;57;100;140mQ[38;2;98;196;242m1[38;2;95;192;239m)[38;2;94;191;237m)[38;2;95;192;239m)[38;2;94;191;237m)[38;2;95;192;239m)[38;2;94;191;237m)[38;2;95;192;239m)[38;2;94;191;237m)[38;2;98;196;242m1[38;2;159;218;247m+  [38;2;41;54;89mk[38;2;45;69;107mq[38;2;98;196;242m11[38;2;65;121;162mU[38;2;36;49;84mh[38;2;35;48;82mh                             [0m
                     [38;2;34;46;79ma[38;2;35;48;82mh[38;2;220;223;229m!      [38;2;46;58;93md[38;2;41;54;89mk[38;2;36;49;84mh[38;2;93;187;233m([38;2;95;192;239m)[38;2;94;191;237m)[38;2;95;192;239m)[38;2;94;191;237m)[38;2;95;192;239m)[38;2;245;250;253m^   [38;2;204;207;216m~[38;2;41;54;89mk[38;2;67;123;164mY[38;2;41;54;89mkk[38;2;33;44;77ma                               [0m
                      [38;2;38;52;87mk[38;2;38;51;87mk[38;2;36;49;84mh [38;2;253;253;253m. . .[38;2;187;191;203m?[38;2;41;54;89mk[38;2;38;52;87mk[38;2;56;97;136mQ[38;2;98;196;242m1[38;2;97;196;242m1[38;2;128;207;244m[   [38;2;253;253;253m. [38;2;74;85;115m0[38;2;37;50;85mh[38;2;36;49;84mh[38;2;23;31;53m#                                 [0m
                   [38;2;230;94;95mn[38;2;245;98;98mr   [38;2;20;27;47mW[38;2;37;50;85mh[38;2;36;49;84mh [38;2;253;253;253m. .   [38;2;41;54;89mk[38;2;38;52;87mk[38;2;46;73;110mq[38;2;59;71;103mw   [38;2;253;253;253m.[38;2;37;50;85mh[38;2;36;49;84mh                                    [0m
                  [38;2;162;65;65mL       [38;2;20;27;47mW[38;2;37;50;85mh[38;2;36;49;84mh [38;2;253;253;253m.   [38;2;133;141;160mr[38;2;38;52;87mk[38;2;37;50;85mh[38;2;38;52;87mk[38;2;93;104;130mJ[38;2;170;175;189m}[38;2;37;50;85mh[38;2;36;49;84mh                                      [0m
                        [38;2;230;94;95mn[38;2;240;96;97mx  [38;2;20;27;47mW[38;2;37;50;85mh[38;2;36;49;84mh[38;2;37;50;85mh[38;2;38;51;87mk[38;2;38;52;87mk[38;2;25;34;58m#   [38;2;38;51;87mk[38;2;38;52;87mk[38;2;23;31;53m#                                       [0m
                  [38;2;245;98;98mr   [38;2;205;82;82mz[38;2;245;98;98mr      [38;2;41;54;89mk[38;2;36;49;83mh                                                [0m
               [38;2;197;79;79mX[38;2;245;98;98mr[38;2;136;54;54mZ                                                              [0m
                                                                                [0m
                                                                                [0m
                                                                                [0m
                                                                                [0m
                                                                                [0m
                                                                                [0m
