                                                                                [0m
                                                                                [0m
                                                                                [0m
                                                                                [0m
                                                                                [0m
                                                                                [0m
                                                                                [0m
                                                                     [38;2;19;26;45mW[38;2;22;29;51mM         [0m
                                                           [38;2;32;45;76ma[38;2;41;54;89mkkkk[38;2;36;49;84mh[38;2;35;48;82mh[38;2;36;49;84mh[38;2;35;48;82mh[38;2;36;49;84mh[38;2;35;48;82mh[38;2;36;49;84mh         [0m
                                                     [38;2;35;48;82mhh[38;2;36;49;84mh[38;2;41;54;89mkk[38;2;65;56;88mp[38;2;224;93;97mn[38;2;248;100;100mjjjj[38;2;245;98;98mrrrrr[38;2;51;54;87mb[38;2;36;49;84mh         [0m
                                                 [38;2;36;49;84mh[38;2;35;48;82mh[38;2;36;49;84mh[38;2;62;111;151mC[38;2;95;192;239m)[38;2;45;69;107mq[38;2;36;49;84mh[38;2;41;54;89mk[38;2;248;100;100mjjjjjjj[38;2;245;98;98mrrrrr[38;2;35;48;82mh[38;2;36;49;84mh         [0m
                                             [38;2;22;29;51mM[38;2;41;54;89mkk[38;2;38;53;89mk[38;2;94;191;237m))[38;2;95;192;239m)[38;2;94;191;237m)[38;2;95;192;239m)[38;2;94;191;237m))[38;2;59;104;144mL[38;2;41;54;89mk[38;2;65;56;88mp[38;2;248;100;100mjjjjj[38;2;245;98;98mrrrrr[38;2;35;48;82mhh         [0m
                                            [38;2;37;50;85mh[38;2;36;49;84mh[38;2;73;137;179mc[38;2;95;194;240m)[38;2;98;196;242m1[38;2;97;196;242m1[38;2;98;196;242m1[38;2;97;196;242m1[38;2;98;196;242m1[38;2;97;196;242m1[38;2;98;196;242m1[38;2;97;196;242m1[38;2;95;194;240m)[38;2;91;183;228m|[38;2;36;49;84mh[38;2;37;50;85mh[38;2;230;94;95mn[38;2;248;100;100mj[38;2;245;98;98mr[38;2;248;100;100mjjjjj[38;2;151;76;93mC[38;2;38;52;87mk[38;2;24;32;55m#         [0m
                                          [38;2;37;50;85mh[38;2;36;49;84mh[38;2;87;173;218mt[38;2;95;194;240m)[38;2;96;194;241m1[38;2;95;194;240m)[38;2;98;196;242m1[38;2;97;196;242m1[38;2;98;196;242m1[38;2;97;196;242m1[38;2;98;196;242m1[38;2;97;196;242m1[38;2;98;196;242m1[38;2;97;196;242m1[38;2;95;194;240m)[38;2;96;194;241m1[38;2;95;194;240m)[38;2;82;163;206mj[38;2;36;49;84mh[38;2;37;50;85mh[38;2;224;93;97mn[38;2;248;100;100mjjjjj[38;2;38;51;87mk[38;2;38;52;87mk          [0m
                                       [38;2;31;43;74mo[38;2;37;50;85mh[38;2;36;49;84mh[38;2;90;179;224m/[38;2;95;194;240m)[38;2;96;194;241m1[38;2;95;194;240m)[38;2;96;194;241m1[38;2;95;194;240m)[38;2;98;196;242m1[38;2;97;196;242m1[38;2;98;196;242m1[38;2;97;196;242m1[38;2;98;196;242m1[38;2;97;196;242m1[38;2;98;196;242m1[38;2;97;196;242m1[38;2;95;194;240m)[38;2;96;194;241m1[38;2;95;194;240m)[38;2;96;194;241m1[38;2;95;194;240m)[38;2;90;179;224m/[38;2;36;49;84mh[38;2;37;50;85mh[38;2;45;52;86mk[38;2;248;100;100mjj[38;2;164;79;94mU[38;2;38;51;87mk[38;2;28;38;65m*          [0m
                                     [38;2;26;35;61m*[38;2;38;51;87mk[38;2;43;64;101md[38;2;85;170;214mf[38;2;95;194;240m)[38;2;96;194;241m1[38;2;95;194;240m)[38;2;96;194;241m1[38;2;95;194;240m)[38;2;96;194;241m1[38;2;95;194;240m)[38;2;98;196;242m1[38;2;97;196;242m1[38;2;98;196;242m1[38;2;97;196;242m1[38;2;98;196;242m1[38;2;97;196;242m1[38;2;98;196;242m1[38;2;97;196;242m1[38;2;95;194;240m)[38;2;96;194;241m1[38;2;95;194;240m)[38;2;96;194;241m1[38;2;95;194;240m)[38;2;96;194;241m1[38;2;95;194;240m))[38;2;71;137;178mc[38;2;38;52;87mk[38;2;38;51;87mk[38;2;38;52;87mk[38;2;38;51;87mk           [0m
                                    [38;2;35;48;82mh[38;2;36;49;84mh[38;2;71;137;178mc[38;2;95;192;239m)[38;2;98;196;242m11111111[38;2;95;192;239m)[38;2;94;191;237m)[38;2;95;192;239m)[38;2;94;191;237m)[38;2;95;192;239m)[38;2;94;191;237m)[38;2;95;192;239m)[38;2;94;191;237m)[38;2;98;196;242m11111111[38;2;94;191;237m)[38;2;95;192;239m)[38;2;41;62;98md[38;2;36;49;84mh            [0m
                                  [38;2;28;38;65m*[38;2;36;49;84mh[38;2;48;78;116mw[38;2;95;192;239m)[38;2;94;191;237m)[38;2;95;192;239m)[38;2;98;196;242m11111111[38;2;95;192;239m)[38;2;94;191;237m)[38;2;95;192;239m)[38;2;94;191;237m)[38;2;95;192;239m)[38;2;94;191;237m)[38;2;95;192;239m)[38;2;94;191;237m)[38;2;98;196;242m11111111[38;2;94;191;237m)[38;2;69;128;170mX[38;2;35;48;82mh[38;2;17;24;42m&            [0m
                           [38;2;25;34;58m#[38;2;33;47;78ma[38;2;41;54;89mkkk[38;2;35;48;82mhh[38;2;36;49;84mh[38;2;95;192;239m)[38;2;94;191;237m)[38;2;95;192;239m)[38;2;94;191;237m)[38;2;95;192;239m)[38;2;98;196;242m11111111[38;2;95;192;239m)[38;2;94;191;237m)[38;2;95;192;239m)[38;2;94;191;237m)[38;2;95;192;239m)[38;2;94;191;237m)[38;2;95;192;239m)[38;2;94;191;237m)[38;2;98;196;242m11111111[38;2;57;100;140mQ[38;2;36;49;84mh[38;2;17;23;40m&             [0m
                     [38;2;35;48;82mh[38;2;36;49;84mh[38;2;74;85;115m0[38;2;119;127;148mv[38;2;170;175;189m}[38;2;226;227;232ml   [38;2;88;98;125mC[38;2;41;54;89mk[38;2;35;48;82mh[38;2;93;187;233m([38;2;94;191;237m)[38;2;95;192;239m)[38;2;94;191;237m)[38;2;95;192;239m)[38;2;94;191;237m)[38;2;95;192;239m)[38;2;98;196;242m11111111[38;2;95;192;239m)[38;2;94;191;237m)[38;2;95;192;239m)[38;2;94;191;237m)[38;2;95;192;239m)[38;2;94;191;237m)[38;2;95;192;239m)[38;2;94;191;237m)[38;2;98;196;242m111111[38;2;84;165;210mj[38;2;41;54;89mk[38;2;35;48;82mh               [0m
                    [38;2;38;51;87mk[38;2;41;54;89mk   [38;2;253;253;253m. . [38;2;46;58;93md[38;2;37;50;85mh[38;2;77;150;192mn[38;2;98;196;242m1[38;2;97;196;242m1[38;2;98;196;242m1[38;2;97;196;242m1[38;2;98;196;242m1[38;2;97;196;242m1[38;2;98;196;242m1[38;2;97;196;242m1[38;2;95;194;240m)[38;2;96;194;241m1[38;2;95;194;240m)[38;2;96;194;241m1[38;2;95;194;240m)[38;2;96;194;241m1[38;2;95;194;240m)[38;2;96;194;241m1[38;2;97;196;242m1[38;2;98;196;242m1[38;2;97;196;242m1[38;2;98;196;242m1[38;2;97;196;242m1[38;2;98;196;242m1[38;2;97;196;242m1[38;2;98;196;242m1[38;2;96;194;241m1[38;2;95;194;240m)[38;2;96;194;241m1[38;2;95;194;240m)[38;2;96;194;241m1[38;2;57;100;140mQ[38;2;37;50;85mh[38;2;30;40;70mo                [0m
                  [38;2;38;51;87mk[38;2;38;52;87mk     [38;2;253;253;253m. [38;2;178;183;196m][38;2;37;50;85mh[38;2;43;64;101md[38;2;96;194;241m1[38;2;95;194;240m)[38;2;98;196;242m1[38;2;97;196;242m1[38;2;98;196;242m1[38;2;97;196;242m1[38;2;98;196;242m1[38;2;97;196;242m1[38;2;98;196;242m1[38;2;97;196;242m1[38;2;95;194;240m)[38;2;96;194;241m1[38;2;95;194;240m)[38;2;96;194;241m1[38;2;95;194;240m)[38;2;96;194;241m1[38;2;95;194;240m)[38;2;96;194;241m1[38;2;97;196;242m1[38;2;98;196;242m1[38;2;97;196;242m1[38;2;98;196;242m1[38;2;97;196;242m1[38;2;98;196;242m1[38;2;97;196;242m1[38;2;98;196;242m1[38;2;96;194;241m1[38;2;95;194;240m)[38;2;96;194;241m1[38;2;69;128;170mX[38;2;37;50;85mh[38;2;36;49;84mh                  [0m
                   [38;2;31;43;74mo[38;2;38;51;87mk[38;2;38;52;87mk[38;2;38;51;87mk[38;2;62;75;107mm[38;2;199;202;212m+[38;2;253;253;253m.[38;2;37;50;85mh[38;2;36;49;84mh[38;2;95;194;240m))[38;2;96;194;241m1[38;2;95;194;240m)[38;2;98;196;242m1[38;2;97;196;242m1[38;2;98;196;242m1[38;2;97;196;242m1[38;2;98;196;242m1[38;2;97;196;242m1[38;2;98;196;242m1[38;2;97;196;242m1[38;2;95;194;240m)[38;2;96;194;241m1[38;2;95;194;240m)[38;2;96;194;241m1[38;2;95;194;240m)[38;2;96;194;241m1[38;2;95;194;240m)[38;2;96;194;241m1[38;2;97;196;242m1[38;2;98;196;242m1[38;2;97;196;242m1[38;2;98;196;242m1[38;2;97;196;242m1[38;2;98;196;242m1[38;2;97;196;242m1[38;2;98;196;242m1[38;2;96;194;241m1[38;2;69;128;170mX[38;2;37;50;85mh[38;2;36;49;84mh                    [0m
                        [38;2;32;45;76ma[38;2;36;49;84mh[38;2;64;119;158mU[38;2;95;194;240m)[38;2;96;194;241m1[38;2;95;194;240m)[38;2;96;194;241m1[38;2;95;194;240m)[38;2;98;196;242m1[38;2;97;196;242m1[38;2;98;196;242m1[38;2;97;196;242m1[38;2;98;196;242m1[38;2;97;196;242m1[38;2;98;196;242m1[38;2;97;196;242m1[38;2;95;194;240m)[38;2;96;194;241m1[38;2;95;194;240m)[38;2;96;194;241m1[38;2;95;194;240m)[38;2;96;194;241m1[38;2;95;194;240m)[38;2;96;194;241m1[38;2;97;196;242m1[38;2;98;196;242m1[38;2;97;196;242m1[38;2;98;196;242m1[38;2;97;196;242m1[38;2;98;196;242m1[38;2;95;192;239m)[38;2;38;52;87mk[38;2;37;50;85mh[38;2;36;49;84mh                      [0m
                        [38;2;41;54;89mkk[38;2;57;100;140mQ[38;2;98;196;242m11111[38;2;95;192;239m)[38;2;94;191;237m)[38;2;95;192;239m)[38;2;94;191;237m)[38;2;95;192;239m)[38;2;94;191;237m)[38;2;95;192;239m)[38;2;94;191;237m)[38;2;98;196;242m11111111[38;2;94;191;237m)[38;2;95;192;239m)[38;2;94;191;237m)[38;2;95;192;239m)[38;2;94;191;237m)[38;2;45;69;107mq[38;2;35;48;82mhh                        [0m
                         [38;2;41;54;89mkkk[38;2;56;97;136mQ[38;2;98;196;242m111[38;2;95;192;239m)[38;2;94;191;237m)[38;2;95;192;239m)[38;2;94;191;237m)[38;2;95;192;239m)[38;2;94;191;237m)[38;2;95;192;239m)[38;2;94;191;237m)[38;2;98;196;242m11111111[38;2;94;191;237m)[38;2;95;192;239m)[38;2;94;191;237m)[38;2;36;49;84mh[38;2;35;48;82mh[38;2;26;35;61m*                          [0m
                       [38;2;36;49;84mh[38;2;41;54;89mk[38;2;220;223;229m!  [38;2;46;58;93md[38;2;41;54;89mk[38;2;56;97;136mQ[38;2;98;196;242m1[38;2;95;192;239m)[38;2;94;191;237m)[38;2;95;192;239m)[38;2;94;191;237m)[38;2;95;192;239m)[38;2;94;191;237m)[38;2;95;192;239m)[38;2;94;191;237m)[38;2;98;196;242m111111[38;2;159;218;247m+[38;2;41;54;89mk[38;2;35;48;82mh[38;2;36;49;84mh[38;2;35;48;82mh                             [0m
                     [38;2;23;32;55m#[38;2;35;48;82mh[38;2;150;156;173m/      [38;2;46;58;93md[38;2;41;54;89mk[38;2;36;49;84mh[38;2;93;187;233m([38;2;95;192;239m)[38;2;94;191;237m)[38;2;95;192;239m)[38;2;94;191;237m)[38;2;95;192;239m)[38;2;94;191;237m)[38;2;98;196;242m1111[38;2;208;237;250mI  [38;2;41;54;89mk[38;2;35;48;82mh                               [0m
                      [38;2;38;52;87mk[38;2;38;51;87mk[38;2;36;49;84mh [38;2;253;253;253m. . .[38;2;187;191;203m?[38;2;41;54;89mk[38;2;38;52;87mk[38;2;56;96;135m0[38;2;98;196;242m1[38;2;97;196;242m1[38;2;98;196;242m1[38;2;97;196;242m1[38;2;98;196;242m1[38;2;96;194;241m1[38;2;95;194;240m)[38;2;114;202;242m{[38;2;253;253;253m. . [38;2;36;49;84mh[38;2;38;52;87mk                               [0m
                      [38;2;245;98;98mr [38;2;20;27;47mW[38;2;37;50;85mh[38;2;36;49;84mh [38;2;253;253;253m. .   [38;2;41;54;89mk[38;2;38;52;87mk[38;2;56;96;135m0[38;2;98;196;242m1[38;2;97;196;242m1[38;2;98;196;242m1[38;2;140;211;244m?[38;2;253;253;253m. . . [38;2;36;49;84mh[38;2;38;52;87mk                               [0m
                 [38;2;162;65;65mL        [38;2;20;27;47mW[38;2;37;50;85mh[38;2;36;49;84mh [38;2;253;253;253m.   [38;2;213;216;222m>[38;2;38;52;87mk[38;2;38;51;87mkk[38;2;51;84;122mZ  [38;2;253;253;253m. . .[38;2;226;227;232ml[38;2;36;49;84mh[38;2;38;52;87mk                               [0m
               [38;2;245;98;98mr[38;2;248;100;100mj           [38;2;20;27;47mW[38;2;37;50;85mh[38;2;36;49;84mh[38;2;73;84;113mO[38;2;38;51;87mk[38;2;38;52;87mk[38;2;35;48;82mh   [38;2;20;27;47mW[38;2;38;52;87mk[38;2;37;50;85mh[38;2;196;199;209m_ [38;2;253;253;253m. .[38;2;155;161;178m|[38;2;36;49;84mh[38;2;38;52;87mk                               [0m
              [38;2;248;100;100mj               [38;2;41;54;89mkk[38;2;23;32;55m#       [38;2;41;54;89mkk   [38;2;168;173;188m1[38;2;41;54;89mkk                                [0m
            [38;2;248;100;100mj       [38;2;151;60;60m0[38;2;245;98;98mr                   [38;2;41;54;89mk[38;2;62;75;107mm[38;2;178;183;196m][38;2;41;54;89mkk                                  [0m
              [38;2;248;100;100mj    [38;2;245;98;98mr                      [38;2;41;54;89mkk                                    [0m
                                                                                [0m
                                                                                [0m
                                                                                [0m
                                                                                [0m
                                                                                [0m
