                                                                                [0m
                                                                                [0m
                                                                                [0m
                                                                                [0m
                                                                                [0m
                                                                                [0m
                                                                                [0m
                                                                  [38;2;28;38;65m*[38;2;34;46;79ma[38;2;37;50;85mhh[38;2;35;48;82mh         [0m
                                                         [38;2;20;27;47mW[38;2;38;52;87mk[38;2;41;54;89mkkkkk[38;2;36;49;84mh[38;2;35;48;82mh[38;2;36;49;84mh[38;2;35;48;82mh[38;2;47;52;85mk[38;2;35;48;82mh[38;2;36;49;84mh         [0m
                                                    [38;2;35;48;82mh[38;2;36;49;84mh[38;2;35;48;82mh[38;2;36;49;84mh[38;2;41;54;89mk[38;2;101;65;90mZ[38;2;248;100;100mjjjjjj[38;2;245;98;98mrrrrr[38;2;35;48;82mh[38;2;36;49;84mh         [0m
                                               [38;2;20;27;47mW[38;2;34;46;79ma[38;2;36;49;84mh[38;2;35;48;82mh[38;2;54;94;133m0[38;2;94;191;237m)[38;2;95;192;239m)[38;2;39;56;93mb[38;2;36;49;84mh[38;2;41;54;89mk[38;2;248;100;100mjjjjjjj[38;2;245;98;98mrrrrr[38;2;35;48;82mh[38;2;33;44;77ma         [0m
                                             [38;2;41;54;89mkk[38;2;52;88;126mZ[38;2;87;173;218mt[38;2;95;192;239m)[38;2;94;191;237m)[38;2;95;192;239m)[38;2;94;191;237m)[38;2;95;192;239m)[38;2;94;191;237m)[38;2;93;187;233m([38;2;51;84;122mZ[38;2;41;54;89mk[38;2;76;59;88mq[38;2;248;100;100mjjjjj[38;2;245;98;98mrrrr[38;2;95;63;89mm[38;2;35;48;82mh          [0m
                                           [38;2;34;46;79ma[38;2;37;50;85mh[38;2;46;74;111mq[38;2;37;50;85mh[38;2;36;49;84mh[38;2;38;52;87mk[38;2;95;194;240m)[38;2;98;196;242m1[38;2;97;196;242m1[38;2;98;196;242m1[38;2;97;196;242m1[38;2;98;196;242m1[38;2;97;196;242m1[38;2;95;194;240m)[38;2;87;173;218mt[38;2;36;49;84mh[38;2;37;50;85mh[38;2;240;96;97mx[38;2;248;100;100mj[38;2;245;98;98mr[38;2;248;100;100mjjjjj[38;2;37;50;85mh[38;2;38;52;87mk          [0m
                                         [38;2;35;48;82mh[38;2;37;50;85mh[38;2;119;145;172mr [38;2;253;253;253m. .[38;2;100;109;135mY[38;2;38;51;87mk[38;2;85;170;214mf[38;2;97;196;242m1[38;2;98;196;242m1[38;2;97;196;242m1[38;2;98;196;242m1[38;2;97;196;242m1[38;2;95;194;240m)[38;2;96;194;241m1[38;2;95;194;240m)[38;2;77;150;192mn[38;2;36;49;84mh[38;2;37;50;85mh[38;2;230;94;95mn[38;2;248;100;100mjjjjj[38;2;38;51;87mk[38;2;35;48;82mh          [0m
                                       [38;2;38;52;87mk[38;2;37;50;85mh[38;2;187;191;203m? [38;2;253;253;253m. . . [38;2;38;51;87mk[38;2;39;56;93mb[38;2;97;196;242m1[38;2;98;196;242m1[38;2;97;196;242m1[38;2;98;196;242m1[38;2;97;196;242m1[38;2;95;194;240m)[38;2;96;194;241m1[38;2;95;194;240m)[38;2;96;194;241m1[38;2;95;194;240m)[38;2;87;173;218mt[38;2;36;49;84mh[38;2;37;50;85mh[38;2;45;52;86mk[38;2;248;100;100mjj[38;2;38;51;87mkk           [0m
                                     [38;2;38;52;87mk[38;2;37;50;85mh[38;2;107;116;140mz [38;2;253;253;253m. . . .[38;2;174;179;192m{[38;2;38;51;87mk[38;2;74;141;183mv[38;2;97;196;242m1[38;2;98;196;242m1[38;2;97;196;242m1[38;2;98;196;242m1[38;2;97;196;242m1[38;2;95;194;240m)[38;2;96;194;241m1[38;2;95;194;240m)[38;2;96;194;241m1[38;2;95;194;240m)[38;2;96;194;241m1[38;2;95;194;240m)[38;2;96;194;241m1[38;2;74;141;183mv[38;2;38;52;87mk[38;2;38;51;87mk[38;2;38;52;87mk[38;2;22;29;51mM           [0m
                                   [38;2;17;24;42m&[38;2;35;48;82mh[38;2;38;52;87mk[38;2;52;88;126mZ[38;2;36;49;84mh[38;2;41;54;89mk[38;2;226;227;232ml    [38;2;250;251;252m^[38;2;41;54;89mk[38;2;36;49;84mh[38;2;39;56;93mb[38;2;95;192;239m)[38;2;94;191;237m)[38;2;95;192;239m)[38;2;94;191;237m)[38;2;95;192;239m)[38;2;94;191;237m)[38;2;98;196;242m11111111[38;2;94;191;237m)[38;2;95;192;239m)[38;2;35;48;82mhh            [0m
                                  [38;2;35;48;82mh[38;2;36;49;84mh[38;2;94;191;237m)[38;2;95;192;239m)[38;2;94;191;237m)[38;2;95;192;239m))[38;2;41;62;98md[38;2;41;54;89mkkkkk[38;2;90;179;224m/[38;2;95;192;239m)[38;2;94;191;237m)[38;2;95;192;239m)[38;2;94;191;237m)[38;2;95;192;239m)[38;2;94;191;237m)[38;2;95;192;239m)[38;2;94;191;237m)[38;2;98;196;242m11111111[38;2;94;191;237m)[38;2;36;49;84mh[38;2;35;48;82mh             [0m
                               [38;2;41;54;89mk[38;2;35;48;82mhh[38;2;85;170;214mf[38;2;95;192;239m)[38;2;94;191;237m)[38;2;95;192;239m)[38;2;94;191;237m)[38;2;95;192;239m)[38;2;98;196;242m11111111[38;2;95;192;239m)[38;2;94;191;237m)[38;2;95;192;239m)[38;2;94;191;237m)[38;2;95;192;239m)[38;2;94;191;237m)[38;2;95;192;239m)[38;2;94;191;237m)[38;2;98;196;242m1111111[38;2;62;111;151mC[38;2;35;48;82mh[38;2;36;49;84mh              [0m
                             [38;2;41;54;89mkkk[38;2;56;97;136mQ[38;2;95;192;239m)[38;2;94;191;237m)[38;2;95;192;239m)[38;2;94;191;237m)[38;2;95;192;239m)[38;2;94;191;237m)[38;2;95;192;239m)[38;2;98;196;242m11111111[38;2;95;192;239m)[38;2;94;191;237m)[38;2;95;192;239m)[38;2;94;191;237m)[38;2;95;192;239m)[38;2;94;191;237m)[38;2;95;192;239m)[38;2;94;191;237m)[38;2;98;196;242m111111[38;2;41;54;89mkk[38;2;33;44;77ma               [0m
                           [38;2;28;38;65m*[38;2;37;50;85mh[38;2;36;49;84mh[38;2;39;56;93mb[38;2;95;194;240m)[38;2;98;196;242m1[38;2;97;196;242m1[38;2;98;196;242m1[38;2;97;196;242m1[38;2;98;196;242m1[38;2;97;196;242m1[38;2;98;196;242m1[38;2;97;196;242m1[38;2;95;194;240m)[38;2;96;194;241m1[38;2;95;194;240m)[38;2;96;194;241m1[38;2;95;194;240m)[38;2;96;194;241m1[38;2;95;194;240m)[38;2;96;194;241m1[38;2;97;196;242m1[38;2;98;196;242m1[38;2;97;196;242m1[38;2;98;196;242m1[38;2;97;196;242m1[38;2;98;196;242m1[38;2;97;196;242m1[38;2;98;196;242m1[38;2;96;194;241m1[38;2;95;194;240m)[38;2;96;194;241m1[38;2;95;194;240m)[38;2;93;187;233m([38;2;36;49;84mh[38;2;37;50;85mh                 [0m
                          [38;2;37;50;85mh[38;2;36;49;84mh[38;2;37;50;85mh[38;2;93;187;233m([38;2;96;194;241m1[38;2;95;194;240m)[38;2;98;196;242m1[38;2;97;196;242m1[38;2;98;196;242m1[38;2;97;196;242m1[38;2;98;196;242m1[38;2;97;196;242m1[38;2;98;196;242m1[38;2;97;196;242m1[38;2;95;194;240m)[38;2;96;194;241m1[38;2;95;194;240m)[38;2;96;194;241m1[38;2;95;194;240m)[38;2;96;194;241m1[38;2;95;194;240m)[38;2;96;194;241m1[38;2;97;196;242m1[38;2;98;196;242m1[38;2;97;196;242m1[38;2;98;196;242m1[38;2;97;196;242m1[38;2;98;196;242m1[38;2;97;196;242m1[38;2;98;196;242m1[38;2;96;194;241m1[38;2;95;194;240m)[38;2;94;191;237m)[38;2;36;49;84mh[38;2;37;50;85mh                   [0m
                       [38;2;28;38;65m*[38;2;37;50;85mh[38;2;36;49;84mh[38;2;37;50;85mh[38;2;60;108;148mC[38;2;96;194;241m1[38;2;95;194;240m)[38;2;96;194;241m1[38;2;95;194;240m)[38;2;98;196;242m1[38;2;97;196;242m1[38;2;98;196;242m1[38;2;97;196;242m1[38;2;98;196;242m1[38;2;97;196;242m1[38;2;98;196;242m1[38;2;97;196;242m1[38;2;95;194;240m)[38;2;96;194;241m1[38;2;95;194;240m)[38;2;96;194;241m1[38;2;95;194;240m)[38;2;96;194;241m1[38;2;95;194;240m)[38;2;96;194;241m1[38;2;97;196;242m1[38;2;98;196;242m1[38;2;97;196;242m1[38;2;98;196;242m1[38;2;97;196;242m1[38;2;98;196;242m1[38;2;97;196;242m1[38;2;98;196;242m1[38;2;94;191;237m)[38;2;36;49;84mh[38;2;37;50;85mh                     [0m
                       [38;2;35;48;82mh[38;2;37;50;85mh[38;2;36;49;84mh[38;2;96;194;241m1[38;2;95;194;240m)[38;2;96;194;241m1[38;2;95;194;240m)[38;2;96;194;241m1[38;2;95;194;240m)[38;2;98;196;242m1[38;2;97;196;242m1[38;2;98;196;242m1[38;2;97;196;242m1[38;2;98;196;242m1[38;2;97;196;242m1[38;2;98;196;242m1[38;2;97;196;242m1[38;2;95;194;240m)[38;2;96;194;241m1[38;2;95;194;240m)[38;2;96;194;241m1[38;2;95;194;240m)[38;2;96;194;241m1[38;2;95;194;240m)[38;2;96;194;241m1[38;2;97;196;242m1[38;2;98;196;242m1[38;2;97;196;242m1[38;2;98;196;242m1[38;2;97;196;242m1[38;2;98;196;242m1[38;2;47;78;113mw[38;2;38;52;87mk[38;2;37;50;85mh                       [0m
                        [38;2;41;54;89mkk[38;2;59;104;144mL[38;2;98;196;242m11111[38;2;95;192;239m)[38;2;94;191;237m)[38;2;95;192;239m)[38;2;94;191;237m)[38;2;95;192;239m)[38;2;94;191;237m)[38;2;95;192;239m)[38;2;94;191;237m)[38;2;98;196;242m1111[38;2;79;154;197mx[38;2;84;165;210mj[38;2;98;196;242m11[38;2;94;191;237m)[38;2;95;192;239m)[38;2;94;191;237m)[38;2;95;192;239m)[38;2;75;145;187mu[38;2;36;49;84mh[38;2;35;48;82mh                         [0m
                        [38;2;41;54;89mkkkk[38;2;60;108;148mC[38;2;98;196;242m111[38;2;95;192;239m)[38;2;94;191;237m)[38;2;95;192;239m)[38;2;94;191;237m)[38;2;95;192;239m)[38;2;94;191;237m)[38;2;95;192;239m)[38;2;94;191;237m)[38;2;98;196;242m111 [38;2;41;54;89mk[38;2;45;69;107mq[38;2;98;196;242m11[38;2;94;191;237m)[38;2;95;192;239m)[38;2;50;85;123mZ[38;2;36;49;84mh[38;2;35;48;82mh                           [0m
                      [38;2;34;46;79ma[38;2;36;49;84mh[38;2;46;62;97md   [38;2;41;54;89mkk[38;2;60;108;148mC[38;2;98;196;242m1[38;2;95;192;239m)[38;2;94;191;237m)[38;2;95;192;239m)[38;2;94;191;237m)[38;2;95;192;239m)[38;2;94;191;237m)[38;2;95;192;239m)[38;2;94;191;237m)[38;2;98;196;242m1[38;2;253;253;253m. [38;2;231;233;236m;[38;2;41;54;89mk[38;2;74;141;183mv[38;2;98;196;242m1[38;2;75;145;187mu[38;2;37;50;87mh[38;2;36;49;84mh[38;2;28;38;65m*                             [0m
                     [38;2;36;49;84mh[38;2;35;48;82mh[38;2;253;253;253m.      [38;2;41;54;89mkk[38;2;36;49;84mh[38;2;94;191;237m)[38;2;95;192;239m)[38;2;94;191;237m)[38;2;95;192;239m)[38;2;94;191;237m)[38;2;114;202;242m{[38;2;250;251;252m^   [38;2;93;104;130mJ[38;2;41;54;89mk[38;2;43;66;104mp[38;2;41;54;89mkk                                [0m
                      [38;2;38;52;87mk[38;2;38;51;87mk[38;2;37;50;85mh [38;2;253;253;253m. . .[38;2;174;179;192m{[38;2;38;51;87mk[38;2;38;52;87mk[38;2;59;104;144mL[38;2;98;196;242m1[38;2;97;196;242m1[38;2;231;245;251m,   [38;2;253;253;253m. [38;2;36;49;84mh[38;2;37;50;85mh[38;2;36;49;84mh                                  [0m
                     [38;2;205;82;82mz[38;2;248;100;100mj [38;2;23;31;53m#[38;2;37;50;85mhh [38;2;253;253;253m. .   [38;2;38;51;87mk[38;2;38;52;87mk[38;2;37;50;87mh[38;2;68;79;110mZ   [38;2;168;173;188m1[38;2;37;50;85mh[38;2;36;49;84mh               [38;2;96;194;241m1                    [0m
                        [38;2;151;60;60m0 [38;2;23;31;53m#[38;2;37;50;85mhh [38;2;253;253;253m.  [38;2;246;246;248m'[38;2;38;51;87mk[38;2;38;52;87mk[38;2;37;50;85mh[38;2;38;52;87mk[38;2;155;161;178m|[38;2;46;62;97md[38;2;37;50;85mh[38;2;36;49;84mh                 [38;2;57;116;144mJ                    [0m
                            [38;2;23;31;53m#[38;2;37;50;85mhhh[38;2;38;51;87mk[38;2;38;52;87mk   [38;2;28;38;65m*[38;2;38;51;87mk[38;2;28;38;65m*                                        [0m
              [38;2;248;100;100mj               [38;2;41;54;89mk                                                 [0m
            [38;2;248;100;100mj                                                                   [0m
          [38;2;248;100;100mj        [38;2;245;98;98mr                                                            [0m
                                                                                [0m
                                                                                [0m
                                                                                [0m
                                                                                [0m
                                                                                [0m
