                                                                                [0m
                                                  [38;2;1;49;82m*[38;2;198;145;82mt                            [0m
                                                 [38;2;220;163;97m1[38;2;136;99;54mJ                             [0m
                   [38;2;65;77;93mm[38;2;185;138;82mj[38;2;174;128;75mn                          [38;2;237;178;106m[[38;2;111;103;85mJ                              [0m
                [38;2;172;147;106mf[38;2;236;172;98m][38;2;230;168;92m}[38;2;237;178;106m[[38;2;231;172;104m{[38;2;34;62;90mb                         [38;2;185;138;82mj[38;2;113;115;107mX[38;2;29;59;94mk                              [0m
               [38;2;1;45;76m*[38;2;237;179;100m[[38;2;237;178;106m[[38;2;228;169;98m{[38;2;237;178;106m[[38;2;231;172;104m{[38;2;121;90;51mL                        [38;2;220;163;97m1[38;2;149;125;89mu[38;2;29;59;94mk                               [0m
               [38;2;220;163;97m1[38;2;231;172;104m{[38;2;237;178;106m[[38;2;228;169;98m{[38;2;237;178;106m[[38;2;231;172;104m{[38;2;228;169;98m{[38;2;34;62;90mb                     [38;2;1;37;82m#[38;2;231;185;119m?[38;2;113;115;107mX[38;2;3;120;140m0                                [0m
              [38;2;29;59;94mk[38;2;230;168;92m}[38;2;231;172;104m{[38;2;237;178;106m[[38;2;228;169;98m{[38;2;237;178;106m[[38;2;231;172;104m{[38;2;230;168;92m}[38;2;202;150;91m/                    [38;2;111;103;85mJ[38;2;210;149;82m|[38;2;2;113;134mO[38;2;3;120;140m0[38;2;1;40;91m#                                [0m
              [38;2;172;147;106mf[38;2;230;168;92m}[38;2;231;172;104m{[38;2;237;178;106m[[38;2;228;169;98m{[38;2;237;178;106m[[38;2;236;172;98m][38;2;230;168;92m}[38;2;237;178;106m[[38;2;72;68;55mq                  [38;2;244;178;99m[[38;2;180;132;76mx[38;2;2;113;134mO[38;2;19;131;148mC[38;2;1;49;82m*                                 [0m
              [38;2;112;103;85mJ[38;2;230;168;92m}[38;2;231;172;104m{[38;2;237;178;106m[[38;2;228;169;98m{[38;2;237;178;106m[[[38;2;228;169;98m{[38;2;235;171;93m{[38;2;226;166;99m}[38;2;202;150;91m/               [38;2;174;128;75mn[38;2;226;166;99m}[38;2;33;104;119mO[38;2;3;120;140m0[38;2;0;110;133mZ[38;2;19;131;148mC[38;2;1;40;91m#                                 [0m
              [38;2;150;134;108mn[38;2;230;168;92m}[38;2;231;172;104m{[38;2;237;178;106m[[38;2;226;166;99m}[38;2;237;178;106m[[[38;2;228;169;98m{[38;2;237;178;106m[[38;2;226;166;99m}[38;2;237;178;106m[[38;2;237;179;100m[[38;2;195;141;80mf            [38;2;212;158;92m([38;2;218;157;91m)[38;2;33;104;119mO[38;2;3;120;140m0[38;2;0;120;145m0[38;2;0;110;133mZ[38;2;19;131;148mC[38;2;1;49;82m*                                 [0m
             [38;2;1;49;82m*[38;2;235;185;105m?[38;2;230;168;92m}[38;2;235;171;93m{[38;2;237;178;106m[[38;2;226;166;99m}[38;2;237;178;106m[[38;2;237;179;100m[[38;2;230;168;92m}[38;2;237;178;106m[[38;2;218;157;91m)[38;2;222;162;90m1[38;2;226;166;99m}[38;2;235;171;93m{[38;2;237;178;106m[[38;2;231;172;104m{[38;2;198;145;82mt[38;2;44;66;87md       [38;2;237;178;106m[[38;2;212;153;84m|[38;2;9;127;145mL[38;2;3;120;140m0[38;2;3;109;127mZ[38;2;2;113;134mO[38;2;3;109;127mZ[38;2;9;127;145mL[38;2;29;59;94mk                                 [0m
             [38;2;65;77;93mm[38;2;237;178;106m[[38;2;230;168;92m}[38;2;231;172;104m{{[38;2;212;158;92m([38;2;237;178;106m[[38;2;228;169;98m{[38;2;230;168;92m}[38;2;237;178;106m[[38;2;222;162;90m1[38;2;237;178;106m[[38;2;236;172;98m]][38;2;237;179;100m[[38;2;231;172;104m{[38;2;65;77;93mm       [38;2;72;68;55mq[38;2;222;162;90m1[38;2;186;133;67mr[38;2;19;131;148mC[38;2;3;120;140m0[38;2;0;120;145m0[38;2;9;127;145mL[38;2;0;110;133mZ[38;2;29;59;94mk                                  [0m
             [38;2;199;181;137m{[38;2;236;172;98m][38;2;230;168;92m}}[38;2;237;178;106m[[38;2;226;166;99m}[38;2;237;178;106m[[38;2;236;172;98m][38;2;230;168;92m}[38;2;237;179;100m[[38;2;222;162;90m1[38;2;237;178;106m[[38;2;236;172;98m][38;2;240;176;95m][38;2;237;179;100m[[38;2;231;172;104m{[38;2;65;77;93mm      [38;2;202;150;91m/[38;2;231;172;104m{[38;2;198;145;82mt[38;2;164;118;66mv[38;2;19;131;148mC[38;2;3;120;140m00[38;2;9;127;145mL[38;2;7;89;104mq                                   [0m
           [38;2;1;40;91m#[38;2;136;99;54mJ[38;2;33;104;119mO   [38;2;107;69;23mm[38;2;204;147;82m/[38;2;202;150;91m/[38;2;149;125;89mu[38;2;230;168;92m}[38;2;236;172;98m][38;2;222;162;90m1[38;2;237;178;106m[[38;2;236;172;98m][38;2;164;118;66mv[38;2;151;105;54mY[38;2;231;172;104m{[38;2;72;68;55mq        [38;2;92;88;76m0[38;2;186;133;67mr[38;2;19;131;148mC[38;2;3;120;140m00[38;2;9;127;145mL[38;2;1;45;76m*                                   [0m
                   [38;2;219;178;109m]][38;2;230;168;92m}[38;2;231;172;104m{[38;2;222;162;90m1[38;2;212;158;92m([38;2;235;185;105m?[38;2;191;137;69mj[38;2;237;178;106m[[38;2;236;172;98m][38;2;136;99;54mJ         [38;2;186;133;67mr[38;2;3;120;140m00[38;2;0;120;145m0[38;2;9;127;145mL[38;2;19;42;66m*                                   [0m
                  [38;2;1;40;91m#[38;2;249;212;118m<[38;2;245;195;109m_[38;2;66;62;50md[38;2;174;128;75mn[38;2;229;196;109m-[38;2;244;186;121m-[38;2;136;99;54mJ[38;2;242;175;96m[[38;2;236;172;98m]][38;2;212;158;92m(        [38;2;34;62;90mb[38;2;180;132;76mx[38;2;2;113;134mO[38;2;3;120;140m00[38;2;0;120;145m0[38;2;1;40;91m#                                   [0m
                 [38;2;207;167;114m1[38;2;237;179;100m[[38;2;245;195;109m_[38;2;237;199;116m_[38;2;191;137;69mj[38;2;235;185;105m?[38;2;237;179;100m[[38;2;244;186;121m-[38;2;226;166;99m}[38;2;121;90;51mL[38;2;236;172;98m]][38;2;237;178;106m[[38;2;65;77;93mm       [38;2;195;141;80mf[38;2;180;132;76mx[38;2;19;131;148mC[38;2;3;120;140m00[38;2;0;120;145m0                                    [0m
                 [38;2;245;195;109m_[38;2;231;172;104m{[38;2;174;128;75mn[38;2;237;199;116m_[38;2;235;185;105m?[38;2;136;99;54mJ[38;2;174;128;75mn[38;2;231;172;104m{{[38;2;235;171;93m{[38;2;231;172;104m{[38;2;164;118;66mv[38;2;237;178;106m[[38;2;136;99;54mJ      [38;2;212;158;92m([38;2;198;145;82mt[38;2;3;109;127mZ[38;2;9;127;145mL[38;2;3;120;140m0[38;2;0;120;145m00                                    [0m
                [38;2;1;49;82m*[38;2;180;132;76mx[38;2;204;147;82m/[38;2;226;166;99m}}[38;2;136;99;54mJ[38;2;220;163;97m1[38;2;226;166;99m}}[38;2;204;147;82m/[38;2;151;105;54mY[38;2;204;147;82m/[38;2;218;157;91m)[38;2;226;166;99m}[38;2;151;105;54mY[38;2;65;77;93mm    [38;2;195;141;80mf[38;2;196;140;70mf[38;2;0;120;145m0[38;2;2;113;134mO[38;2;0;120;145m0[38;2;3;120;140m0[38;2;0;120;145m00                                    [0m
               [38;2;112;103;85mJ[38;2;231;172;104m{[38;2;240;176;95m][38;2;230;168;92m}[38;2;237;178;106m[[38;2;236;172;98m][38;2;230;168;92m}[38;2;218;157;91m)[38;2;72;68;55mq[38;2;187;134;75mj[38;2;136;99;54mJ[38;2;199;140;74mf[38;2;195;141;80mf[38;2;198;145;82mt[38;2;195;141;80mff[38;2;210;149;82m|[38;2;112;103;85mJ  [38;2;111;103;85mJ[38;2;191;137;69mj[38;2;112;103;85mJ[38;2;0;120;145m0[38;2;3;120;140m0[38;2;0;120;145m0[38;2;3;120;140m0[38;2;29;59;94mk                                     [0m
               [38;2;1;45;76m*[38;2;136;99;54mJ[38;2;228;169;98m{[38;2;218;157;91m)[38;2;140;118;81mc[38;2;122;75;77mQ[38;2;140;118;81mc[38;2;93;80;63mZ[38;2;164;118;66mv [38;2;92;88;76m0[38;2;199;140;74mf[38;2;195;141;80mf[38;2;198;145;82mt[38;2;195;141;80mff[38;2;191;137;69mj[38;2;226;166;99m}[38;2;236;172;98m][38;2;237;178;106m[[38;2;222;162;90m1[38;2;149;125;89mu[38;2;33;104;119mO[38;2;0;120;145m0[38;2;3;120;140m0[38;2;0;120;145m0[38;2;1;40;91m#                                      [0m
                  [38;2;66;62;50md[38;2;174;128;75mn[38;2;72;68;55mq[38;2;187;134;75mj[38;2;72;68;55mq[38;2;226;166;99m}[38;2;237;178;106m[[38;2;180;132;76mx[38;2;199;140;74mf[38;2;191;137;69mj[38;2;198;145;82mttt[38;2;212;153;84m|[38;2;236;172;98m]][38;2;245;195;109m_[38;2;235;185;105m??[38;2;250;184;101m-[38;2;151;105;54mY[38;2;2;113;134mO                                        [0m
               [38;2;237;199;116m_[38;2;230;168;92m}[38;2;235;185;105m?[38;2;229;196;109m-[38;2;93;80;63mZ[38;2;92;88;76m0[38;2;235;185;105m?[38;2;230;168;92m}[38;2;204;147;82m//[38;2;231;172;104m{[38;2;235;171;93m{[38;2;218;157;91m)[38;2;231;172;104m{[38;2;230;168;92m}[38;2;237;178;106m[[38;2;237;179;100m[[38;2;245;195;109m_[38;2;235;185;105m?[38;2;245;195;109m_[38;2;237;178;106m[[38;2;230;168;92m}[38;2;236;172;98m][38;2;237;178;106m[[38;2;235;185;105m?[38;2;34;62;90mb                                       [0m
             [38;2;1;45;76m*[38;2;235;185;105m?[38;2;112;103;85mJ[38;2;187;134;75mj[38;2;198;145;82mt[38;2;195;141;80mf[38;2;135;122;102mc[38;2;198;145;82mt[38;2;72;68;55mq  [38;2;19;42;66m*[38;2;237;178;106m[[38;2;250;184;101m-[38;2;231;185;119m?[38;2;245;195;109m_[38;2;235;185;105m???[38;2;250;184;101m-[38;2;237;178;106m[[38;2;244;186;121m-[38;2;237;178;106m[[38;2;236;172;98m][38;2;210;149;82m|[38;2;107;69;23mm[38;2;231;172;104m{[38;2;237;199;116m_[38;2;140;118;81mc                                      [0m
             [38;2;1;40;91m#[38;2;179;180;170m{         [38;2;92;88;76m0[38;2;234;225;182m![38;2;243;234;188mI[38;2;234;225;182m![38;2;243;234;188mI[38;2;234;225;182m![38;2;228;220;179mi[38;2;172;147;106mf[38;2;210;149;82m|[38;2;236;172;98m][38;2;174;128;75mn[38;2;235;185;105m?[38;2;231;185;119m?[38;2;249;212;118m<[38;2;237;178;106m[[[38;2;236;172;98m][38;2;164;118;66mv                                      [0m
                        [38;2;179;180;170m{[38;2;228;220;179mi[38;2;236;227;185m![38;2;226;212;173m<[38;2;234;225;182m![38;2;228;220;179mi[38;2;234;225;182m!!![38;2;204;189;149m[[38;2;148;150;140mf[38;2;164;118;66mv[38;2;212;158;92m([38;2;121;90;51mL[38;2;195;141;80mf[38;2;236;172;98m][38;2;136;99;54mJ[38;2;204;147;82m/[38;2;1;37;82m#                                     [0m
                        [38;2;206;201;182m_[38;2;220;212;172m<[38;2;234;225;182m![38;2;222;207;170m~[38;2;234;220;180mi[38;2;226;212;173m<[38;2;234;220;180mi[38;2;228;220;179mi[38;2;234;220;180mi[38;2;228;220;179mi[38;2;199;186;147m][38;2;220;212;172m<[38;2;228;220;179mi[38;2;172;147;106mf[38;2;220;163;97m1[38;2;231;172;104m{[38;2;210;149;82m|[38;2;226;166;99m}[38;2;220;163;97m1[38;2;1;40;91m#                                    [0m
                       [38;2;65;77;93mm[38;2;183;161;121m([38;2;220;212;172m<[38;2;234;225;182m![38;2;215;204;160m+[38;2;228;220;179mi[38;2;220;212;172m<[38;2;228;220;179miiiiiii[38;2;234;225;182m![38;2;172;147;106mf[38;2;210;149;82m|[38;2;231;172;104m{{[38;2;240;176;95m][38;2;218;157;91m)[38;2;44;66;87md                                   [0m
                      [38;2;1;37;82m#[38;2;226;166;99m}[38;2;174;128;75mn[38;2;199;186;147m][38;2;215;204;160m++[38;2;228;220;179mi[38;2;220;212;172m<[38;2;228;220;179miii[38;2;220;212;172m<[38;2;222;207;170m~[38;2;215;204;160m+[38;2;211;196;153m--[38;2;204;189;149m[[38;2;198;145;82mt[38;2;228;169;98m{{[38;2;244;178;99m[[38;2;222;162;90m1[38;2;121;90;51mL[38;2;191;137;69mj[38;2;2;52;114ma                  [38;2;230;50;25mC[38;2;223;93;22mc             [0m
                      [38;2;112;103;85mJ[38;2;220;163;97m1[38;2;218;157;91m)[38;2;140;118;81mc[38;2;199;181;137m{[38;2;191;176;132m}[38;2;207;194;153m?[38;2;199;186;147m][38;2;207;194;153m??????[38;2;204;189;149m[[38;2;202;185;138m][38;2;149;125;89mu[38;2;231;172;104m{[38;2;230;168;92m}}[38;2;236;172;98m][38;2;218;157;91m)[38;2;174;128;75mn[38;2;195;141;80mf[38;2;191;137;69mj[38;2;195;141;80mf[38;2;1;49;82m*                [38;2;230;50;25mC[38;2;211;94;79mv             [0m
                      [38;2;92;88;76m0[38;2;204;147;82m/[38;2;202;143;73mtt[38;2;216;152;78m|[38;2;107;69;23mm[38;2;195;179;133m{[38;2;191;176;132m}}[38;2;195;179;133m{{[38;2;191;176;132m}}}}[38;2;199;181;137m{[38;2;174;128;75mn[38;2;228;169;98m{[38;2;220;163;97m11[38;2;235;171;93m{[38;2;218;157;91m)[38;2;212;153;84m|[38;2;174;128;75mn[38;2;196;140;70mff[38;2;202;143;73mt[38;2;204;147;82m/[38;2;72;68;55mq             [38;2;135;122;102mc[38;2;223;93;22mc[38;2;237;108;21mx[38;2;223;93;22mc[38;2;135;122;102mc           [0m
                       [38;2;191;137;69mj[38;2;187;134;75mj[38;2;174;128;75mn[38;2;202;143;73mt[38;2;191;137;69mjj[38;2;186;133;67mr[38;2;164;118;66mv[38;2;107;69;23mm[38;2;135;122;102mc[38;2;172;147;106mf[38;2;150;134;108mnn[38;2;93;80;63mZ[38;2;65;77;93mm[38;2;195;141;80mf[38;2;204;147;82m///[38;2;174;128;75mn[38;2;203;145;73mt[38;2;198;145;82mt[38;2;136;99;54mJ[38;2;186;133;67mr[38;2;199;140;74mf[38;2;191;137;69mjj[38;2;203;145;73mt[38;2;220;163;97m1[38;2;107;69;23mm           [38;2;3;109;127mZ[38;2;218;185;2m}}[38;2;223;164;37m))           [0m
                        [38;2;66;62;50md[38;2;187;134;75mj[38;2;202;143;73mt[38;2;191;137;69mjj[38;2;187;134;75mj[38;2;195;141;80mf[38;2;199;140;74mf[38;2;162;111;53mz      [38;2;174;128;75mn[38;2;191;137;69mjj[38;2;202;143;73mt[38;2;191;137;69mj[38;2;195;141;80mf[38;2;164;118;66mv[38;2;191;176;132m}[38;2;199;181;137m{[38;2;149;125;89mu[38;2;186;133;67mr[38;2;191;137;69mj[38;2;196;140;70mf[38;2;202;143;73mt[38;2;230;168;92m}[38;2;220;163;97m1[38;2;140;118;81mc[38;2;19;42;66m*        [38;2;180;182;78m)[38;2;218;185;2m}}}           [0m
                         [38;2;1;45;76m*[38;2;202;143;73mt[38;2;164;118;66mv[38;2;196;140;70mf[38;2;199;140;74mff[38;2;186;133;67mr        [38;2;164;118;66mv[38;2;191;137;69mj[38;2;202;143;73mt[38;2;191;137;69mjjj[38;2;72;68;55mq[38;2;44;66;87md[38;2;183;161;121m([38;2;191;176;132m}}[38;2;151;105;54mY[38;2;191;137;69mj[38;2;196;140;70mf[38;2;191;137;69mj[38;2;204;147;82m/[38;2;210;149;82m|[38;2;218;157;91m)[38;2;235;171;93m{[38;2;226;166;99m}[38;2;230;168;92m}}}[38;2;240;176;95m][38;2;228;169;98m{[38;2;212;158;92m([38;2;107;69;23mm             [0m
                         [38;2;179;180;170m{[38;2;174;128;75mn[38;2;210;149;82m|[38;2;185;138;82mj[38;2;164;118;66mv[38;2;93;80;63mZ        [38;2;1;40;91m#[38;2;199;140;74mff[38;2;210;149;82m|[38;2;199;140;74mfff[38;2;136;99;54mJ     [38;2;1;49;82m*[38;2;65;77;93mm[38;2;92;88;76m0[38;2;149;125;89mu[38;2;136;99;54mJ[38;2;145;97;43mU[38;2;151;105;54mYY[38;2;136;99;54mJ[38;2;72;68;55mq[38;2;65;77;93mm                 [0m
                          [38;2;227;227;221ml[38;2;2;52;114ma[38;2;113;115;107mX[38;2;2;52;114ma          [38;2;111;103;85mJ[38;2;220;163;97m1[38;2;230;168;92m}[38;2;164;118;66mv[38;2;220;163;97m1[38;2;113;115;107mX[38;2;65;77;93mm                                 [0m
                                        [38;2;113;115;107mX X[38;2;227;227;221ml  [38;2;78;84;116m0                                 [0m
                                           [38;2;2;52;114ma                                    [0m
                                                                                [0m
