                                                                                [0m
                                                                                [0m
                                                                                [0m
                                                                                [0m
                                                                                [0m
                                                                                [0m
                                                                                [0m
                                                                                [0m
                                                                                [0m
                                                                                [0m
                                                                                [0m
                                                                                [0m
                                                                                [0m
                                                                                [0m
                                                                                [0m
                                                                                [0m
                  [38;2;1;40;91m#      [38;2;44;66;87md                                                      [0m
                 [38;2;202;150;91m/[38;2;220;162;98m1    1[38;2;229;169;98m{                                                       [0m
                 [38;2;245;195;109m_[38;2;234;174;107m]   [38;2;231;185;119m?[38;2;212;158;92m(                                                        [0m
                [38;2;92;88;76m0[38;2;237;199;116m_[38;2;235;185;105m?[38;2;249;212;118m<<[38;2;235;185;105m?[38;2;229;169;98m{[38;2;202;150;91m/[38;2;207;167;114m1[38;2;65;77;93mm[38;2;1;40;91m#                                                     [0m
               [38;2;229;169;98m{[38;2;235;185;105m?[38;2;237;199;116m_[38;2;229;196;109m-[38;2;207;167;114m1[38;2;237;199;116m_[38;2;235;185;105m?[38;2;237;178;100m[[38;2;235;170;93m{[38;2;236;171;98m]][38;2;242;175;96m[[38;2;229;169;98m{[38;2;234;174;107m][38;2;93;80;63mZ[38;2;34;62;90mb                                                 [0m
               [38;2;226;166;99m}[38;2;235;185;105m?[38;2;229;169;98m{[38;2;231;185;119m?[38;2;245;195;109m_[38;2;195;141;80mf[38;2;160;160;151m/[38;2;213;154;84m([38;2;229;169;98m{{[38;2;202;142;74mtt[38;2;191;137;69mj[38;2;197;145;82mt[38;2;203;145;74mt[38;2;213;154;84m([38;2;226;166;99m}[38;2;244;178;99m[[38;2;140;118;81mc[38;2;29;59;94mk[38;2;220;162;98m1[38;2;202;142;74mt[38;2;196;140;70mf[38;2;160;143;86mrr[38;2;220;162;98m1[38;2;235;185;105m?[38;2;66;62;50md                                     [0m
     [38;2;1;40;91m#[38;2;203;145;74mt[38;2;185;138;82mj     [38;2;34;62;90mb[38;2;135;122;102mc[38;2;151;105;54mY[38;2;229;165;90m}[38;2;218;158;91m)[38;2;222;160;86m1[38;2;92;88;76m0[38;2;174;128;75mn[38;2;229;165;90m}[38;2;220;162;98m1[38;2;174;128;75mn[38;2;151;105;54mY[38;2;195;141;80mf[38;2;202;142;74mt[38;2;191;137;69mj[38;2;197;145;82mt[38;2;195;141;80mf[38;2;197;145;82mt[38;2;203;145;74mt[38;2;234;174;107m][38;2;236;171;98m][38;2;244;186;121m-[38;2;206;148;82m/[38;2;136;99;54mJ[38;2;7;89;104mq[38;2;0;121;145m0[38;2;3;120;140m0[38;2;0;121;145m0[38;2;3;120;140m0[38;2;33;104;119mO[38;2;180;132;77mr[38;2;174;128;75mn[38;2;34;62;90mb                                  [0m
       [38;2;180;132;77mr[38;2;206;148;82m/[38;2;202;142;74mtt[38;2;140;118;81mc[38;2;65;77;93mm[38;2;33;104;119mO[38;2;7;89;104mq[38;2;235;170;93m{[38;2;236;171;98m][38;2;240;176;95m][38;2;235;170;93m{[38;2;234;174;107m][38;2;226;166;99m}[38;2;107;69;23mm[38;2;151;105;54mY[38;2;185;138;82mj[38;2;235;170;93m{[38;2;195;141;80mf[38;2;202;142;74mt[38;2;191;137;69mj[38;2;197;145;82mt[38;2;195;141;80mf[38;2;202;142;74mt[38;2;226;166;99m}[38;2;240;176;95m][38;2;244;186;121m-[38;2;244;178;99m[[38;2;237;178;100m[[[38;2;244;178;99m[[38;2;34;62;90mb     [38;2;93;80;63mZ[38;2;210;149;82m||[38;2;1;49;82m*                                [0m
      [38;2;34;62;90mb[38;2;210;149;82m|[38;2;202;142;74mt[38;2;3;109;127mZ[38;2;2;113;133mO[38;2;0;117;140mO[38;2;0;121;145m0[38;2;3;120;140m0[38;2;136;99;54mJ[38;2;226;166;99m}[38;2;229;169;98m{[38;2;145;97;43mU[38;2;226;166;99m}[38;2;93;80;63mZZ[38;2;180;132;77mr[38;2;218;158;91m)[38;2;206;148;82m/[38;2;136;99;54mJ[38;2;229;169;98m{[38;2;210;149;82m|[38;2;202;142;74mt[38;2;226;166;99m}[38;2;229;169;98m{[38;2;237;178;100m[[[38;2;244;186;121m---[38;2;229;169;98m{[38;2;226;166;99m}[38;2;242;173;94m][38;2;237;178;100m[[38;2;136;99;54mJ     [38;2;44;66;87md[38;2;226;166;99m}[38;2;222;160;86m1[38;2;93;80;63mZ                               [0m
       [38;2;195;141;80mf[38;2;165;119;66mv[38;2;3;120;140m0[38;2;0;117;140mO[38;2;2;113;133mO[38;2;3;120;140m0[38;2;2;113;133mO[38;2;0;121;145m0[38;2;0;110;133mZ[38;2;7;89;104mq[38;2;93;80;63mZZ[38;2;136;99;54mJ[38;2;165;119;66mv[38;2;229;165;90m}[38;2;93;80;63mZ[38;2;9;127;145mL[38;2;174;128;75mn[38;2;236;171;98m][38;2;244;178;99m[[38;2;229;169;98m{[38;2;244;186;121m-[38;2;234;174;107m][38;2;244;186;121m-[38;2;237;178;100m[[[38;2;234;174;107m][38;2;237;178;100m[[38;2;236;171;98m][38;2;229;169;98m{[38;2;107;69;23mm[38;2;237;178;100m[[38;2;237;199;116m_[38;2;165;119;66mv     [38;2;72;68;55mq[38;2;210;149;82m|[38;2;202;142;74mt[38;2;213;154;84m([38;2;66;62;50md                             [0m
       [38;2;112;103;85mJ[38;2;195;141;80mf[38;2;33;104;119mO[38;2;0;117;140mO[38;2;0;110;133mZ[38;2;9;127;145mL[38;2;19;131;148mC[38;2;9;127;145mL[38;2;93;80;63mZ[38;2;229;169;98m{[38;2;195;141;80mff[38;2;202;142;74mt[38;2;112;103;85mJ[38;2;9;127;145mL[38;2;3;120;140m00[38;2;206;201;182m_[38;2;228;219;178mi[38;2;243;234;188mI[38;2;228;219;178mi[38;2;231;224;191m![38;2;228;219;178mi[38;2;234;225;182m![38;2;215;204;160m+[38;2;162;111;53mz[38;2;212;158;92m([38;2;174;128;75mn[38;2;185;138;82mj[38;2;226;166;99m}[38;2;162;111;53mz[38;2;237;199;116m_[38;2;237;178;100m[[38;2;145;97;43mU[38;2;186;133;67mr     [38;2;1;45;76m*[38;2;210;149;82m|[38;2;213;154;84m([38;2;218;158;91m)[38;2;72;68;55mq                            [0m
       [38;2;1;40;91m#[38;2;206;148;82m/[38;2;7;89;104mq[38;2;0;117;140mO[38;2;3;120;140m0[38;2;9;127;145mLLL[38;2;229;169;98m{[38;2;236;171;98m][38;2;33;104;119mO[38;2;9;127;145mL[38;2;19;131;148mC[38;2;3;120;140m0000[38;2;215;204;160m+[38;2;226;212;173m<[38;2;236;227;185m![38;2;222;207;170m~[38;2;228;219;178mi[38;2;226;212;173m<[38;2;228;219;178mi[38;2;215;204;160m+[38;2;93;80;63mZ[38;2;122;90;51mL[38;2;231;185;119m?[38;2;235;185;105m?[38;2;236;171;98m][38;2;240;176;95m][38;2;226;166;99m}[38;2;165;119;66mv[38;2;206;148;82m/[38;2;195;141;80mf[38;2;19;42;66m*     [38;2;151;105;54mY[38;2;213;154;84m([38;2;218;158;91m)[38;2;220;162;98m1[38;2;72;68;55mq                           [0m
        [38;2;206;148;82m/[38;2;111;103;85mJ[38;2;0;117;140mO[38;2;3;120;140m0[38;2;9;127;145mLL[38;2;19;131;148mC[38;2;9;127;145mL[38;2;3;120;140m0[38;2;9;127;145mLL[38;2;19;131;148mC[38;2;3;120;140m0[38;2;2;113;133mO[38;2;1;49;82m*[38;2;29;59;94mk[38;2;207;194;153m?[38;2;220;212;172m<[38;2;234;225;182m![38;2;215;204;160m+[38;2;228;219;178mi[38;2;220;212;172m<[38;2;228;219;178mii[38;2;199;186;147m][38;2;148;150;140mf[38;2;172;147;106mf[38;2;220;212;172m<[38;2;185;138;82mj[38;2;242;175;96m[[38;2;136;99;54mJ[38;2;213;154;84m([38;2;235;170;93m{[38;2;229;169;98m{[38;2;226;166;99m}[38;2;19;42;66m*    [38;2;1;40;91m#[38;2;185;138;82mj[38;2;210;149;82m|[38;2;218;158;91m)[38;2;213;154;84m(                           [0m
        [38;2;206;148;82m/[38;2;195;141;80mf[38;2;2;113;133mO[38;2;9;127;145mL[38;2;19;131;148mCCCCCCC   [38;2;1;45;76m*[38;2;229;169;98m{[38;2;172;147;106mf[38;2;204;189;149m[[38;2;228;219;178mi[38;2;215;204;160m+[38;2;228;219;178mi[38;2;220;212;172m<<[38;2;228;219;178mii[38;2;220;212;172m<<<[38;2;122;90;51mL[38;2;202;150;91m/[38;2;172;147;106mf[38;2;236;171;98m][38;2;229;169;98m{{[38;2;236;171;98m][38;2;186;133;67mr[38;2;29;59;94mk    [38;2;1;45;76m*[38;2;203;145;74mt[38;2;213;154;84m((                           [0m
        [38;2;1;49;82m*[38;2;202;142;74mt[38;2;149;125;89mu[38;2;3;120;140m0[38;2;19;131;148mCCCCC[38;2;3;109;127mZ    [38;2;206;148;82m/[38;2;226;166;99m}[38;2;202;150;91m/[38;2;191;176;132m}[38;2;207;194;153m?[38;2;199;186;147m][38;2;207;194;153m?[38;2;204;189;149m[[38;2;211;196;153m-[38;2;215;204;160m+[38;2;211;196;153m-[38;2;207;194;153m????[38;2;211;196;153m-[38;2;220;162;98m1[38;2;236;171;98m][38;2;229;169;98m{{[38;2;236;171;98m][38;2;218;158;91m)[38;2;197;145;82mt[38;2;107;69;23mm    [38;2;72;68;55mq[38;2;202;142;74mt[38;2;210;149;82m|[38;2;93;80;63mZ                          [0m
         [38;2;1;45;76m*[38;2;213;154;84m([38;2;2;113;133mO[38;2;19;131;148mCCCCC    [38;2;1;40;91m#[38;2;202;142;74mt[38;2;216;152;78m||[38;2;206;148;82m/[38;2;107;69;23mm[38;2;183;161;121m([38;2;195;179;133m{[38;2;191;176;132m}[38;2;195;179;133m{[38;2;198;181;137m{[38;2;195;179;133m{{[38;2;191;176;132m}}[38;2;195;179;133m{[38;2;172;147;106mf[38;2;229;169;98m{[38;2;236;171;98m][38;2;229;169;98m{[38;2;222;161;90m1[38;2;235;170;93m{[38;2;213;154;84m([38;2;186;133;67mr[38;2;191;137;69mj[38;2;136;99;54mJ   [38;2;1;37;82m#[38;2;206;148;82m/[38;2;202;142;74mt[38;2;180;132;77mr        [38;2;131;104;93mY                 [0m
          [38;2;1;45;76m*[38;2;174;128;75mn[38;2;3;120;140m0[38;2;19;131;148mCCCC     [38;2;93;80;63mZ[38;2;196;140;70mf[38;2;186;133;67mr[38;2;202;142;74mt[38;2;203;145;74mt[38;2;190;134;74mj[38;2;165;119;66mv[38;2;140;118;81mc[38;2;191;176;132m}}[38;2;195;179;133m{[38;2;191;176;132m}}}}[38;2;180;132;77mr[38;2;226;166;99m}}[38;2;220;162;98m1[38;2;165;119;66mv[38;2;222;160;86m1[38;2;203;145;74mt[38;2;165;119;66mv[38;2;195;139;70mf[38;2;191;137;69mj[38;2;202;142;74mt  [38;2;1;40;91m#[38;2;203;145;74mt[38;2;202;142;74mtt     [38;2;165;77;78mJ[38;2;230;50;25mC[38;2;82;89;136mQ                  [0m
           [38;2;213;154;84m([38;2;7;89;104mq[38;2;19;131;148mCCCC      [38;2;151;105;54mY[38;2;190;134;74mj[38;2;186;133;67mr[38;2;202;142;74mt[38;2;191;137;69mjj[38;2;190;134;74mj[38;2;202;142;74mtt[38;2;93;80;63mZ    [38;2;1;49;82m*[38;2;196;140;70mf[38;2;210;149;82m|[38;2;203;145;74mtt[38;2;206;148;82m/[38;2;191;137;69mj[38;2;136;99;54mJ[38;2;186;133;67mr[38;2;191;137;69mj[38;2;202;142;74mt[38;2;196;140;70mf[38;2;19;42;66m*[38;2;1;40;91m#[38;2;206;148;82m/[38;2;203;145;74mt[38;2;206;148;82m/    [38;2;113;115;107mX[38;2;230;50;25mCC[38;2;131;104;93mY                  [0m
           [38;2;72;68;55mq[38;2;202;142;74mt[38;2;3;120;140m0[38;2;19;131;148mCC[38;2;3;120;140m0        [38;2;72;68;55mq[38;2;202;142;74mt[38;2;191;137;69mj[38;2;196;140;70mf[38;2;195;139;70mf[38;2;202;142;74mt[38;2;186;133;67mr      [38;2;72;68;55mq[38;2;195;141;80mf[38;2;191;137;69mjj[38;2;202;142;74mt[38;2;191;137;69mj[38;2;165;119;66mv[38;2;172;147;106mf[38;2;136;99;54mJ[38;2;196;140;70mf[38;2;191;137;69mjj[38;2;122;90;51mL[38;2;206;148;82m/[38;2;203;145;74mt[38;2;196;140;70mf     [38;2;223;164;37m)[38;2;237;108;21mx[38;2;203;59;52mJ                  [0m
             [38;2;186;133;67mr[38;2;165;119;66mv[38;2;19;131;148mC[38;2;9;127;145mL        [38;2;203;145;74mt[38;2;216;152;78m|[38;2;203;145;74mt[38;2;202;142;74mt[38;2;195;139;70mf[38;2;72;68;55mq       [38;2;19;42;66m*[38;2;190;134;74mj[38;2;186;133;67mr[38;2;191;137;69mj[38;2;202;142;74mt[38;2;174;128;75mn[38;2;202;142;74mt[38;2;151;105;54mY[38;2;191;176;132m}}[38;2;191;137;69mjj[38;2;190;134;74mj[38;2;206;148;82m/[38;2;202;142;74mt[38;2;151;105;54mY     [38;2;223;164;37m)[38;2;218;185;2m}[38;2;223;164;37m)                  [0m
               [38;2;145;97;43mU[38;2;140;118;81mc[38;2;1;45;76m*     [38;2;1;40;91m#[38;2;197;186;179m[[38;2;209;209;201m~[38;2;135;122;102mc[38;2;148;150;140mf[38;2;209;209;201m~         [38;2;165;119;66mv[38;2;210;149;82m|[38;2;216;152;78m|[38;2;222;160;86m1[38;2;229;165;90m}[38;2;216;152;78m|[38;2;202;142;74mt[38;2;151;105;54mY[38;2;191;176;132m}[38;2;198;181;137m{[38;2;191;176;132m}[38;2;151;105;54mY[38;2;191;137;69mj[38;2;203;145;74mt[38;2;202;142;74mt[38;2;107;69;23mm     [38;2;112;103;85mJ[38;2;122;90;51mL[38;2;169;169;83m|                  [0m
                  [38;2;29;59;94mk      [38;2;78;84;116m0 [38;2;2;52;114ma          [38;2;103;141;144mu[38;2;148;150;140mf[38;2;180;132;77mr[38;2;227;227;221ml[38;2;180;132;77mr[38;2;165;119;66mv[38;2;239;238;235m:[38;2;2;52;114ma  [38;2;135;122;102mc[38;2;191;176;132m}[38;2;183;161;121m([38;2;162;111;53mz[38;2;196;140;70mff[38;2;206;148;82m/[38;2;222;161;90m11[38;2;229;165;90m}[38;2;236;171;98m][38;2;180;132;77mr                    [0m
                                         [38;2;148;150;140mf         [38;2;7;89;104mq[38;2;165;119;66mv[38;2;93;80;63mZ[38;2;107;69;23mm[38;2;136;99;54mJ[38;2;93;80;63mZ[38;2;7;89;104mq                      [0m
                                                    [38;2;1;37;82m#                           [0m
