                                                                                [0m
                                                                                [0m
                                                                                [0m
                                                                                [0m
                                                                                [0m
                                 [38;2;235;232;228m;[38;2;239;237;233m:[38;2;235;232;228m;                                            [0m
                                [38;2;133;109;105mX[38;2;239;237;233m:[38;2;231;179;176m-[38;2;237;232;228m;[38;2;239;237;233m:[38;2;88;67;64mw                                          [0m
                               [38;2;88;67;64mw[38;2;239;237;233m:[38;2;236;218;213m![38;2;234;189;187m++[38;2;239;236;232m:[38;2;239;237;233m:[38;2;100;77;73mO                [38;2;235;232;228m;[38;2;238;236;233m:[38;2;238;235;231m;[38;2;95;72;68mZ                     [0m
                               [38;2;154;129;124mn[38;2;236;233;230m;[38;2;233;187;184m___[38;2;228;173;167m[[38;2;235;232;228m;[38;2;236;233;230m;              ;;;[38;2;239;236;232m:[38;2;239;237;233m:[38;2;127;104;99mY                     [0m
                               [38;2;127;104;99mY[38;2;236;233;230m;[38;2;233;187;184m____[38;2;234;203;199m<[38;2;236;233;230m;[38;2;88;67;64mw           [38;2;236;233;230m;;[38;2;236;218;213m![38;2;233;187;184m__[38;2;234;192;190m+[38;2;239;237;233m:                      [0m
                                [38;2;133;109;105mX[38;2;235;209;205m>[38;2;233;187;184m____[38;2;236;233;230m;[38;2;145;122;117mu         [38;2;107;83;79mQ[38;2;236;233;230m;[38;2;231;219;212m![38;2;229;178;173m?[38;2;233;187;184m___[38;2;235;209;205m>[38;2;239;237;233m:                      [0m
                                 [38;2;209;196;191m_[38;2;232;183;180m--[38;2;233;187;184m__[38;2;236;233;230m;[38;2;176;153;148m|        [38;2;93;70;66mm[38;2;236;233;230m;[38;2;226;189;184m_[38;2;233;187;184m____[38;2;235;211;208mi[38;2;239;237;233m:                       [0m
                                  [38;2;239;237;233m:[38;2;231;179;176m-[38;2;234;189;187m++[38;2;239;237;233m:[38;2;175;150;144m/       [38;2;132;106;101mX[38;2;239;237;233m:[38;2;236;215;211mi[38;2;234;189;187m++++[38;2;233;195;191m~[38;2;239;237;233m:[38;2;131;102;98mY                       [0m
                                   [38;2;235;230;226mI[38;2;229;170;166m[[38;2;228;161;156m{[38;2;239;237;233m:[38;2;131;102;98mY [38;2;154;129;124mn[38;2;165;141;136mf[38;2;127;110;105mX[38;2;140;116;111mc  [38;2;238;235;231m;[38;2;239;237;233m:[38;2;234;189;187m+++[38;2;233;187;184m_[38;2;239;237;233m:[38;2;126;100;96mU                         [0m
                                   [38;2;93;70;66mm[38;2;239;237;233m::::[38;2;238;236;233m:[38;2;238;235;231m;[38;2;238;236;233m:[38;2;238;235;231m;[38;2;238;236;233m:[38;2;238;235;231m;[38;2;204;180;174m[[38;2;216;192;186m_[38;2;204;152;147m([38;2;228;165;160m][38;2;234;197;194m~[38;2;239;237;233m:                            [0m
                                  [38;2;239;237;233m:::[38;2;238;235;231m;[38;2;239;237;233m::[38;2;238;236;233m:[38;2;238;235;231m;[38;2;238;236;233m:[38;2;238;235;231m;[38;2;238;236;233m:[38;2;238;235;231m;[38;2;238;236;233m:[38;2;238;235;231m;[38;2;239;237;233m:[38;2;226;218;214mi                              [0m
                                 [38;2;236;233;230m;;;;;;;[38;2;239;237;233m::::::::[38;2;236;233;230m;[38;2;223;214;210m>                              [0m
                               [38;2;115;93;89mC[38;2;236;233;230m;;;;;;;;[38;2;239;237;233m::::::::[38;2;236;226;221mI[38;2;236;233;230m;[38;2;107;83;79mQ                             [0m
                              [38;2;161;136;131mr[38;2;239;237;233m:[38;2;236;233;230m;;;[38;2;231;219;212m!![38;2;191;175;169m{[38;2;236;233;230m;;[38;2;239;237;233m::::::[38;2;209;191;186m-[38;2;239;237;233m:[38;2;236;233;230m;;[38;2;216;201;196m+                             [0m
                             [38;2;173;137;130mj[38;2;239;237;233m::[38;2;233;195;191m~[38;2;228;173;167m[[38;2;217;177;171m[[38;2;140;116;111mc[38;2;161;122;105mu[38;2;236;233;230m;;;[38;2;239;237;233m:::[38;2;238;232;228m;[38;2;239;237;233m:[38;2;234;222;217ml[38;2;237;223;220ml[38;2;211;192;186m-[38;2;236;233;230m;;;                             [0m
                             [38;2;144;114;107mc[38;2;236;215;211mi[38;2;237;232;228m;[38;2;234;192;190m+[38;2;234;189;187m+++[38;2;239;237;233m::::[38;2;238;235;231m;[38;2;220;128;121mt[38;2;238;235;231m;[38;2;238;236;233m:[38;2;238;235;231m;[38;2;191;175;169m{[38;2;48;32;30m*[38;2;73;57;54md[38;2;160;150;146mt[38;2;239;237;233m::[38;2;195;166;160m1                            [0m
                              [38;2;222;207;201m<[38;2;238;235;231m;[38;2;239;237;233m::::::::[38;2;238;235;231m;[38;2;238;236;233m:[38;2;238;235;231m;[38;2;238;236;233m:[38;2;238;235;231m;[38;2;238;236;233m:[38;2;233;187;184m_[38;2;233;188;187m+[38;2;232;183;180m-[38;2;231;175;172m?[38;2;239;237;233m:[38;2;201;184;180m[                            [0m
                                [38;2;107;75;70mO[38;2;188;169;164m}[38;2;239;237;233m::::::[38;2;238;235;231m;[38;2;238;236;233m:[38;2;238;235;231m;[38;2;238;236;233m:[38;2;238;235;231m;[38;2;238;236;233m:[38;2;238;235;231m;[38;2;238;236;233m:[38;2;239;237;233m::[38;2;199;183;177m[                             [0m
                                [38;2;127;104;99mY[38;2;239;237;233m:::[38;2;223;214;210m>[38;2;202;176;170m][38;2;227;216;211mi[38;2;204;180;174m[[38;2;206;188;182m?[38;2;238;236;233m:[38;2;238;235;231m;[38;2;238;236;233m:[38;2;238;235;231m;[38;2;238;236;233m:[38;2;209;188;183m?[38;2;182;145;139m/[38;2;154;110;102mc                               [0m
                               [38;2;115;79;73mQ[38;2;226;218;214mi[38;2;236;233;230m;;;;;;;[38;2;239;237;233m::::::::[38;2;204;189;184m?                               [0m
                               [38;2;239;237;233m:[38;2;236;233;230m;;;;[38;2;196;169;163m}[38;2;219;205;200m~[38;2;236;233;230m;;[38;2;239;237;233m::[38;2;229;221;217m![38;2;211;192;186m-[38;2;239;237;233m::::[38;2;236;233;230m;[38;2;88;67;64mw                              [0m
                              [38;2;150;125;121mn[38;2;239;237;233m:[38;2;236;233;230m;;;;;;[38;2;200;177;172m][38;2;235;232;228m;[38;2;230;223;218m![38;2;211;192;186m-[38;2;239;237;233m::::::[38;2;236;233;230m;;                              [0m
                             [38;2;144;114;107mc[38;2;239;237;233m::[38;2;236;233;230m;;;;;;;[38;2;214;199;195m+[38;2;239;237;233m::[38;2;238;235;231m;[38;2;239;237;233m:::::[38;2;236;233;230m;;[38;2;233;228;224mI[38;2;236;233;230m;;;[38;2;93;70;66mm                         [0m
                             [38;2;238;236;233m:[38;2;238;235;231m;[38;2;238;236;233m:[38;2;229;221;217m![38;2;239;237;233m:::::::[38;2;238;236;233m:[38;2;238;235;231m;[38;2;238;236;233m:[38;2;238;235;231m;[38;2;238;236;233m:[38;2;238;235;231m;[38;2;238;236;233m:[38;2;216;201;196m+[38;2;239;237;233m:::[38;2;202;176;170m][38;2;239;236;232m:[38;2;239;237;233m:[38;2;166;144;140mf                         [0m
                            [38;2;93;70;66mm[38;2;238;236;233m:[38;2;238;235;231m;[38;2;238;236;233m:[38;2;239;237;233m:[38;2;232;225;220ml[38;2;239;237;233m::::[38;2;218;204;200m~[38;2;239;237;233m:[38;2;238;236;233m:[38;2;226;218;214mi[38;2;238;236;233m:[38;2;238;235;231m;[38;2;238;236;233m:[38;2;238;235;231m;[38;2;222;207;201m<[38;2;238;235;231m;[38;2;239;237;233m:::[38;2;219;205;200m~[38;2;239;237;233m::[38;2;98;74;70mZ                         [0m
                          [38;2;235;232;228m;[38;2;236;233;230m;;[38;2;233;188;187m+[38;2;238;235;231m;[38;2;195;166;160m1[38;2;235;230;226mI[38;2;239;237;233m:[38;2;236;226;221mI[38;2;239;237;233m::::[38;2;200;175;169m{[38;2;203;180;174m[[38;2;238;235;231m;[38;2;238;236;233m:[38;2;238;235;231m;[38;2;238;236;233m:[38;2;233;222;215m![38;2;238;236;233m:[38;2;238;235;231m;;[38;2;230;223;218m![38;2;236;218;213m![38;2;234;192;190m+[38;2;239;237;233m:[38;2;238;234;230m;                          [0m
                         [38;2;138;112;107mz[38;2;234;197;194m~[38;2;238;234;230m;[38;2;234;222;217ml[38;2;238;236;233m:[38;2;237;227;223mI[38;2;238;236;233m:[38;2;239;237;233m:[38;2;219;205;200m~[38;2;233;228;224mI[38;2;234;222;217ml[38;2;238;234;230m;[38;2;239;237;233m::[38;2;196;169;163m}[38;2;233;228;224mI[38;2;238;235;231m;[38;2;238;236;233m:[38;2;232;227;223mI[38;2;231;219;212m![38;2;238;235;231m;[38;2;222;209;204m<[38;2;238;235;231m;[38;2;239;237;233m::::[38;2;237;220;217m!![38;2;238;232;228m;                         [0m
                          [38;2;234;203;199m<[38;2;237;220;217m![38;2;239;237;233m:[38;2;234;192;190m+++[38;2;233;187;184m_[38;2;233;195;191m~[38;2;203;180;174m[[38;2;206;188;182m?[38;2;231;219;212m!!![38;2;213;195;190m_[38;2;224;212;206m>[38;2;234;222;217ml[38;2;237;223;220ml[38;2;234;222;217ml[38;2;237;232;228m;[38;2;235;230;226mI[38;2;239;237;233m:[38;2;234;192;190m+[38;2;233;187;184m___[38;2;234;222;217ml[38;2;236;233;230m;[38;2;233;188;187m+[38;2;209;196;191m_                         [0m
                            [38;2;114;89;85mL[38;2;239;237;233m:[38;2;238;232;228m;[38;2;234;192;190m+[38;2;233;187;184m__[38;2;236;233;230m;  [38;2;152;116;110mv[38;2;193;162;156m1[38;2;137;100;91mY[38;2;90;66;61mw[38;2;154;110;102mc   [38;2;147;122;117mu[38;2;234;200;197m<[38;2;234;192;190m+[38;2;233;187;184m_[38;2;233;190;188m+[38;2;236;233;230m;[38;2;204;189;184m?                            [0m
                                                                                [0m
                                                                                [0m
                                                                                [0m
                                                                                [0m
                                                                                [0m
                                                                                [0m
