                                                                                [0m
                                                                                [0m
                                                                                [0m
                                                                                [0m
                                                                                [0m
                                                                                [0m
                                                                                [0m
                                                                                [0m
                                                                                [0m
                      [38;2;236;233;230m;;[38;2;239;237;233m:::[38;2;238;234;230m;[38;2;123;99;95mU                              [38;2;124;101;96mU[38;2;115;93;89mC                   [0m
                      [38;2;138;112;107mz[38;2;236;233;230m;[38;2;238;232;228m;[38;2;234;192;190m++[38;2;234;197;194m~[38;2;239;237;233m:::[38;2;189;171;167m}                     [38;2;154;129;124mn[38;2;236;233;230m;;[38;2;239;237;233m::[38;2;238;232;228m;[38;2;239;236;232m:[38;2;239;237;233m:                   [0m
                       [38;2;157;134;129mr[38;2;239;237;233m:[38;2;236;218;213m![38;2;234;192;190m+++++[38;2;237;227;223mI[38;2;236;233;230m;;                 ;;[38;2;232;225;220ml[38;2;228;173;167m[[38;2;233;187;184m_[38;2;234;192;190m+++[38;2;239;237;233m:[38;2;165;141;136mf                   [0m
                         [38;2;238;236;233m:[38;2;235;205;203m>[38;2;233;188;187m+[38;2;233;187;184m_[38;2;233;188;187m+[38;2;233;187;184m_[38;2;233;188;187m+[38;2;234;189;187m+[38;2;234;197;194m~[38;2;239;237;233m:[38;2;144;118;113mv             [38;2;166;144;140mf[38;2;239;237;233m:[38;2;236;226;221mI[38;2;234;189;187m++++[38;2;233;187;184m_[38;2;233;188;187m+[38;2;236;233;230m;[38;2;223;214;210m>                    [0m
                          [38;2;98;74;70mZ[38;2;238;236;233m:[38;2;234;200;197m<[38;2;233;188;187m+[38;2;233;187;184m_[38;2;233;188;187m+[38;2;234;189;187m++[38;2;233;187;184m_[38;2;237;223;220ml[38;2;239;237;233m:          [38;2;191;175;169m{[38;2;239;237;233m:[38;2;237;223;220ml[38;2;234;189;187m++++++[38;2;233;190;188m+[38;2;238;236;233m:[38;2;132;106;101mX                     [0m
                              [38;2;201;184;180m[[38;2;238;236;233m:[38;2;238;232;228m;[38;2;234;200;197m<[38;2;228;161;156m{{[38;2;196;143;137m/[38;2;233;228;224mI[38;2;239;237;233m:[38;2;223;214;210m>[38;2;222;207;201m<[38;2;216;201;196m+[38;2;222;209;204m<[38;2;223;214;210m>[38;2;147;122;117mu [38;2;238;236;233m:[38;2;233;195;191m~[38;2;229;170;166m[[38;2;234;189;187m++[38;2;233;187;184m_[38;2;229;178;173m?[38;2;233;187;184m_[38;2;239;237;233m:[38;2;165;141;136mf                        [0m
                                  [38;2;238;235;231m;[38;2;239;237;233m:::::[38;2;238;236;233m:[38;2;238;235;231m;[38;2;238;236;233m:[38;2;238;235;231m;[38;2;238;236;233m:[38;2;238;235;231m;[38;2;233;228;224mI[38;2;196;143;137m/[38;2;231;179;176m-[38;2;239;237;233m:[38;2;237;232;228m;[38;2;133;109;105mX                            [0m
                                 [38;2;236;233;230m;;;;;;;[38;2;239;237;233m::::::::[38;2;236;233;230m;                               [0m
                               [38;2;232;225;220ml[38;2;236;233;230m;;;;;;;;[38;2;239;237;233m:::::[38;2;233;195;191m~[38;2;239;237;233m::[38;2;236;233;230m;;                              [0m
                              [38;2;133;109;105mX[38;2;239;237;233m:[38;2;236;233;230m;[38;2;181;174;170m}[38;2;165;162;159m|[38;2;233;228;224mI[38;2;236;233;230m;;;;[38;2;239;237;233m::::::::[38;2;236;233;230m;;[38;2;127;104;99mY                             [0m
                             [38;2;171;146;141mt[38;2;239;237;233m::[38;2;236;233;230m;[38;2;98;67;57mm[38;2;40;21;20mWW[38;2;236;233;230m;;;;[38;2;239;237;233m::::[38;2;213;205;201m~[38;2;198;194;190m-[38;2;73;57;54md[38;2;239;237;233m:[38;2;236;233;230m;;[38;2;229;221;217m!                             [0m
                            [38;2;126;85;80mL[38;2;235;205;203m>[38;2;237;220;217m![38;2;233;187;184m_[38;2;234;189;187m+[38;2;204;180;174m[[38;2;194;152;131m|[38;2;199;183;177m[[38;2;239;237;233m:[38;2;234;222;217mll[38;2;233;222;215m![38;2;231;219;212m![38;2;238;236;233m:[38;2;238;235;231m;[38;2;214;199;195m+[38;2;43;28;23m##[38;2;220;209;204m<[38;2;238;236;233m:[38;2;239;237;233m:::[38;2;209;188;183m?                            [0m
                             [38;2;216;201;196m+[38;2;236;215;211mi[38;2;233;187;184m___[38;2;238;232;228m;[38;2;239;237;233m:::[38;2;229;170;166m[[38;2;239;237;233m:[38;2;238;235;231m;[38;2;238;236;233m:[38;2;238;235;231m;[38;2;238;236;233m:[38;2;237;229;225mI[38;2;233;188;187m+[38;2;233;187;184m_[38;2;233;188;187m+[38;2;234;189;187m+[38;2;239;237;233m::[38;2;226;218;214mi                            [0m
                              [38;2;154;129;124mn[38;2;232;225;220ml[38;2;239;237;233m::::::::[38;2;238;235;231m;[38;2;238;236;233m:[38;2;238;235;231m;[38;2;238;236;233m:[38;2;238;235;231m;[38;2;237;229;225mI[38;2;234;200;197m<[38;2;235;211;208mii[38;2;239;237;233m:[38;2;226;218;214mi[38;2;105;70;63mZ                            [0m
                                 [38;2;239;237;233m:[38;2;216;201;196m+[38;2;217;200;194m+[38;2;239;237;233m::::[38;2;238;235;231m;[38;2;238;236;233m:[38;2;238;235;231m;[38;2;238;236;233m:[38;2;238;235;231m;[38;2;238;236;233m:[38;2;224;212;206m>[38;2;206;185;179m?[38;2;161;130;125mx                               [0m
                               [38;2;154;110;102mc[38;2;206;185;179m?[38;2;236;233;230m;;;;;;;[38;2;239;237;233m::::::::[38;2;206;185;179m?                               [0m
                               [38;2;239;237;233m:[38;2;236;233;230m;;;;[38;2;206;188;182m?[38;2;232;227;223mI[38;2;236;233;230m;;[38;2;239;237;233m::[38;2;238;236;233m:[38;2;213;195;190m_[38;2;239;237;233m::::[38;2;236;233;230m;[38;2;144;118;113mv                              [0m
                              [38;2;209;191;186m-[38;2;239;237;233m:[38;2;236;233;230m;;;;;[38;2;214;199;195m+[38;2;212;194;189m_[38;2;235;232;228m;[38;2;238;234;230m;[38;2;219;205;200m~[38;2;229;221;217m![38;2;239;237;233m:::::[38;2;236;233;230m;;                              [0m
                             [38;2;209;196;191m_[38;2;239;237;233m::[38;2;236;233;230m;;;;;[38;2;233;228;224mI[38;2;236;233;230m;[38;2;186;151;143m|[38;2;223;214;210m>[38;2;239;237;233m:[38;2;227;216;211mi[38;2;239;237;233m:::::[38;2;236;233;230m;;; [38;2;191;175;169m{[38;2;235;232;228m;[38;2;195;178;173m]                         [0m
                            [38;2;98;74;70mZ[38;2;238;236;233m:[38;2;238;235;231m;[38;2;238;236;233m:[38;2;239;237;233m::::::[38;2;203;180;174m[[38;2;239;237;233m:[38;2;238;236;233m:[38;2;216;201;196m+[38;2;238;236;233m:[38;2;238;235;231m;[38;2;238;236;233m:[38;2;238;235;231m;[38;2;238;236;233m:[38;2;238;235;231m;[38;2;239;237;233m:::[38;2;224;212;206m>[38;2;206;185;179m?[38;2;222;209;204m<[38;2;239;237;233m:[38;2;145;122;117mu                        [0m
                            [38;2;206;185;179m?[38;2;202;178;172m][38;2;223;214;210m>[38;2;238;236;233m:[38;2;239;237;233m:[38;2;204;180;174m[[38;2;239;237;233m:::::[38;2;190;158;152m([38;2;238;236;233m:[38;2;238;235;231m;[38;2;238;236;233m:[38;2;238;235;231m;[38;2;238;236;233m:[38;2;238;235;231m;[38;2;217;200;194m+[38;2;238;235;231m;[38;2;239;237;233m::[38;2;203;180;174m[[38;2;202;178;172m][38;2;239;237;233m:[38;2;233;228;224mI[38;2;239;237;233m:[38;2;161;130;125mx                        [0m
                          [38;2;178;160;155m([38;2;234;189;187m+[38;2;234;192;190m+[38;2;236;215;211mi[38;2;233;187;184m_[38;2;238;236;233m:[38;2;229;221;217m![38;2;239;237;233m:[38;2;227;216;211mi[38;2;238;232;228m;[38;2;239;237;233m::[38;2;206;185;179m?[38;2;239;237;233m:[38;2;238;236;233m:[38;2;238;235;231m;[38;2;238;236;233m:[38;2;238;235;231m;[38;2;231;219;212m![38;2;238;235;231m;[38;2;238;236;233m:[38;2;206;185;179m?[38;2;227;216;211mi[38;2;237;220;217m![38;2;234;189;187m+[38;2;238;235;231m;[38;2;234;189;187m+[38;2;237;229;225mI[38;2;114;89;85mL                         [0m
                          [38;2;237;227;223mI[38;2;235;205;203m>[38;2;238;235;231m;[38;2;237;232;228m;[38;2;233;190;188m+[38;2;235;205;203m>[38;2;237;229;225mI[38;2;239;237;233m:[38;2;227;216;211mi[38;2;239;237;233m:[38;2;202;178;172m][38;2;190;156;149m([38;2;233;222;215m![38;2;234;222;217mll[38;2;231;219;212m![38;2;233;222;215m![38;2;190;158;152m([38;2;238;236;233m:[38;2;238;235;231m;[38;2;209;188;183m?[38;2;238;235;231m;[38;2;238;232;228m;[38;2;234;197;194m~[38;2;235;209;205m>[38;2;239;237;233m:[38;2;236;226;221mI[38;2;237;220;217m![38;2;224;212;206m>                         [0m
                           [38;2;239;237;233m::[38;2;235;205;203m>[38;2;234;192;190m++[38;2;233;187;184m__[38;2;230;223;218m![38;2;236;233;230m;;[38;2;170;127;120mx[38;2;231;219;212m![38;2;224;212;206m>[38;2;209;188;183m??[38;2;193;162;156m1[38;2;239;237;233m::[38;2;209;188;183m?[38;2;237;227;223mI[38;2;234;192;190m+[38;2;233;187;184m___[38;2;236;233;230m;;[38;2;191;175;169m{                          [0m
                              [38;2;229;221;217m![38;2;235;211;208mi[38;2;233;187;184m__[38;2;236;233;230m;          [38;2;147;122;117mu[38;2;235;211;208mi[38;2;234;192;190m+[38;2;233;187;184m_[38;2;236;226;221mI[38;2;157;134;129mr                             [0m
                                                                                [0m
                                                                                [0m
                                                                                [0m
                                                                                [0m
                                                                                [0m
                                                                                [0m
