    [38;2;22;31;43mMMMM                                                                        [0m
    [38;2;22;31;43mM[38;2;242;214;1m_[38;2;247;233;1m<<<[38;2;242;214;1m_[38;2;235;184;0m{[38;2;126;87;1m0[38;2;22;31;43mMM                                                                  [0m
    [38;2;22;31;43mM[38;2;247;233;1m<<<<<<<<<<[38;2;242;214;1m_[38;2;235;184;0m{[38;2;138;111;43mY[38;2;22;31;43mMM                                                            [0m
    [38;2;22;31;43mM[38;2;235;184;0m{[38;2;247;233;1m<<<<<<<<<<<<<<[38;2;242;214;1m__[38;2;165;111;1mX[38;2;22;31;43mMM                                                       [0m
     [38;2;22;31;43mM[38;2;242;214;1m_[38;2;247;233;1m<<<<<<<<<<<<<<<[38;2;242;214;1m_[38;2;203;133;0mx[38;2;22;31;43mM                                                       [0m
     [38;2;22;31;43mMMMMMM[38;2;203;133;0mx[38;2;242;214;1m_[38;2;247;233;1m<<<<<<<<[38;2;242;214;1m_[38;2;165;111;1mX[38;2;22;31;43mM                                                        [0m
                [38;2;22;31;43mM[38;2;235;184;0m{[38;2;247;233;1m<<[38;2;242;214;1m_[38;2;235;184;0m{[38;2;22;31;43mM                                                         [0m
                [38;2;22;31;43mM[38;2;235;184;0m{[38;2;247;233;1m<<[38;2;22;31;43mMM                                                          [0m
               [38;2;22;31;43mMM[38;2;235;184;0m{[38;2;247;233;1m<<<<[38;2;235;184;0m{[38;2;203;133;0mx[38;2;22;31;43mMMM                                                     [0m
               [38;2;22;31;43mMM[38;2;203;133;0mx[38;2;242;214;1m__[38;2;247;233;1m<<<<<[38;2;235;184;0m{[38;2;22;31;43mM                   MMM                               [0m
                      [38;2;22;31;43mMM[38;2;105;65;24mw[38;2;22;31;43mM                MMM  MMM[38;2;165;111;1mXX[38;2;22;31;43mMM                          [0m
                      [38;2;105;65;24mw[38;2;112;61;31mw[38;2;105;65;24mww[38;2;22;31;43mMMM         MMM[38;2;105;65;24mw[38;2;22;31;43mMMMMM[38;2;203;133;0mx[38;2;105;65;24mww[38;2;165;111;1mX[38;2;203;133;0mxxx[38;2;165;111;1mX[38;2;138;111;43mY[38;2;22;31;43mMM                      [0m
                      [38;2;22;31;43mMM[38;2;105;65;24mwwwww[38;2;22;31;43mM     M[38;2;203;133;0mxx[38;2;126;87;1m0000[38;2;235;184;0m{[38;2;165;111;1mXX[38;2;22;31;43mMM[38;2;235;184;0m{[38;2;242;214;1m_[38;2;247;233;1m<[38;2;242;214;1m_[38;2;235;184;0m{[38;2;203;133;0mx[38;2;165;111;1mXX[38;2;203;133;0mxx[38;2;165;111;1mX[38;2;126;87;1m0[38;2;105;65;24mw                    [0m
                          [38;2;22;31;43mMM[38;2;105;65;24mw[38;2;112;61;31mw[38;2;105;65;24mww[38;2;22;31;43mMM[38;2;203;133;0mx[38;2;242;214;1m_[38;2;247;233;1m<<[38;2;126;87;1m0000[38;2;247;233;1m<<[38;2;242;214;1m_[38;2;126;87;1m0[38;2;105;65;24mw[38;2;22;31;43mM[38;2;203;133;0mx[38;2;235;184;0m{[38;2;242;214;1m_[38;2;247;233;1m<<<[38;2;242;214;1m_[38;2;235;184;0m{[38;2;203;133;0mx[38;2;165;111;1mX[38;2;203;133;0mxxxxxx[38;2;22;31;43mMM              [0m
                            [38;2;22;31;43mMMMM[38;2;105;65;24mw[38;2;235;184;0m{[38;2;242;214;1m_[38;2;247;233;1m<<<[38;2;235;184;0m{[38;2;126;87;1m000[38;2;247;233;1m<<<[38;2;126;87;1m00[38;2;112;61;31mw[38;2;203;133;0mx[38;2;165;111;1mX[38;2;138;111;43mY[38;2;235;184;0m{[38;2;242;214;1m_[38;2;247;233;1m<<<<<<<<<<<[38;2;242;214;1m__[38;2;165;111;1mX[38;2;105;65;24mww           [0m
                               [38;2;22;31;43mM[38;2;235;184;0m{[38;2;247;233;1m<<<<<<[38;2;235;184;0m{[38;2;138;111;43mYY[38;2;247;233;1m<<<[38;2;126;87;1m00[38;2;235;184;0m{[38;2;242;214;1m_[38;2;247;233;1m<[38;2;242;214;1m_[38;2;235;184;0m{[38;2;203;133;0mx[38;2;165;111;1mX[38;2;138;111;43mY[38;2;203;133;0mx[38;2;242;214;1m__[38;2;247;233;1m<<<<<<<<<<[38;2;242;214;1m_[38;2;235;184;0m{[38;2;22;31;43mM         [0m
                              [38;2;22;31;43mM[38;2;235;184;0m{[38;2;247;233;1m<<<<<<<<<<<<<<<<<<<<<<<<<<<<<<<<<<<<<<[38;2;203;133;0mx[38;2;22;31;43mM        [0m
                              [38;2;22;31;43mM[38;2;247;233;1m<<<<<<<<<<<<<<<<<<<<<<<<<<<<<<<<<<<[38;2;242;214;1m___[38;2;247;233;1m<[38;2;242;214;1m_[38;2;22;31;43mM        [0m
                              [38;2;22;31;43mM[38;2;235;184;0m{[38;2;247;233;1m<<<<<<<<<<<<<<<<<<<<<<<<<<<<<<<<<<[38;2;138;111;43mY[38;2;22;31;43mM [38;2;247;233;1m<[38;2;235;184;0m{[38;2;22;31;43mM        [0m
                              [38;2;22;31;43mM[38;2;235;184;0m{{[38;2;247;233;1m<<<<<<<<<[38;2;203;133;0mx[38;2;235;184;0m{{[38;2;242;214;1m_[38;2;247;233;1m<<<<<<<<<<<<<<[38;2;235;184;0m{[38;2;232;109;72mrrr[38;2;242;214;1m_[38;2;247;233;1m<[38;2;165;111;1mX[38;2;106;50;63mq[38;2;138;111;43mY[38;2;247;233;1m<[38;2;203;133;0mx[38;2;22;31;43mM        [0m
                               [38;2;22;31;43mM[38;2;235;184;0m{{[38;2;242;214;1m_[38;2;247;233;1m<<<<<<<<[38;2;242;214;1m_[38;2;235;184;0m{[38;2;138;111;43mYY[38;2;235;184;0m{[38;2;242;214;1m_[38;2;247;233;1m<<<<<<<<<<[38;2;235;184;0m{[38;2;171;52;14mOO[38;2;220;0;39mww[38;2;232;109;72mrr[38;2;247;233;1m<<<<<<[38;2;235;184;0m{[38;2;22;31;43mM      [0m
                               [38;2;22;31;43mM[38;2;203;133;0mx[38;2;235;184;0m{{{{[38;2;242;214;1m_[38;2;247;233;1m<<<<<<<<[38;2;235;184;0m{[38;2;138;111;43mY[38;2;235;184;0m{[38;2;247;233;1m<<<<<<<<<<[38;2;242;214;1m_[38;2;203;133;0mx[38;2;171;52;14mOOO[38;2;203;133;0mx[38;2;235;184;0m{[38;2;247;233;1m<<<<[38;2;203;133;0mx[38;2;138;111;43mY[38;2;22;31;43mM       [0m
                                 [38;2;22;31;43mM[38;2;165;111;1mX[38;2;235;184;0m{{{{[38;2;242;214;1m_[38;2;247;233;1m<<<<[38;2;242;214;1m_[38;2;235;184;0m{{[38;2;138;111;43mY[38;2;235;184;0m{[38;2;242;214;1m_[38;2;247;233;1m<<<<<<<<<<<<<<<<<<[38;2;242;214;1m_[38;2;235;184;0m{[38;2;165;111;1mX[38;2;22;31;43mM        [0m
                                   [38;2;22;31;43mM[38;2;165;111;1mX[38;2;203;133;0mxx[38;2;235;184;0m{{{{{{{[38;2;203;133;0mx[38;2;235;184;0m{[38;2;138;111;43mY[38;2;126;87;1m00[38;2;247;233;1m<<<[38;2;242;214;1m_[38;2;235;184;0m{{{{{{{{{{[38;2;203;133;0mxx[38;2;165;111;1mX[38;2;22;31;43mMM          [0m
                                      [38;2;22;31;43mM[38;2;165;111;1mX[38;2;203;133;0mx[38;2;165;111;1mX[38;2;22;31;43mMMMM[38;2;126;87;1m0[38;2;235;184;0m{{{{[38;2;247;233;1m<<[38;2;242;214;1m_[38;2;138;111;43mYYYY[38;2;22;31;43mMMMMMM                [0m
                                              [38;2;22;31;43mM[38;2;235;184;0m{{[38;2;242;214;1m_[38;2;247;233;1m<<[38;2;242;214;1m_[38;2;138;111;43mY[38;2;203;133;0mx[38;2;165;111;1mX[38;2;22;31;43mMM                      [0m
                                              [38;2;22;31;43mM[38;2;235;184;0m{{[38;2;247;233;1m<<[38;2;242;214;1m_[38;2;138;111;43mY[38;2;203;133;0mx[38;2;165;111;1mX[38;2;126;87;1m0                        [0m
                                              [38;2;22;31;43mM[38;2;203;133;0mx[38;2;235;184;0m{[38;2;242;214;1m__[38;2;138;111;43mY[38;2;203;133;0mx[38;2;22;31;43mM                          [0m
                                               [38;2;138;111;43mY[38;2;22;31;43mM[38;2;138;111;43mY[38;2;22;31;43mM[38;2;138;111;43mY[38;2;22;31;43mMM                          [0m
