                                                                                [0m
                                                                                [0m
                                                                                [0m
                                                                                [0m
                                                                                [0m
                                                                                [0m
                                                                                [0m
                                                                                [0m
                                                                                [0m
                                                                                [0m
                                                                                [0m
                                              [38;2;49;0;33m8[38;2;137;134;141mn[38;2;170;165;171m)[38;2;49;0;33m8          888                 [0m
                                              [38;2;49;0;33m8[38;2;189;213;205m+[38;2;222;164;156m{[38;2;249;219;224mI [38;2;189;213;205m+[38;2;49;0;33m88  88[38;2;189;213;205m+++[38;2;201;118;101mr[38;2;49;0;33m8                 [0m
                                              [38;2;49;0;33m888[38;2;197;115;99mx[38;2;75;23;39mo[38;2;193;219;210m<     [38;2;217;231;226ml[38;2;189;213;205m+[38;2;197;115;99mxx[38;2;49;0;33m8                  [0m
                                            [38;2;49;0;33m8[38;2;233;229;232mI  [38;2;202;221;214m>[38;2;188;172;183m{         [38;2;246;249;248m'[38;2;49;0;33m88                  [0m
                                         [38;2;49;0;33m88[38;2;102;81;98mQ   [38;2;190;216;207m~[38;2;49;0;33m8            88                 [0m
                                       [38;2;49;0;33m8[38;2;206;90;82mc[38;2;49;0;33m88[38;2;124;69;51mO[38;2;49;0;33m8[38;2;189;213;205m++[38;2;49;0;33m88[38;2;248;246;247m' [38;2;164;16;58mp[38;2;99;9;42mo[38;2;246;249;248m'    [38;2;169;18;60mq[38;2;99;9;42mo [38;2;46;0;29m8[38;2;153;159;161m/[38;2;49;0;33m888              [0m
              [38;2;68;42;60mk[38;2;79;66;75mw[38;2;228;238;234m;      [38;2;198;212;208m~[38;2;183;209;199m_[38;2;65;34;55maa           [38;2;75;23;39mo[38;2;73;35;62mh   [38;2;234;241;238m:[38;2;46;0;29m8[38;2;249;183;83m?[38;2;49;0;33m8  [38;2;147;149;153mf[38;2;244;245;245m'         [38;2;183;209;199m_[38;2;53;22;42m#[38;2;189;213;205m+[38;2;79;66;75mw[38;2;10;11;10mB[38;2;49;0;33m8[38;2;249;183;83m?[38;2;49;0;33m8            [0m
          [38;2;49;0;33m8[38;2;193;219;210m<              <[38;2;49;0;33m888   8[38;2;241;142;149m1[38;2;254;202;210mi[38;2;255;197;205m>[38;2;248;187;196m~~[38;2;255;197;205m>>>[38;2;231;193;187m+[38;2;173;86;108mX[38;2;210;92;83mv[38;2;49;0;33m888 [38;2;210;227;221m![38;2;189;213;205m+[38;2;123;164;139mf[38;2;49;0;33m8[38;2;46;0;29m88888 8[38;2;49;0;33m8[38;2;46;0;29m8[38;2;123;164;139mff[38;2;55;10;40mW[38;2;249;183;83m?[38;2;46;0;29m8             [0m
         [38;2;49;0;33m8[38;2;221;216;220mi                   [38;2;205;224;218mi[38;2;49;0;33m8    [38;2;173;86;108mX[38;2;255;197;205m>>[38;2;241;142;149m1[38;2;49;0;33m88[38;2;205;224;218mi        [38;2;189;213;205m+++[38;2;49;0;33m8     8[38;2;206;90;82mc[38;2;212;113;86mx[38;2;249;183;83m?[38;2;68;13;38m#[38;2;241;142;149m111[38;2;228;135;145m([38;2;49;0;33m88         [0m
         [38;2;199;185;187m[                       [38;2;145;130;142mn[38;2;105;104;106mJ[38;2;49;0;33m8888[38;2;145;130;142mn[38;2;234;241;238m::        [38;2;210;202;204m+[38;2;234;241;238m:[38;2;209;198;205m+[38;2;189;213;205m+[38;2;49;0;33m8          88[38;2;46;0;29m8            [0m
         [38;2;199;185;187m[                            [38;2;189;213;205m++[38;2;49;0;33m88     [38;2;190;216;207m~[38;2;49;0;33m8 [38;2;90;58;81mw[38;2;123;164;139mf[38;2;189;213;205m+[38;2;125;168;142mt[38;2;49;0;33m8                         [0m
         [38;2;147;149;153mf[38;2;244;245;245m'                        [38;2;246;249;248m'[38;2;217;231;226ml[38;2;189;213;205m+[38;2;49;0;33m8  8  88[38;2;46;0;29m8[38;2;123;164;139mf[38;2;49;0;33m8 [38;2;90;58;81mw[38;2;193;215;207m~[38;2;189;213;205m+[38;2;49;0;33m8                          [0m
          [38;2;49;0;33m8                        [38;2;190;216;207m~[38;2;81;71;78mm    [38;2;49;0;33m8[38;2;202;221;214m> [38;2;49;0;33m8[38;2;123;164;139mff[38;2;126;171;144mt[38;2;46;0;29m8 [38;2;90;58;81mw[38;2;193;215;207m~[38;2;125;168;142mt[38;2;49;0;33m8                          [0m
              [38;2;69;34;59mh[38;2;77;43;67mb[38;2;142;141;147mr[38;2;237;244;242m,            [38;2;210;227;221m![38;2;68;42;60mk[38;2;69;34;59mh          h[38;2;77;43;67mb[38;2;69;34;59mh[38;2;49;0;33m8[38;2;61;23;49m***[38;2;69;34;59mh[38;2;49;0;33m88                           [0m
                   [38;2;49;0;33m8888888888                                                   [0m
                                                                                [0m
                                                                                [0m
                                                                                [0m
                                                                                [0m
                                                                                [0m
                                                                                [0m
