                                                                                [0m
                                                                                [0m
                                                                                [0m
                                                                                [0m
                                                                                [0m
                                                                                [0m
                                                                                [0m
                                                                                [0m
                                                                                [0m
                                                                                [0m
                                                                                [0m
                                              [38;2;49;0;33m8[38;2;137;134;141mn[38;2;181;154;167m([38;2;49;0;33m8          888                 [0m
                                              [38;2;49;0;33m8[38;2;189;213;205m+[38;2;222;164;156m{[38;2;246;225;222mI [38;2;189;213;205m+[38;2;49;0;33m88  88[38;2;190;216;207m~[38;2;189;213;205m++[38;2;201;118;101mr[38;2;49;0;33m8                 [0m
                                              [38;2;49;0;33m888[38;2;197;115;99mx[38;2;66;20;50m*[38;2;193;219;210m<     [38;2;216;228;221m![38;2;189;213;205m+[38;2;197;115;99mxx[38;2;49;0;33m8                  [0m
                                            [38;2;49;0;33m8[38;2;242;234;237m:  [38;2;202;221;214m>[38;2;188;172;183m{      [38;2;246;249;248m'  '[38;2;49;0;33m88                  [0m
                [38;2;49;0;33m88[38;2;191;215;208m~    [38;2;202;221;214m>[38;2;61;23;49m*[38;2;49;0;33m88              88[38;2;102;81;98mQ   [38;2;190;216;207m~[38;2;49;0;33m8         [38;2;246;249;248m'  [38;2;49;0;33m88                 [0m
             [38;2;49;0;33m8[38;2;190;216;207m~             [38;2;181;203;196m-[38;2;49;0;33m8         8[38;2;206;90;82mc[38;2;49;0;33m88[38;2;124;69;51mO[38;2;49;0;33m8[38;2;189;213;205m+[38;2;190;216;207m~[38;2;49;0;33m88  [38;2;164;16;58mp[38;2;99;9;42mo     [38;2;169;18;60mq[38;2;99;9;42mo [38;2;46;0;29m8[38;2;147;149;154mf[38;2;49;0;33m888              [0m
           [38;2;49;0;33m8[38;2;193;219;210m<                 [38;2;129;122;131mv       [38;2;66;20;50m*[38;2;77;43;67mb   [38;2;234;241;238m:[38;2;46;0;29m8[38;2;249;183;83m?[38;2;49;0;33m8  [38;2;142;141;147mr[38;2;237;244;242m,  [38;2;246;249;248m'      [38;2;183;209;199m_[38;2;53;22;42m#[38;2;189;213;205m+[38;2;79;66;75mw[38;2;10;11;10mB[38;2;49;0;33m8[38;2;249;183;83m?[38;2;49;0;33m8            [0m
          [38;2;49;0;33m8                      8[38;2;241;142;149m1[38;2;254;202;210mi[38;2;255;197;205m>[38;2;254;202;210mi[38;2;248;187;196m~[38;2;254;202;210mi[38;2;255;197;205m>>>[38;2;173;86;108mX[38;2;210;92;83mv[38;2;49;0;33m888 [38;2;210;227;221m![38;2;190;216;207m~[38;2;123;164;139mf[38;2;46;0;29m888888 [38;2;49;0;33m8[38;2;46;0;29m88[38;2;119;161;136mj[38;2;123;164;139mf[38;2;53;22;42m#[38;2;249;183;83m?[38;2;46;0;29m8             [0m
         [38;2;49;0;33m8[38;2;219;212;217m>                        [38;2;193;219;210m<[38;2;173;86;108mX[38;2;255;197;205m>>[38;2;241;142;149m1[38;2;49;0;33m88[38;2;196;224;214m>        [38;2;189;213;205m+++[38;2;55;10;40mW     [38;2;49;0;33m8[38;2;206;90;82mc[38;2;212;113;86mx[38;2;249;183;83m?[38;2;68;13;38m#[38;2;241;142;149m111[38;2;230;133;142m([38;2;55;10;40mW[38;2;49;0;33m8         [0m
         [38;2;49;0;33m8[38;2;219;212;217m>                      [38;2;246;249;248m'   [38;2;217;231;226ml[38;2;210;227;221m!![38;2;234;241;238m:: [38;2;246;249;248m'   '  [38;2;210;202;204m+[38;2;234;241;238m:[38;2;200;188;196m?[38;2;189;213;205m+[38;2;49;0;33m8          888            [0m
         [38;2;49;0;33m8[38;2;168;182;180m}                           [38;2;189;213;205m++[38;2;49;0;33m88  [38;2;246;249;248m'  [38;2;189;213;205m+[38;2;49;0;33m8 [38;2;84;53;75mp[38;2;123;164;139mf[38;2;189;213;205m+[38;2;125;168;142mt[38;2;46;0;29m8                         [0m
          [38;2;49;0;33m8[38;2;193;219;210m<                        [38;2;147;182;164m)[38;2;49;0;33m88  8  88[38;2;46;0;29m8[38;2;123;164;139mf[38;2;46;0;29m8 [38;2;84;53;75mp[38;2;191;215;208m~[38;2;189;213;205m+[38;2;49;0;33m8                          [0m
            [38;2;49;0;33m8      [38;2;46;0;29m8[38;2;125;168;142mt[38;2;189;213;205m+         +[38;2;123;164;139mf[38;2;49;0;33m888     8[38;2;196;224;214m> [38;2;49;0;33m8[38;2;123;164;139mf[38;2;125;168;142mt[38;2;119;161;136mj[38;2;49;0;33m8 [38;2;84;53;75mp[38;2;190;216;207m~[38;2;123;164;139mf[38;2;49;0;33m8                          [0m
                [38;2;73;35;62mh[38;2;77;43;67mb[38;2;141;174;156m|[38;2;202;221;214m>>[38;2;191;215;208m~[38;2;142;141;147mr                    [38;2;69;34;59mh[38;2;77;43;67mb[38;2;69;34;59mh[38;2;49;0;33m8[38;2;61;23;49m***[38;2;69;34;59mh[38;2;46;0;29m8[38;2;49;0;33m8                           [0m
                                                                                [0m
                                                                                [0m
                                                                                [0m
                                                                                [0m
                                                                                [0m
                                                                                [0m
                                                                                [0m
