                                                                                [0m
                                                                                [0m
                                                                                [0m
                                                                                [0m
                                                                                [0m
                                                                                [0m
                                                                                [0m
                                                                                [0m
                                                                                [0m
                                                                                [0m
                                                                                [0m
                                              [38;2;49;0;33m8[38;2;137;134;141mn[38;2;169;151;163m/[38;2;49;0;33m8          888                 [0m
                      [38;2;49;0;33m888888                  8[38;2;189;213;205m+[38;2;222;164;156m{[38;2;246;225;222mI [38;2;189;213;205m+[38;2;49;0;33m88  88[38;2;189;213;205m+++[38;2;201;118;101mr[38;2;49;0;33m8                 [0m
                   [38;2;49;0;33m8[38;2;189;213;205m+       [38;2;246;249;248m'[38;2;168;182;180m}                [38;2;49;0;33m888[38;2;197;115;99mx[38;2;75;23;39mo[38;2;194;219;210m<     [38;2;217;231;226ml[38;2;189;213;205m+[38;2;197;115;99mxx[38;2;49;0;33m8                  [0m
                [38;2;49;0;33m8[38;2;142;141;147mr             [38;2;233;229;232mI[38;2;49;0;33m8           8[38;2;233;229;232mI  [38;2;202;221;214m>[38;2;188;172;183m{         [38;2;246;249;248m'[38;2;49;0;33m88                  [0m
                [38;2;137;134;141mn[38;2;230;240;237m:               [38;2;49;0;33m8       88[38;2;102;81;98mQ   [38;2;190;216;207m~[38;2;49;0;33m8            88                 [0m
               [38;2;61;23;49m*[38;2;221;234;229mI                 [38;2;49;0;33m8    8[38;2;206;90;82mc[38;2;49;0;33m88[38;2;124;69;51mO[38;2;49;0;33m8[38;2;189;213;205m++[38;2;49;0;33m88[38;2;248;246;247m' [38;2;164;16;58mp[38;2;99;9;42mo     [38;2;169;18;60mq[38;2;99;9;42mo [38;2;49;0;33m8[38;2;147;149;154mf[38;2;49;0;33m888              [0m
               [38;2;69;34;59mh                  [38;2;189;213;205m+[38;2;49;0;33m8  [38;2;68;13;38m#[38;2;69;34;59mh   [38;2;230;240;237m:[38;2;46;0;29m8[38;2;249;183;83m?[38;2;49;0;33m8  [38;2;142;141;147mr[38;2;244;245;245m'         [38;2;183;203;196m-[38;2;53;22;42m#[38;2;189;213;205m+[38;2;79;66;75mw[38;2;10;11;10mB[38;2;49;0;33m8[38;2;249;183;83m?[38;2;49;0;33m8            [0m
               [38;2;61;23;49m*[38;2;221;234;229mI                [38;2;49;0;33m8[38;2;241;142;149m1[38;2;255;197;205m>>[38;2;254;202;210mi[38;2;248;187;196m~[38;2;254;202;210mi[38;2;255;197;205m>>[38;2;250;179;187m+[38;2;173;86;108mX[38;2;206;90;82mc[38;2;49;0;33m888 [38;2;210;227;221m![38;2;194;219;210m<[38;2;125;168;142mt[38;2;49;0;33m8[38;2;46;0;29m88888 [38;2;49;0;33m888[38;2;123;164;139mff[38;2;53;22;42m#[38;2;252;186;83m?[38;2;46;0;29m8             [0m
                [38;2;170;165;171m)              [38;2;246;249;248m'   [38;2;194;219;210m<[38;2;173;86;108mX[38;2;254;202;210mi[38;2;255;197;205m>[38;2;241;142;149m1[38;2;49;0;33m88[38;2;196;224;214m>        [38;2;189;213;205m+++[38;2;49;0;33m8     8[38;2;206;90;82mc[38;2;212;113;86mx[38;2;249;183;83m?[38;2;68;13;38m#[38;2;241;142;149m111[38;2;228;135;145m([38;2;49;0;33m88         [0m
                [38;2;49;0;33m8[38;2;168;176;175m1   [38;2;197;203;202m+               [38;2;217;231;226ml[38;2;210;227;221m![38;2;217;231;226ml[38;2;234;241;239m:[38;2;230;240;237m:        [38;2;210;199;205m+[38;2;234;241;239m:[38;2;197;203;202m+[38;2;189;213;205m+[38;2;49;0;33m8          888            [0m
                 [38;2;49;0;33m8[38;2;190;216;207m~  [38;2;189;213;205m+[38;2;151;126;143mn               [38;2;189;213;205m+[38;2;190;216;207m~[38;2;49;0;33m88[38;2;246;249;248m'    [38;2;190;216;207m~[38;2;49;0;33m8 [38;2;90;58;81mw[38;2;123;164;139mf[38;2;189;213;205m+[38;2;125;168;142mt[38;2;49;0;33m8                         [0m
                   [38;2;49;0;33m8  [38;2;200;188;196m?[38;2;49;0;33m8[38;2;183;203;196m-           [38;2;217;231;226ml[38;2;123;164;139mf[38;2;49;0;33m8  8[38;2;246;249;248m' [38;2;49;0;33m88[38;2;46;0;29m8[38;2;123;164;139mf[38;2;49;0;33m8 [38;2;90;58;81mw[38;2;194;219;210m<[38;2;189;213;205m+[38;2;49;0;33m8                          [0m
                     [38;2;49;0;33m888  88[38;2;59;13;43mM[38;2;202;221;214m>   [38;2;191;215;208m~[38;2;125;168;142mt[38;2;49;0;33m8     [38;2;46;0;29m8[38;2;202;221;214m> [38;2;49;0;33m8[38;2;123;164;139mf[38;2;125;168;142mt[38;2;120;156;135mr[38;2;49;0;33m8 [38;2;90;58;81mw[38;2;194;219;210m<[38;2;123;164;139mf[38;2;49;0;33m8                          [0m
                                           [38;2;68;42;60mk[38;2;77;43;67mb[38;2;65;34;55ma[38;2;49;0;33m8[38;2;61;23;49m***[38;2;65;34;55ma[38;2;46;0;29m8[38;2;49;0;33m8                           [0m
                                                                                [0m
                                                                                [0m
                                                                                [0m
                                                                                [0m
                                                                                [0m
                                                                                [0m
                                                                                [0m
