[38;2;255;254;253m................................................................................[0m
[38;2;255;254;253m................................................................................[0m
[38;2;255;254;253m................................................................................[0m
[38;2;255;254;253m................................................................................[0m
[38;2;255;254;253m...................................[38;2;211;204;204m~[38;2;115;109;110mY[38;2;58;53;53mk[38;2;52;52;53mk[38;2;64;57;58md[38;2;58;53;53mkk[38;2;51;45;46ma[38;2;87;76;76mZ[38;2;168;162;162m([38;2;255;254;253m...................................[0m
[38;2;255;254;253m............................[38;2;58;53;53mk[38;2;87;76;76mZZZZZZZZZZZZZ[38;2;81;71;73mm[38;2;87;76;76mZZZZ[38;2;81;71;73mm[38;2;87;76;76mZZ[38;2;121;116;115mz[38;2;255;254;253m.............................[0m
[38;2;255;254;253m.........................[38;2;87;76;76mZZZZZZZZZZZZZZZZZZZZZZZZ[38;2;81;71;73mm[38;2;87;76;76mZZZZ[38;2;255;254;253m..........................[0m
[38;2;255;254;253m......................[38;2;87;76;76mZ[38;2;80;70;70mw[38;2;82;72;71mm[38;2;87;76;76mZZ[38;2;80;70;70mw[38;2;87;76;76mZZZZ[38;2;81;71;73mm[38;2;87;76;76mZZZZZZZZZZZZZZZZZZZZZZZ[38;2;243;237;238m:[38;2;255;254;253m.......................[0m
[38;2;255;254;253m....................[38;2;181;176;181m{[38;2;114;102;101mU[38;2;113;98;98mJ[38;2;110;98;97mJJJ[38;2;113;98;98mJJ[38;2;71;60;60mp[38;2;110;98;97mJ[38;2;113;98;98mJ[38;2;72;62;64mp[38;2;113;98;98mJJ[38;2;110;98;97mJ[38;2;102;92;91mLLL[38;2;98;85;85m0[38;2;102;92;91mL[38;2;103;96;96mCC[38;2;113;98;98mJJ[38;2;102;92;91mL[38;2;113;98;98mJJJ[38;2;110;98;97mJ[38;2;114;102;101mU[38;2;110;98;97mJJJ[38;2;113;98;98mJ[38;2;114;102;101mU[38;2;113;98;98mJJ[38;2;255;254;253m.......................[0m
[38;2;255;254;253m...................[38;2;73;66;66mq[38;2;114;102;101mU[38;2;113;98;98mJJ[38;2;110;98;97mJJ[38;2;98;85;85m0[38;2;80;70;70mw[38;2;58;49;51mk[38;2;87;76;76mZZ[38;2;185;166;163m1[38;2;143;122;124mu[38;2;87;76;76mZZZ[38;2;82;72;71mm[38;2;72;62;64mp[38;2;87;76;76mZZZZZZZ[38;2;72;62;64mp[38;2;87;76;76mZZZZZ[38;2;51;45;46ma[38;2;102;92;91mL[38;2;110;98;97mJJJJ[38;2;113;98;98mJ[38;2;110;98;97mJ[38;2;255;254;253m......................[0m
[38;2;255;254;253m..................[38;2;114;102;101mU[38;2;113;98;98mJ[38;2;102;92;91mL[38;2;110;98;97mJ[38;2;80;70;70mww[38;2;87;76;76mZZZZZ[38;2;159;149;148mt[38;2;180;161;159m([38;2;236;215;208mi[38;2;51;45;46ma[38;2;87;76;76mZZ[38;2;142;118;117mv[38;2;235;218;213m![38;2;80;70;70mw[38;2;87;76;76mZZ[38;2;58;49;51mk[38;2;87;76;76mZZZ[38;2;58;49;51mk[38;2;82;72;71mm[38;2;87;76;76mZZZZZ[38;2;80;70;70mw[38;2;87;76;76mZZZ[38;2;110;98;97mJ[38;2;113;98;98mJ[38;2;110;98;97mJJ[38;2;255;254;253m.....................[0m
[38;2;255;254;253m.................[38;2;73;66;66mq[38;2;114;102;101mU[38;2;255;254;253m.[38;2;87;76;76mZZZ[38;2;131;117;115mc[38;2;87;76;76mZZ[38;2;175;155;156m|[38;2;87;76;76mZ[38;2;98;85;85m0[38;2;180;161;159m([38;2;233;213;206mi[38;2;241;219;216ml[38;2;229;214;209mi[38;2;72;55;52md[38;2;87;76;76mZZ[38;2;241;219;216ml[38;2;230;217;215mi[38;2;80;70;70mw[38;2;87;76;76mZZ[38;2;110;98;97mJ[38;2;82;72;71mm[38;2;87;76;76mZ[38;2;51;45;46ma[38;2;82;72;71mmmm[38;2;87;76;76mZZZZZZZZZZ[38;2;110;98;97mJ[38;2;91;79;78mO[38;2;255;254;253m....................[0m
[38;2;255;254;253m.................[38;2;110;98;97mJ[38;2;255;254;253m..[38;2;87;76;76mZZZ[38;2;168;162;162m([38;2;58;46;45mh[38;2;185;166;163m1[38;2;91;79;78mO[38;2;82;72;71mm[38;2;185;166;163m1[38;2;211;188;189m-[38;2;233;213;206mii[38;2;235;218;213m!![38;2;72;55;52mdd[38;2;236;215;208mi[38;2;233;213;206mii[38;2;82;72;71mmm[38;2;215;196;191m+[38;2;58;46;45mh[38;2;82;72;71mm[38;2;49;39;39mo[38;2;87;76;76mZZZZZZ[38;2;80;70;70mw[38;2;87;76;76mZZZZZZZ[38;2;81;71;73mm[38;2;255;254;253m....................[0m
[38;2;255;254;253m................[38;2;213;207;210m<[38;2;190;182;190m][38;2;255;254;253m..[38;2;87;76;76mZZ[38;2;172;153;148m/[38;2;215;196;191m+[38;2;51;45;46ma[38;2;40;30;30m#[38;2;71;60;60mp[38;2;215;196;191m+[38;2;180;161;159m([38;2;229;214;209mi[38;2;236;215;208mi[38;2;180;161;159m([38;2;235;218;213m![38;2;230;208;202m>[38;2;236;215;208mi[38;2;40;30;30m#[38;2;72;62;64mp[38;2;110;98;97mJ[38;2;235;218;213m![38;2;236;215;208mi[38;2;58;53;53mk[38;2;59;40;42ma[38;2;236;215;208mi[38;2;175;155;156m|[38;2;49;39;39mo[38;2;87;76;76mZZZZZ[38;2;82;72;71mm[38;2;51;45;46ma[38;2;87;76;76mZZZZ[38;2;81;71;73mm[38;2;87;76;76mZZZ[38;2;252;246;247m'[38;2;255;254;253m...................[0m
[38;2;255;254;253m................[38;2;103;96;96mC[38;2;255;254;253m...[38;2;87;76;76mZZ[38;2;58;46;45mh[38;2;40;30;30m#[38;2;237;235;235m;[38;2;72;62;64mp[38;2;51;45;46ma[38;2;229;214;209mi[38;2;233;213;206mii[38;2;235;218;213m![38;2;190;176;174m{[38;2;235;218;213m![38;2;233;213;206mi[38;2;243;237;238m:[38;2;72;62;64mpppp[38;2;213;207;210m<[38;2;87;76;76mZ[38;2;180;161;159m([38;2;236;215;208mi[38;2;233;213;206mi[38;2;102;92;91mL[38;2;87;76;76mZZZZZZ[38;2;51;45;46ma[38;2;87;76;76mZ[38;2;80;70;70mw[38;2;87;76;76mZZZZZZ[38;2;174;166;172m)[38;2;255;254;253m...................[0m
[38;2;255;254;253m....................[38;2;40;33;36m*[38;2;49;39;39mo[38;2;87;76;76mZ[38;2;168;162;162m([38;2;243;237;238m:[38;2;64;57;58md[38;2;51;45;46ma[38;2;243;237;238m:[38;2;236;215;208mi[38;2;233;213;206miiiii[38;2;165;153;156m/[38;2;72;62;64mpp[38;2;53;50;52mk[38;2;40;30;30m#[38;2;72;62;64mp[38;2;244;242;242m,,[38;2;243;225;224mI[38;2;233;213;206mi[38;2;131;117;115mc[38;2;87;76;76mZZZZZZ[38;2;58;53;53mk[38;2;87;76;76mZZZZZZZZ[38;2;51;45;46ma[38;2;255;254;253m...................[0m
[38;2;255;254;253m....................[38;2;87;76;76mZ[38;2;58;53;53mk[38;2;87;76;76mZ[38;2;203;197;198m_[38;2;112;102;106mU[38;2;72;62;64mp[38;2;51;45;46ma[38;2;237;235;235m;[38;2;233;213;206miiiiii[38;2;143;133;132mn[38;2;72;62;64mpp[38;2;51;45;46ma[38;2;49;39;39mo[38;2;34;31;33m#[38;2;244;242;242m,,[38;2;49;39;39mo[38;2;236;215;208mi[38;2;143;122;124mu[38;2;87;76;76mZZZZZZZZZZZZZZZZ[38;2;255;254;253m...................[0m
[38;2;255;254;253m....................[38;2;87;76;76mZZZ[38;2;121;116;115mz[38;2;174;166;172m)[38;2;87;76;76mZ[38;2;49;39;39mo[38;2;165;153;156m/[38;2;236;215;208mi[38;2;233;213;206miiiii[38;2;232;219;217m![38;2;87;76;76mZZ[38;2;53;50;52mk[38;2;51;45;46maa[38;2;168;162;162m([38;2;237;235;235m;[38;2;41;38;38m*[38;2;233;213;206mi[38;2;185;166;163m1[38;2;82;72;71mm[38;2;87;76;76mZZ[38;2;82;72;71mm[38;2;87;76;76mZZZZZZZZ[38;2;82;72;71mm[38;2;87;76;76mZZZ[38;2;255;254;253m...................[0m
[38;2;255;254;253m....................[38;2;87;76;76mZZZ[38;2;237;225;223mI[38;2;251;242;245m'[38;2;255;254;253m.[38;2;230;226;225ml[38;2;211;204;204m~[38;2;233;213;206miiiiiii[38;2;239;233;230m;[38;2;237;235;235m;[38;2;98;85;85m0[38;2;34;31;33m#[38;2;91;79;78mO[38;2;211;204;204m~[38;2;237;235;235m;[38;2;236;215;208mi[38;2;233;213;206mi[38;2;208;175;181m][38;2;87;76;76mZZZZZZZZZZZ[38;2;82;72;71mm[38;2;87;76;76mZZZZ[38;2;255;254;253m...................[0m
[38;2;255;254;253m....................[38;2;87;76;76mZZZ[38;2;233;213;206mi[38;2;236;215;208mi[38;2;233;213;206mi[38;2;172;153;148m/[38;2;233;213;206miiiiiiiiiiii[38;2;236;215;208mii[38;2;233;213;206miii[38;2;202;187;186m?[38;2;82;72;71mm[38;2;87;76;76mZZZ[38;2;82;72;71mm[38;2;87;76;76mZZ[38;2;82;72;71mm[38;2;87;76;76mZZZZZZZZ[38;2;255;254;253m...................[0m
[38;2;255;254;253m....................[38;2;87;76;76mZZZ[38;2;233;213;206mii[38;2;202;187;186m?[38;2;233;213;206miiiiiii[38;2;235;218;213m![38;2;233;213;206miiiiiiiiii[38;2;202;187;186m?[38;2;87;76;76mZZZZZZZZ[38;2;82;72;71mm[38;2;87;76;76mZZZZZZZ[38;2;255;254;253m...................[0m
[38;2;255;254;253m....................[38;2;87;76;76mZZZ[38;2;241;219;216ml[38;2;236;215;208mi[38;2;233;213;206miiiiiiiiiiiiiiiiiii[38;2;172;153;148m/[38;2;87;76;76mZ[38;2;82;72;71mm[38;2;87;76;76mZZ[38;2;82;72;71mm[38;2;87;76;76mZZZZZZZZZZ[38;2;80;70;70mw[38;2;255;254;253m...................[0m
[38;2;255;254;253m....................[38;2;87;76;76mZZZ[38;2;58;53;53mk[38;2;230;217;215mi[38;2;233;213;206mi[38;2;162;118;126mn[38;2;207;153;165m1111[38;2;208;150;165m))[38;2;233;213;206miiiiiiiiiii[38;2;98;85;85m0[38;2;87;76;76mZZZZZZ[38;2;71;60;60mp[38;2;87;76;76mZZZZZZZZZ[38;2;255;254;253m...................[0m
[38;2;255;254;253m....................[38;2;87;76;76mZZZZ[38;2;53;50;52mk[38;2;146;133;127mx[38;2;233;213;206mi[38;2;129;95;97mU[38;2;207;153;165m1[38;2;208;150;165m))))[38;2;139;97;101mY[38;2;233;213;206miiiii[38;2;235;218;213m![38;2;233;213;206miiii[38;2;51;45;46ma[38;2;87;76;76mZZZZZZ[38;2;53;50;52mk[38;2;87;76;76mZ[38;2;82;72;71mm[38;2;87;76;76mZZ[38;2;82;72;71mm[38;2;87;76;76mZZZ[38;2;51;45;46ma[38;2;255;254;253m...................[0m
[38;2;255;254;253m....................[38;2;87;76;76mZZ[38;2;82;72;71mmm[38;2;53;50;52mkkk[38;2;44;42;46ma[38;2;233;213;206mi[38;2;159;141;144mj[38;2;208;150;165m)))[38;2;145;91;100mU[38;2;236;215;208mi[38;2;233;213;206miiiiiiii[38;2;185;166;163m1[38;2;80;70;70mw[38;2;87;76;76mZ[38;2;82;72;71mm[38;2;87;76;76mZZZZ[38;2;58;53;53mk[38;2;87;76;76mZZZZZZZZ[38;2;58;53;53mk[38;2;255;254;253m...................[0m
[38;2;255;254;253m....................[38;2;87;76;76mZZZZ[38;2;58;53;53mkk[38;2;58;49;51mk[38;2;52;52;53mk[38;2;51;45;46ma[38;2;58;53;53mk[38;2;241;219;216ml[38;2;233;213;206miiiiiii[38;2;235;218;213m![38;2;129;109;114mX[38;2;185;166;163m1[38;2;180;161;159m([38;2;180;159;156m(([38;2;87;76;76mZZZZZ[38;2;82;72;71mm[38;2;87;76;76mZZZ[38;2;82;72;71mmm[38;2;87;76;76mZZZZZ[38;2;168;162;162m([38;2;255;254;253m...................[0m
[38;2;255;254;253m....................[38;2;58;53;53mk[38;2;87;76;76mZZZ[38;2;51;45;46maa[38;2;53;50;52mkkk[38;2;58;49;51mk[38;2;53;50;52mk[38;2;52;52;53mk[38;2;53;50;52mk[38;2;58;49;51mk[38;2;51;45;46ma[38;2;180;161;159m([38;2;180;159;156m(((((([38;2;185;166;163m1[38;2;180;159;156m([38;2;87;76;76mZZZZ[38;2;82;72;71mm[38;2;87;76;76mZZZZZ[38;2;82;72;71mm[38;2;87;76;76mZZZZ[38;2;53;50;52mk[38;2;255;254;253m....................[0m
[38;2;255;254;253m....................[38;2;168;162;162m([38;2;87;76;76mZZ[38;2;82;72;71mm[38;2;58;53;53mkkkk[38;2;53;50;52mk[38;2;58;49;51mkk[38;2;53;50;52mkk[38;2;143;133;132mn[38;2;34;31;33m#[38;2;185;166;163m1[38;2;180;159;156m(([38;2;180;161;159m([38;2;180;159;156m(([38;2;185;166;163m11[38;2;51;45;46ma[38;2;87;76;76mZZ[38;2;82;72;71mm[38;2;72;62;64mp[38;2;87;76;76mZZ[38;2;34;31;33m#[38;2;87;76;76mZZ[38;2;82;72;71mm[38;2;87;76;76mZZ[38;2;82;72;71mm[38;2;87;76;76mZ[38;2;53;50;52mk[38;2;58;49;51mk[38;2;255;254;253m....................[0m
[38;2;255;254;253m.....................[38;2;87;76;76mZZZZ[38;2;53;50;52mk[38;2;58;53;53mk[38;2;53;50;52mk[38;2;58;49;51mk[38;2;53;50;52mk[38;2;52;52;53mk[38;2;53;50;52mk[38;2;133;124;126mv[38;2;246;244;246m'[38;2;235;218;213m![38;2;180;159;156m((((([38;2;185;166;163m1[38;2;180;159;156m(([38;2;58;53;53mk[38;2;87;76;76mZZ[38;2;82;72;71mm[38;2;53;50;52mk[38;2;58;53;53mk[38;2;52;52;53mk[38;2;58;46;45mh[38;2;53;50;52mk[38;2;58;49;51mk[38;2;87;76;76mZZZZ[38;2;58;53;53mk[38;2;53;50;52mk[38;2;58;53;53mk[38;2;255;254;253m....................[0m
[38;2;255;254;253m.....................[38;2;64;57;58md[38;2;87;76;76mZZZ[38;2;58;53;53mk[38;2;51;45;46ma[38;2;53;50;52mkkk[38;2;255;254;253m.[38;2;244;242;244m,[38;2;244;237;238m:[38;2;143;133;132mn[38;2;233;213;206miii[38;2;180;159;156m((((([38;2;146;133;127mx[38;2;58;53;53mk[38;2;87;76;76mZ[38;2;82;72;71mm[38;2;58;53;53mk[38;2;51;45;46ma[38;2;53;50;52mkk[38;2;190;182;190m][38;2;53;50;52mk[38;2;52;52;53mk[38;2;53;50;52mkk[38;2;58;53;53mk[38;2;53;50;52mkkk[38;2;87;76;76mZ[38;2;255;254;253m....................[0m
[38;2;255;254;253m.....................[38;2;213;207;210m<[38;2;82;72;71mm[38;2;87;76;76mZZ[38;2;52;52;53mkk[38;2;44;42;46ma[38;2;244;242;244m,[38;2;246;244;246m'[38;2;244;242;244m,[38;2;244;242;242m,[38;2;244;242;244m,[38;2;205;131;146mtt[38;2;205;130;146mt[38;2;129;95;97mUU[38;2;202;137;150m/[38;2;196;133;147mt[38;2;235;218;213m![38;2;255;254;253m.[38;2;93;85;86m0[38;2;52;52;53mk[38;2;87;76;76mZ[38;2;58;49;51mk[38;2;52;52;53mk[38;2;51;45;46ma[38;2;52;52;53mk[38;2;237;235;235m;[38;2;246;244;246m''[38;2;237;235;235m;[38;2;53;50;52mk[38;2;52;52;53mk[38;2;53;50;52mkk[38;2;52;52;53mk[38;2;53;50;52mk[38;2;255;254;253m.....................[0m
[38;2;255;254;253m.................[38;2;252;246;247m'[38;2;255;254;253m....[38;2;87;76;76mZZZ[38;2;58;53;53mk[38;2;255;254;253m.[38;2;246;244;246m''[38;2;244;242;244m,[38;2;244;242;242m,[38;2;244;242;244m,[38;2;202;137;150m/[38;2;205;131;146mt[38;2;205;133;148m/[38;2;129;95;97mU[38;2;158;95;108mX[38;2;205;133;148m/[38;2;198;129;144mt[38;2;176;125;135mr[38;2;246;244;246m''[38;2;51;45;46ma[38;2;53;50;52mkkkkk[38;2;80;70;70mw[38;2;244;242;242m,,[38;2;243;237;238m:[38;2;145;110;119mc[38;2;165;153;156m/[38;2;51;45;46ma[38;2;53;50;52mkkk[38;2;40;33;36m*[38;2;255;254;253m.....................[0m
[38;2;255;254;253m......................[38;2;73;66;66mq[38;2;91;81;82mO[38;2;87;76;76mZ[38;2;246;244;246m'[38;2;244;242;242m,[38;2;246;244;246m''[38;2;244;242;244m,,[38;2;185;143;150m/[38;2;205;131;146mtt[38;2;205;130;146mtt[38;2;205;131;146mt[38;2;162;118;126mn[38;2;246;244;246m'[38;2;244;242;242m,,[38;2;244;242;244m,[38;2;58;49;51mk[38;2;52;52;53mk[38;2;53;50;52mk[38;2;157;152;155mt[38;2;53;50;52mk[38;2;41;38;38m*[38;2;246;244;246m'[38;2;202;187;186m?[38;2;246;244;246m'[38;2;163;125;134mx[38;2;205;133;148m/[38;2;205;131;146mt[38;2;205;130;146mt[38;2;53;50;52mkk[38;2;52;52;53mk[38;2;255;254;253m......................[0m
[38;2;255;254;253m.......................[38;2;44;42;46ma[38;2;87;76;76mZ[38;2;117;86;92mL[38;2;143;122;124mu[38;2;244;242;242m,[38;2;143;133;132mn[38;2;225;208;210m>[38;2;253;250;249m^[38;2;205;133;148m//[38;2;202;137;150m/[38;2;205;130;146mt[38;2;121;94;94mJ[38;2;251;242;245m'[38;2;244;242;242m,,[38;2;142;137;138mx[38;2;233;228;227mI[38;2;51;45;46maa[38;2;52;52;53mk[38;2;91;81;82mO[38;2;150;147;147mf[38;2;52;52;53mk[38;2;255;254;253m.[38;2;103;96;96mC[38;2;205;131;146mt[38;2;198;129;144mt[38;2;205;131;146mttt[38;2;205;130;146mt[38;2;51;45;46ma[38;2;58;53;53mk[38;2;40;33;36m*[38;2;255;254;253m......................[0m
[38;2;255;254;253m.......................[38;2;194;139;149m/[38;2;205;131;146mt[38;2;91;52;57mp[38;2;196;133;147mt[38;2;205;131;146mt[38;2;252;246;247m'[38;2;251;242;245m'[38;2;129;65;77m0[38;2;196;133;147mt[38;2;205;131;146mtt[38;2;252;237;241m,[38;2;244;242;242m,,,[38;2;244;242;244m,[38;2;213;203;199m~[38;2;131;117;115mc[38;2;53;50;52mk[38;2;58;53;53mk[38;2;213;207;210m<[38;2;121;116;115mz[38;2;59;40;42ma[38;2;193;124;138mj[38;2;205;133;148m/[38;2;208;134;151m/[38;2;205;131;146mtt[38;2;205;133;148m/[38;2;205;131;146mttt[38;2;72;55;52md[38;2;52;52;53mk[38;2;255;254;253m.......................[0m
[38;2;255;254;253m......................[38;2;162;118;126mn[38;2;205;131;146mt[38;2;208;129;147mt[38;2;205;131;146mtt[38;2;162;118;126mn[38;2;181;176;181m{[38;2;244;242;242m,[38;2;208;129;147mt[38;2;202;128;142mt[38;2;253;250;249m^[38;2;244;242;244m,[38;2;244;242;242m,,,[38;2;180;161;159m([38;2;186;153;158m([38;2;244;242;244m,[38;2;58;53;53mk[38;2;53;50;52mk[38;2;205;131;146mttt[38;2;205;130;146mt[38;2;208;129;147mt[38;2;205;131;146mt[38;2;205;130;146mt[38;2;205;131;146mt[38;2;196;133;147mt[38;2;205;131;146mt[38;2;202;137;150m/[38;2;205;130;146mt[38;2;205;133;148m/[38;2;205;131;146mt[38;2;41;38;38m*[38;2;255;254;253m.......................[0m
[38;2;255;254;253m......................[38;2;205;131;146mtt[38;2;202;128;142mt[38;2;205;131;146mt[38;2;205;130;146mtt[38;2;117;86;92mL[38;2;113;98;98mJ[38;2;211;188;189m-[38;2;142;118;117mv[38;2;243;225;224mI[38;2;143;133;132mn[38;2;162;113;120mu[38;2;205;131;146mttt[38;2;205;133;148m/[38;2;60;29;32m*[38;2;208;134;151m/[38;2;205;131;146mt[38;2;196;133;147mt[38;2;205;131;146mt[38;2;205;133;148m/[38;2;205;131;146mtttttttt[38;2;205;133;148m/[38;2;205;131;146mt[38;2;205;130;146mt[38;2;165;153;156m/[38;2;255;254;253m.......................[0m
[38;2;255;254;253m.....................[38;2;145;110;119mc[38;2;205;131;146mttt[38;2;205;130;146mt[38;2;205;131;146mtt[38;2;193;124;138mj[38;2;210;172;162m][38;2;202;128;142mt[38;2;205;131;146mttttttt[38;2;205;130;146mtt[38;2;208;129;147mt[38;2;205;130;146mtt[38;2;202;137;150m/[38;2;205;131;146mtttttt[38;2;205;133;148m/[38;2;205;131;146mtttt[38;2;196;133;147mt[38;2;162;118;126mn[38;2;255;254;253m.......................[0m
[38;2;255;254;253m.....................[38;2;196;133;147mt[38;2;202;137;150m/[38;2;205;130;146mt[38;2;205;131;146mtttt[38;2;89;43;49mbb[38;2;205;131;146mtt[38;2;202;137;150m/[38;2;208;129;147mt[38;2;205;131;146mttttt[38;2;205;130;146mt[38;2;205;133;148m/[38;2;208;134;151m/[38;2;205;131;146mt[38;2;205;130;146mt[38;2;205;131;146mtt[38;2;196;133;147mt[38;2;205;131;146mtt[38;2;205;133;148m/[38;2;205;131;146mt[38;2;205;133;148m/[38;2;205;131;146mtt[38;2;202;128;142mt[38;2;208;129;147mt[38;2;205;131;146mt[38;2;255;254;253m.......................[0m
[38;2;255;254;253m.....................[38;2;205;131;146mtt[38;2;205;130;146mt[38;2;205;131;146mt[38;2;198;129;144mt[38;2;205;131;146mtt[38;2;72;55;52md[38;2;162;118;126mn[38;2;205;131;146mt[38;2;205;133;148m/[38;2;205;131;146mttttttt[38;2;205;130;146mt[38;2;208;129;147mt[38;2;205;131;146mtttt[38;2;205;133;148m/[38;2;205;131;146mtt[38;2;202;137;150m/[38;2;208;129;147mtt[38;2;205;131;146mt[38;2;129;65;77m0[38;2;205;133;148m/[38;2;208;134;151m/[38;2;205;133;148m/[38;2;205;131;146mt[38;2;255;254;253m.......................[0m
[38;2;255;254;253m....................[38;2;128;103;106mY[38;2;203;140;154m|[38;2;205;130;146mtt[38;2;208;129;147mt[38;2;205;130;146mt[38;2;205;131;146mtt[38;2;88;66;67mw[38;2;194;139;149m/[38;2;205;131;146mtttt[38;2;205;133;148m//[38;2;198;129;144mt[38;2;205;131;146mtt[38;2;205;130;146mt[38;2;205;131;146mt[38;2;205;130;146mt[38;2;205;131;146mttt[38;2;202;137;150m/[38;2;205;131;146mtt[38;2;202;137;150m/[38;2;208;129;147mt[38;2;196;133;147mt[38;2;205;131;146mtttt[38;2;205;130;146mtt[38;2;243;225;224mI[38;2;255;254;253m......................[0m
[38;2;255;254;253m....................[38;2;205;131;146mt[38;2;131;73;84mQ[38;2;205;131;146mt[38;2;208;129;147mt[38;2;205;131;146mttt[38;2;91;52;57mp[38;2;106;83;83mQ[38;2;203;140;154m|[38;2;204;133;147m/[38;2;205;131;146mttttttt[38;2;205;130;146mtt[38;2;205;133;148m/[38;2;205;130;146mtt[38;2;205;131;146mt[38;2;208;134;151m/[38;2;205;131;146mt[38;2;208;134;151m/[38;2;205;131;146mt[38;2;102;64;67mm[38;2;188;133;143mf[38;2;205;131;146mt[38;2;202;128;142mt[38;2;205;131;146mttt[38;2;205;130;146mt[38;2;202;128;142mt[38;2;166;102;115mc[38;2;255;254;253m......................[0m
[38;2;255;254;253m....................[38;2;196;133;147mt[38;2;102;64;67mm[38;2;205;133;148m/[38;2;205;130;146mt[38;2;205;131;146mt[38;2;202;137;150m/[38;2;205;133;148m/[38;2;69;46;45mk[38;2;73;30;35ma[38;2;205;131;146mttttttttt[38;2;208;134;151m/[38;2;208;129;147mt[38;2;205;130;146mtt[38;2;205;131;146mtt[38;2;193;141;154m/[38;2;202;128;142mt[38;2;204;133;147m/[38;2;133;91;96mJ[38;2;145;110;119mc[38;2;198;129;144mt[38;2;205;131;146mttttt[38;2;205;130;146mttt[38;2;255;254;253m......................[0m
[38;2;255;254;253m....................[38;2;205;130;146mt[38;2;114;53;64mw[38;2;202;128;142mt[38;2;205;130;146mt[38;2;205;131;146mttt[38;2;49;39;39mo[38;2;62;37;36ma[38;2;205;131;146mt[38;2;204;133;147m/[38;2;205;131;146mt[38;2;208;134;151m/[38;2;205;131;146mtttttt[38;2;205;130;146mt[38;2;205;131;146mt[38;2;205;130;146mt[38;2;205;131;146mt[38;2;202;128;142mt[38;2;205;131;146mt[38;2;133;91;96mJ[38;2;121;94;94mJ[38;2;128;93;95mJ[38;2;205;131;146mttttttt[38;2;205;130;146mttt[38;2;230;208;202m>[38;2;255;254;253m.....................[0m
[38;2;255;254;253m...................[38;2;203;197;198m_[38;2;205;130;146mt[38;2;122;68;77m0[38;2;205;133;148m/[38;2;205;130;146mt[38;2;205;131;146mttt[38;2;186;135;146mt[38;2;72;55;52md[38;2;205;133;148m/[38;2;205;131;146mtttttt[38;2;208;134;151m/[38;2;205;131;146mtt[38;2;205;130;146mt[38;2;205;131;146mt[38;2;208;134;151m/[38;2;205;131;146mttt[38;2;121;94;94mJ[38;2;128;93;95mJ[38;2;184;119;132mx[38;2;205;131;146mt[38;2;205;133;148m/[38;2;205;131;146mttt[38;2;208;129;147mt[38;2;205;131;146mt[38;2;202;137;150m/[38;2;205;130;146mtt[38;2;149;87;99mU[38;2;255;254;253m.....................[0m
[38;2;255;254;253m...................[38;2;113;98;98mJ[38;2;208;129;147mt[38;2;166;102;115mc[38;2;205;130;146mtt[38;2;205;133;148m/[38;2;205;131;146mt[38;2;69;46;45mk[38;2;202;128;142mt[38;2;69;46;45mk[38;2;205;131;146mtttttttt[38;2;202;128;142mt[38;2;205;130;146mt[38;2;205;131;146mtt[38;2;205;130;146mtt[38;2;205;131;146mt[38;2;208;134;151m/[38;2;133;91;96mJ[38;2;121;94;94mJ[38;2;205;131;146mttttttt[38;2;208;134;151m//[38;2;208;129;147mt[38;2;205;130;146mtt[38;2;255;254;253m.....................[0m
[38;2;255;254;253m...................[38;2;163;125;134mx[38;2;205;131;146mt[38;2;202;128;142mt[38;2;205;131;146mt[38;2;205;130;146mt[38;2;205;131;146mtt[38;2;72;55;52md[38;2;205;131;146mt[38;2;69;46;45mk[38;2;208;129;147mt[38;2;205;131;146mttttt[38;2;205;130;146mt[38;2;205;131;146mt[38;2;205;130;146mtt[38;2;205;133;148m/[38;2;202;137;150m/[38;2;205;133;148m/[38;2;205;131;146mt[38;2;198;129;144mt[38;2;205;131;146mt[38;2;128;93;95mJ[38;2;132;85;94mC[38;2;204;133;147m/[38;2;205;131;146mttt[38;2;205;133;148m/[38;2;205;131;146mttt[38;2;202;128;142mt[38;2;205;131;146mt[38;2;205;130;146mt[38;2;205;131;146mt[38;2;255;254;253m.....................[0m
[38;2;255;254;253m...................[38;2;194;139;149m/[38;2;205;131;146mt[38;2;203;140;154m|[38;2;205;130;146mt[38;2;205;133;148m/[38;2;202;137;150m/[38;2;205;131;146mt[38;2;74;38;42mh[38;2;116;61;70mZ[38;2;163;125;134mx[38;2;205;131;146mt[38;2;208;134;151m/[38;2;205;131;146mtttt[38;2;208;134;151m/[38;2;205;131;146mt[38;2;205;130;146mtt[38;2;205;133;148m/[38;2;202;137;150m/[38;2;205;133;148m/[38;2;205;131;146mttt[38;2;128;93;95mJ[38;2;158;95;108mX[38;2;205;131;146mt[38;2;205;133;148m/[38;2;205;131;146mt[38;2;205;133;148m/[38;2;205;131;146mtttt[38;2;205;130;146mttt[38;2;205;131;146mt[38;2;145;110;119mc[38;2;255;254;253m....................[0m
[38;2;255;254;253m...................[38;2;205;133;148m/[38;2;202;128;142mt[38;2;205;131;146mt[38;2;205;130;146mtt[38;2;205;131;146mt[38;2;176;125;135mr[38;2;175;113;125mn[38;2;74;38;42mh[38;2;188;133;143mf[38;2;205;131;146mtttttttt[38;2;205;130;146mtt[38;2;205;131;146mttt[38;2;205;130;146mt[38;2;202;128;142mt[38;2;205;131;146mt[38;2;132;85;94mC[38;2;205;131;146mt[38;2;208;129;147mt[38;2;205;131;146mttttttt[38;2;205;130;146mtt[38;2;205;131;146mtt[38;2;173;105;119mv[38;2;255;254;253m....................[0m
[38;2;255;254;253m...................[38;2;202;137;150m/[38;2;181;114;127mn[38;2;205;133;148m/[38;2;208;129;147mt[38;2;205;130;146mtt[38;2;69;46;45mk[38;2;205;131;146mt[38;2;72;55;52md[38;2;205;131;146mttttt[38;2;202;128;142mt[38;2;205;131;146mttt[38;2;205;130;146mtt[38;2;205;131;146mtt[38;2;205;130;146mtt[38;2;205;131;146mtt[38;2;129;95;97mU[38;2;203;140;154m|[38;2;205;131;146mt[38;2;202;128;142mt[38;2;205;131;146mttttttt[38;2;208;134;151m/[38;2;205;131;146mttt[38;2;255;254;253m....................[0m
[38;2;255;254;253m...................[38;2;208;134;151m/[38;2;129;65;77m0[38;2;205;131;146mtttt[38;2;60;29;32m*[38;2;205;131;146mt[38;2;72;58;57mp[38;2;205;131;146mtttttttt[38;2;205;130;146mttt[38;2;205;131;146mtttt[38;2;205;130;146mt[38;2;202;137;150m/[38;2;129;95;97mU[38;2;205;131;146mtt[38;2;205;130;146mt[38;2;205;131;146mt[38;2;205;133;148m/[38;2;205;131;146mtttt[38;2;205;130;146mtt[38;2;205;131;146mttt[38;2;255;254;253m....................[0m
[38;2;255;254;253m...................[38;2;205;131;146mt[38;2;166;102;115mc[38;2;205;131;146mt[38;2;205;130;146mt[38;2;205;131;146mtt[38;2;193;124;138mj[38;2;205;131;146mt[38;2;131;73;84mQ[38;2;205;131;146mt[38;2;205;130;146mt[38;2;205;131;146mt[38;2;208;134;151m/[38;2;205;131;146mttttttt[38;2;205;130;146mtt[38;2;205;131;146mtt[38;2;208;134;151m/[38;2;205;131;146mt[38;2;119;82;85mL[38;2;205;131;146mt[38;2;205;133;148m/[38;2;202;137;150m/[38;2;205;133;148m/[38;2;205;131;146mtttt[38;2;208;134;151m/[38;2;205;131;146mtttt[38;2;208;134;151m/[38;2;255;254;253m....................[0m
[38;2;255;254;253m..................[38;2;237;235;235m;[38;2;205;133;148m/[38;2;193;124;138mj[38;2;204;133;147m/[38;2;205;131;146mtttt[38;2;146;95;106mY[38;2;202;137;150m/[38;2;205;131;146mtt[38;2;205;130;146mt[38;2;205;131;146mt[38;2;205;133;148m/[38;2;205;131;146mtttt[38;2;205;130;146mt[38;2;205;131;146mt[38;2;205;130;146mtt[38;2;205;131;146mtttt[38;2;108;75;79m0[38;2;208;129;147mt[38;2;205;131;146mtttt[38;2;208;129;147mt[38;2;208;134;151m/[38;2;202;137;150m/[38;2;205;131;146mt[38;2;205;130;146mtt[38;2;205;131;146mttt[38;2;255;254;253m....................[0m
[38;2;255;254;253m...................[38;2;198;129;144mt[38;2;203;140;154m|[38;2;205;130;146mt[38;2;208;134;151m/[38;2;205;131;146mttt[38;2;133;91;96mJ[38;2;144;102;110mX[38;2;205;131;146mttttttt[38;2;202;128;142mt[38;2;205;131;146mttttt[38;2;205;130;146mt[38;2;205;131;146mttt[38;2;145;91;100mU[38;2;205;131;146mttttttttt[38;2;205;130;146mt[38;2;205;131;146mttt[38;2;208;134;151m/[38;2;237;225;223mI[38;2;255;254;253m...................[0m
[38;2;255;254;253m...................[38;2;205;131;146mt[38;2;196;133;147mt[38;2;205;130;146mt[38;2;205;131;146mt[38;2;204;133;147m/[38;2;202;137;150m/[38;2;205;131;146mt[38;2;133;91;96mJ[38;2;128;93;95mJ[38;2;202;137;150m/[38;2;205;131;146mtttttttttt[38;2;205;130;146mtt[38;2;205;131;146mtttt[38;2;139;87;96mJ[38;2;205;131;146mtttttttt[38;2;208;134;151m//[38;2;208;129;147mt[38;2;205;131;146mttt[38;2;150;147;147mf[38;2;255;254;253m...................[0m
[38;2;255;254;253m...................[38;2;208;129;147mt[38;2;203;140;154m|[38;2;205;133;148m/[38;2;205;131;146mt[38;2;205;133;148m/[38;2;202;137;150m/[38;2;204;129;143mt[38;2;146;95;106mY[38;2;128;93;95mJ[38;2;146;95;106mY[38;2;162;118;126mn[38;2;131;73;84mQ[38;2;202;137;150m/[38;2;205;133;148m/[38;2;205;131;146mttt[38;2;208;129;147mt[38;2;205;130;146mtttt[38;2;205;131;146mt[38;2;184;119;132mx[38;2;193;124;138mj[38;2;149;87;99mU[38;2;112;68;75mZ[38;2;208;129;147mt[38;2;205;131;146mttttttttt[38;2;205;130;146mt[38;2;205;131;146mttt[38;2;106;83;83mQ[38;2;255;254;253m...................[0m
[38;2;255;254;253m...................[38;2;208;134;151m/[38;2;193;124;138mj[38;2;205;131;146mttttt[38;2;133;91;96mJ[38;2;128;93;95mJ[38;2;129;95;97mU[38;2;205;131;146mtttttttttt[38;2;205;130;146mtt[38;2;205;131;146mttt[38;2;202;137;150m/[38;2;146;79;92mC[38;2;205;131;146mttttttt[38;2;205;130;146mt[38;2;205;131;146mt[38;2;202;128;142mt[38;2;205;130;146mt[38;2;205;131;146mtt[38;2;208;129;147mt[38;2;194;139;149m/[38;2;255;254;253m...................[0m
