[38;2;255;254;253m................................................................................[0m
[38;2;255;254;253m................................................................................[0m
[38;2;255;254;253m................................................................................[0m
[38;2;255;254;253m................................................................................[0m
[38;2;255;254;253m..................................[38;2;103;96;96mC[38;2;73;66;66mq[38;2;82;72;71mm[38;2;87;76;76mZZZZZZ[38;2;72;62;64mp[38;2;93;85;86m0[38;2;255;254;253m...................................[0m
[38;2;255;254;253m.............................[38;2;142;137;138mx[38;2;87;76;76mZZZZ[38;2;81;71;73mm[38;2;87;76;76mZZZZ[38;2;81;71;73mm[38;2;87;76;76mZZZZZZZZZ[38;2;61;53;54mb[38;2;255;254;253m..............................[0m
[38;2;255;254;253m..........................[38;2;87;76;76mZZZ[38;2;81;71;73mm[38;2;87;76;76mZZZZZZZZZZZZZZZZZZZZZZZ[38;2;251;242;245m'[38;2;255;254;253m..........................[0m
[38;2;255;254;253m........................[38;2;133;124;126mv[38;2;87;76;76mZZZZZ[38;2;81;71;73mm[38;2;87;76;76mZZZZZZZZZZZ[38;2;81;71;73mm[38;2;87;76;76mZZZZZZZZZZZ[38;2;81;71;73mm[38;2;255;254;253m.........................[0m
[38;2;255;254;253m......................[38;2;191;183;182m][38;2;110;98;97mJ[38;2;113;98;98mJ[38;2;110;98;97mJJ[38;2;114;102;101mU[38;2;110;98;97mJ[38;2;113;98;98mJ[38;2;110;98;97mJJ[38;2;114;102;101mU[38;2;110;98;97mJ[38;2;113;98;98mJ[38;2;114;102;101mU[38;2;110;98;97mJJ[38;2;113;98;98mJJ[38;2;110;98;97mJ[38;2;113;98;98mJ[38;2;114;102;101mU[38;2;113;98;98mJ[38;2;110;98;97mJ[38;2;114;102;101mU[38;2;113;98;98mJ[38;2;110;98;97mJJ[38;2;113;98;98mJ[38;2;110;98;97mJ[38;2;113;98;98mJ[38;2;110;98;97mJ[38;2;113;98;98mJJJ[38;2;255;254;253m........................[0m
[38;2;255;254;253m......................[38;2;113;98;98mJ[38;2;114;102;101mU[38;2;110;98;97mJ[38;2;113;98;98mJ[38;2;110;98;97mJ[38;2;113;98;98mJ[38;2;87;76;76mZ[38;2;80;71;71mw[38;2;87;76;76mZZZ[38;2;82;72;71mmmm[38;2;87;76;76mZZZZZZZZZZZZZ[38;2;82;72;71mm[38;2;81;71;73mm[38;2;110;98;97mJJ[38;2;113;98;98mJ[38;2;114;102;101mU[38;2;110;98;97mJJ[38;2;255;254;253m.......................[0m
[38;2;255;254;253m.....................[38;2;110;98;97mJ[38;2;113;98;98mJ[38;2;114;102;101mU[38;2;80;71;71mw[38;2;87;76;76mZ[38;2;82;72;71mmm[38;2;87;76;76mZZZZZZZZZZZZZZZ[38;2;80;71;71mw[38;2;87;76;76mZZZZZZZ[38;2;82;72;71mm[38;2;87;76;76mZ[38;2;81;71;73mm[38;2;87;76;76mZZZ[38;2;110;98;97mJ[38;2;255;254;253m......................[0m
[38;2;255;254;253m....................[38;2;87;76;76mZ[38;2;102;92;91mL[38;2;87;76;76mZ[38;2;82;72;71mmm[38;2;87;76;76mZZZZZZZZZZZZZZZZZZZZ[38;2;80;71;71mw[38;2;87;76;76mZZZZZZZZZZZZZ[38;2;255;254;253m.....................[0m
[38;2;255;254;253m....................[38;2;87;76;76mZ[38;2;80;70;70mw[38;2;87;76;76mZ[38;2;81;71;73mm[38;2;87;76;76mZZZZZZ[38;2;80;71;71mw[38;2;82;72;71mm[38;2;87;76;76mZ[38;2;82;72;71mmm[38;2;87;76;76mZZZZZZZZZZZZZZ[38;2;80;71;71mw[38;2;75;69;71mw[38;2;87;76;76mZZZZZZZZ[38;2;243;237;238m:[38;2;255;254;253m....................[0m
[38;2;255;254;253m....................[38;2;81;71;73mm[38;2;87;76;76mZZZZZZ[38;2;80;71;71mw[38;2;82;72;71mm[38;2;87;76;76mZZZZZZZZ[38;2;82;72;71mm[38;2;87;76;76mZ[38;2;81;71;73mm[38;2;87;76;76mZZZZZZZZZZZZZZZZZZ[38;2;82;72;71mmm[38;2;255;254;253m....................[0m
[38;2;255;254;253m...................[38;2;112;102;106mU[38;2;87;76;76mZZZZZZZZZZZZZZZZZZZZZZZZZZ[38;2;75;69;71mw[38;2;87;76;76mZZZ[38;2;82;72;71mm[38;2;87;76;76mZZ[38;2;82;72;71mm[38;2;87;76;76mZZZ[38;2;82;72;71mm[38;2;87;76;76mZZ[38;2;255;254;253m....................[0m
[38;2;255;254;253m...................[38;2;57;53;54mk[38;2;87;76;76mZZZZZZZZZZZZZZZZZZ[38;2;80;71;71mw[38;2;87;76;76mZZZZZZ[38;2;81;71;73mm[38;2;87;76;76mZZZZ[38;2;81;71;73mm[38;2;87;76;76mZZZZZZZZZ[38;2;237;235;235m;[38;2;255;254;253m...................[0m
[38;2;255;254;253m...................[38;2;75;69;71mw[38;2;87;76;76mZZZZZZZZZZZZZZZ[38;2;80;71;71mw[38;2;87;76;76mZZZZZZ[38;2;81;71;73mm[38;2;87;76;76mZ[38;2;82;72;71mm[38;2;87;76;76mZZZZZZZZZZZZZZZ[38;2;72;62;64mp[38;2;255;254;253m...................[0m
[38;2;255;254;253m...................[38;2;82;72;71mm[38;2;87;76;76mZZZZZZ[38;2;82;72;71mm[38;2;87;76;76mZZZ[38;2;80;71;71mw[38;2;87;76;76mZZZZZZZZZZZZZZZ[38;2;80;71;71mww[38;2;87;76;76mZZZZ[38;2;80;71;71mw[38;2;81;71;73mm[38;2;87;76;76mZZZ[38;2;82;72;71mm[38;2;87;76;76mZZ[38;2;64;57;58md[38;2;255;254;253m...................[0m
[38;2;255;254;253m...................[38;2;87;76;76mZ[38;2;64;57;58md[38;2;87;76;76mZZZZZZZZZ[38;2;82;72;71mm[38;2;87;76;76mZZZZ[38;2;81;71;73mm[38;2;87;76;76mZZZZZZZZZZZZZZZZZZZ[38;2;82;72;71mm[38;2;87;76;76mZZ[38;2;82;72;71mm[38;2;49;39;39mo[38;2;87;76;76mZ[38;2;255;254;253m...................[0m
[38;2;255;254;253m...................[38;2;87;76;76mZ[38;2;72;62;64mp[38;2;87;76;76mZZZZZZZZZ[38;2;82;72;71mm[38;2;87;76;76mZZZZZZZZZZZZZZZZZZZZZZ[38;2;80;71;71mw[38;2;87;76;76mZZZZ[38;2;80;71;71mw[38;2;49;39;39mo[38;2;87;76;76mZ[38;2;255;254;253m...................[0m
[38;2;255;254;253m...................[38;2;87;76;76mZ[38;2;72;62;64mp[38;2;87;76;76mZZZZZ[38;2;82;72;71mm[38;2;87;76;76mZZZ[38;2;80;71;71mw[38;2;87;76;76mZZZZZZZZZZZZZZZZ[38;2;80;71;71mw[38;2;87;76;76mZZZZZZ[38;2;82;72;71mm[38;2;87;76;76mZ[38;2;82;72;71mm[38;2;87;76;76mZZ[38;2;59;49;50mk[38;2;87;76;76mZ[38;2;255;254;253m...................[0m
[38;2;255;254;253m...................[38;2;75;69;71mw[38;2;81;71;73mm[38;2;81;73;74mm[38;2;87;76;76mZZZZZZZZZZZZZZZZZZZZZZ[38;2;82;72;71mm[38;2;87;76;76mZZ[38;2;82;72;71mm[38;2;87;76;76mZZZZZZ[38;2;80;71;71mw[38;2;87;76;76mZZZZ[38;2;57;53;54mk[38;2;87;76;76mZ[38;2;255;254;253m...................[0m
[38;2;255;254;253m...................[38;2;80;71;71mww[38;2;87;76;76mZZZZZZZZZZ[38;2;80;71;71mw[38;2;87;76;76mZZZZZZZZZZZZZZZZZZZ[38;2;75;69;71mw[38;2;87;76;76mZZZ[38;2;82;72;71mm[38;2;87;76;76mZZ[38;2;49;45;47ma[38;2;53;50;53mk[38;2;75;69;71mw[38;2;255;254;253m...................[0m
[38;2;255;254;253m...................[38;2;57;53;54mk[38;2;87;76;76mZZZZZZZ[38;2;82;72;71mm[38;2;87;76;76mZZZZZZZZZZZZZZZZZZZZZ[38;2;80;71;71mww[38;2;87;76;76mZZZZ[38;2;80;71;71mw[38;2;87;76;76mZ[38;2;53;50;53mkkk[38;2;57;53;54mk[38;2;255;254;253m...................[0m
[38;2;255;254;253m...................[38;2;72;62;64mp[38;2;75;69;71mw[38;2;59;49;50mk[38;2;87;76;76mZZZZZZZZZZZZZ[38;2;80;71;71mw[38;2;87;76;76mZZZZZZ[38;2;81;71;73mm[38;2;87;76;76mZ[38;2;82;72;71mm[38;2;87;76;76mZZZZZZZZZZ[38;2;57;53;54mk[38;2;53;50;53mkkkkk[38;2;255;254;253m...................[0m
[38;2;255;254;253m...................[38;2;191;183;182m][38;2;87;76;76mZ[38;2;40;33;36m*[38;2;57;53;54mk[38;2;53;50;53mk[38;2;87;76;76mZZZZ[38;2;81;71;73mm[38;2;87;76;76mZZZZZZZZZZ[38;2;72;62;64mp[38;2;81;71;73mm[38;2;87;76;76mZZZZZZZZZZZZ[38;2;57;53;54mk[38;2;53;50;53mkkk[38;2;57;53;54mk[38;2;53;50;53mk[38;2;41;38;38m*[38;2;190;182;190m][38;2;255;254;253m...................[0m
[38;2;255;254;253m....................[38;2;57;53;54mk[38;2;72;62;64mp[38;2;53;50;53mkkkkk[38;2;87;76;76mZZZZZZZZZZZZZZZ[38;2;80;71;71mw[38;2;87;76;76mZZZZZZ[38;2;82;72;71mm[38;2;57;53;54mk[38;2;64;57;58md[38;2;53;50;53mkkkkk[38;2;57;53;54mk[38;2;53;51;53mkk[38;2;255;254;253m....................[0m
[38;2;255;254;253m....................[38;2;57;53;54mk[38;2;53;50;53mk[38;2;57;53;54mkk[38;2;53;50;53mk[38;2;57;53;54mk[38;2;53;50;53mkkkkkk[38;2;87;76;76mZZ[38;2;82;72;71mm[38;2;87;76;76mZZZZZZZZZZ[38;2;72;62;64mp[38;2;57;53;54mk[38;2;52;52;53mk[38;2;53;50;53mkkk[38;2;57;53;54mk[38;2;53;50;53mkkk[38;2;57;53;54mkk[38;2;52;52;53mk[38;2;53;50;53mkk[38;2;255;254;253m....................[0m
[38;2;255;254;253m....................[38;2;57;53;54mk[38;2;53;50;53mkkkkkkk[38;2;52;52;53mk[38;2;57;53;54mk[38;2;53;50;53mkk[38;2;53;51;53mk[38;2;53;50;53mkkk[38;2;52;52;53mk[38;2;53;50;53mk[38;2;53;51;53mk[38;2;53;50;53mk[38;2;57;53;54mk[38;2;53;50;53mkkkkkkk[38;2;57;53;54mk[38;2;53;50;53mkk[38;2;49;45;47ma[38;2;53;51;53mk[38;2;49;45;47ma[38;2;53;50;53mk[38;2;53;51;53mk[38;2;53;50;53mk[38;2;53;51;53mk[38;2;53;50;53mk[38;2;52;52;53mk[38;2;255;254;253m....................[0m
[38;2;255;254;253m....................[38;2;49;45;47ma[38;2;53;50;53mk[38;2;40;33;36m*[38;2;53;50;53mkkk[38;2;57;53;54mk[38;2;53;50;53mk[38;2;53;51;53mkkk[38;2;49;45;47ma[38;2;53;50;53mk[38;2;49;45;47ma[38;2;52;52;53mk[38;2;49;45;47ma[38;2;53;50;53mkk[38;2;53;51;53mkk[38;2;52;52;53mk[38;2;57;53;54mk[38;2;53;51;53mkkk[38;2;53;50;53mkk[38;2;52;52;53mk[38;2;53;50;53mkk[38;2;44;42;46ma[38;2;53;50;53mkkk[38;2;53;51;53mkk[38;2;59;49;50mk[38;2;57;53;54mk[38;2;40;33;36m*[38;2;49;45;47ma[38;2;255;254;253m....................[0m
[38;2;255;254;253m....................[38;2;72;62;64mp[38;2;53;50;53mkk[38;2;57;53;54mkk[38;2;53;50;53mk[38;2;57;53;54mk[38;2;53;50;53mk[38;2;57;53;54mk[38;2;53;50;53mkk[38;2;52;52;53mkk[38;2;57;53;54mk[38;2;53;51;53mk[38;2;53;50;53mkkkk[38;2;41;38;38m*[38;2;53;51;53mk[38;2;57;53;54mk[38;2;53;50;53mkk[38;2;53;51;53mkk[38;2;57;53;54mkk[38;2;53;51;53mk[38;2;53;50;53mk[38;2;181;176;181m{[38;2;53;50;53mkk[38;2;53;51;53mk[38;2;53;50;53mk[38;2;57;53;54mk[38;2;53;50;52mk[38;2;57;53;54mk[38;2;53;50;53mk[38;2;168;162;162m([38;2;255;254;253m....................[0m
[38;2;255;254;253m.....................[38;2;57;53;54mk[38;2;53;50;53mk[38;2;129;109;114mX[38;2;52;52;53mk[38;2;53;50;53mkkkkkk[38;2;53;51;53mk[38;2;53;50;53mkkkkkk[38;2;52;52;53mk[38;2;75;69;71mw[38;2;52;52;53mk[38;2;53;50;53mk[38;2;53;51;53mkkkk[38;2;53;50;53mkk[38;2;52;52;53mk[38;2;72;62;64mp[38;2;188;176;183m{[38;2;53;51;53mk[38;2;53;50;53mk[38;2;53;51;53mkk[38;2;57;53;54mk[38;2;53;50;53mk[38;2;40;30;30m#[38;2;52;52;53mk[38;2;255;254;253m.....................[0m
[38;2;255;254;253m.....................[38;2;40;30;30m#[38;2;181;139;146mt[38;2;208;129;147mt[38;2;40;30;30m#[38;2;57;53;54mk[38;2;53;50;53mkkk[38;2;53;51;53mk[38;2;72;62;64mp[38;2;75;69;71mw[38;2;53;50;53mkk[38;2;53;51;53mk[38;2;64;57;58md[38;2;53;50;53mk[38;2;57;53;54mk[38;2;53;50;53mk[38;2;184;174;187m{[38;2;41;38;38m*[38;2;57;53;54mkk[38;2;52;52;53mk[38;2;57;53;54mk[38;2;49;45;47ma[38;2;53;50;53mkk[38;2;57;53;54mk[38;2;184;174;187m{{[38;2;57;53;54mk[38;2;52;52;53mk[38;2;53;51;53mkk[38;2;53;50;53mkk[38;2;44;42;46ma[38;2;93;85;86m0[38;2;255;254;253m.....................[0m
[38;2;255;254;253m.....................[38;2;163;125;134mx[38;2;205;131;146mtt[38;2;146;95;106mY[38;2;57;53;54mk[38;2;53;50;53mk[38;2;52;52;53mk[38;2;57;53;54mk[38;2;53;50;53mk[38;2;53;51;53mk[38;2;181;176;181m{[38;2;52;52;53mk[38;2;53;50;53mkkkkkk[38;2;181;176;181m{[38;2;115;109;110mY[38;2;72;62;64mp[38;2;53;51;53mkk[38;2;53;50;53mk[38;2;52;52;53mk[38;2;53;51;53mkk[38;2;182;170;181m}[38;2;184;174;187m{{[38;2;59;49;50mk[38;2;53;51;53mkkk[38;2;53;50;53mk[38;2;184;119;132mx[38;2;205;131;146mt[38;2;211;188;189m-[38;2;255;254;253m.....................[0m
[38;2;255;254;253m.....................[38;2;205;131;146mt[38;2;205;133;148m/[38;2;205;131;146mt[38;2;146;95;106mY[38;2;143;122;124mu[38;2;59;49;50mk[38;2;53;50;53mkkk[38;2;57;53;54mk[38;2;184;174;187m{[38;2;121;116;115mz[38;2;53;50;53mk[38;2;52;52;53mkk[38;2;53;50;53mkk[38;2;41;38;38m*[38;2;190;182;190m][38;2;184;174;187m{[38;2;59;49;50mk[38;2;53;50;53mk[38;2;53;51;53mk[38;2;53;50;53mk[38;2;53;51;53mk[38;2;53;50;53mk[38;2;178;172;178m}[38;2;184;174;187m{[38;2;182;170;181m}[38;2;184;174;187m{[38;2;53;50;53mk[38;2;53;51;53mk[38;2;53;50;53mk[38;2;53;51;53mk[38;2;102;51;59mq[38;2;208;129;147mt[38;2;204;129;143mt[38;2;205;131;146mt[38;2;255;254;253m.....................[0m
[38;2;255;254;253m....................[38;2;205;131;146mttt[38;2;208;129;147mt[38;2;146;95;106mY[38;2;129;109;114mX[38;2;184;174;187m{[38;2;52;52;53mk[38;2;53;50;53mkkk[38;2;181;176;181m{[38;2;190;182;190m][38;2;72;62;64mp[38;2;52;52;53mk[38;2;53;50;53mkk[38;2;52;52;53mk[38;2;184;174;187m{{[38;2;188;176;183m{[38;2;53;50;53mk[38;2;53;51;53mkk[38;2;53;50;53mkk[38;2;184;174;187m{{{{{[38;2;52;52;53mk[38;2;53;51;53mkk[38;2;91;81;82mO[38;2;208;129;147mt[38;2;205;133;148m/[38;2;205;131;146mt[38;2;208;129;147mt[38;2;205;131;146mt[38;2;255;254;253m....................[0m
[38;2;255;254;253m...................[38;2;129;109;114mX[38;2;208;129;147mt[38;2;205;131;146mttt[38;2;146;95;106mY[38;2;129;109;114mX[38;2;184;174;187m{{[38;2;147;139;143mr[38;2;53;50;53mkk[38;2;73;66;66mq[38;2;184;174;187m{{[38;2;103;96;96mC[38;2;53;50;53mkk[38;2;178;172;178m}[38;2;182;170;181m}[38;2;178;172;178m}[38;2;184;174;187m{[38;2;44;42;46ma[38;2;57;53;54mkk[38;2;53;50;53mk[38;2;184;174;187m{[38;2;182;170;181m}[38;2;184;174;187m{{[38;2;190;182;190m][38;2;44;42;46ma[38;2;53;50;53mk[38;2;53;51;53mk[38;2;144;127;132mn[38;2;244;242;244m,[38;2;205;131;146mtt[38;2;202;137;150m//[38;2;205;133;148m/[38;2;103;96;96mC[38;2;255;254;253m...................[0m
[38;2;255;254;253m..................[38;2;133;124;126mv[38;2;193;124;138mj[38;2;205;133;148m/[38;2;205;131;146mtt[38;2;146;79;92mC[38;2;145;91;100mU[38;2;131;117;115mc[38;2;181;176;181m{[38;2;184;174;187m{{{{[38;2;57;53;54mk[38;2;181;176;181m{[38;2;184;174;187m{{[38;2;102;92;91mL[38;2;103;96;96mC[38;2;184;174;187m{{{{[38;2;150;147;147mf[38;2;53;50;53mk[38;2;181;176;181m{[38;2;184;174;187m{{{{{{[38;2;53;50;53mk[38;2;187;173;180m}[38;2;252;246;247m'[38;2;218;198;201m+[38;2;211;204;204m~[38;2;205;131;146mtt[38;2;208;129;147mt[38;2;205;131;146mtt[38;2;205;133;148m/[38;2;255;254;253m...................[0m
[38;2;255;254;253m..................[38;2;205;133;148m/[38;2;173;105;119mv[38;2;205;131;146mt[38;2;202;137;150m/[38;2;205;131;146mt[38;2;162;113;120mu[38;2;145;91;100mU[38;2;131;117;115mc[38;2;246;244;246m'[38;2;181;176;181m{[38;2;184;174;187m{{{{{{{{[38;2;190;182;190m][38;2;184;174;187m{{[38;2;190;182;190m][38;2;184;174;187m{{[38;2;190;182;190m][38;2;181;176;181m{[38;2;184;174;187m{[38;2;182;170;181m}[38;2;184;174;187m{{[38;2;188;176;183m{[38;2;190;182;190m][38;2;184;174;187m{[38;2;251;242;245m'[38;2;244;242;244m,[38;2;253;250;249m^[38;2;121;94;94mJ[38;2;205;131;146mt[38;2;208;129;147mt[38;2;205;131;146mtt[38;2;166;102;115mc[38;2;208;129;147mt[38;2;181;139;146mt[38;2;255;254;253m..................[0m
[38;2;255;254;253m.................[38;2;128;103;106mY[38;2;205;133;148m/[38;2;205;131;146mt[38;2;205;133;148m/[38;2;205;131;146mt[38;2;208;129;147mt[38;2;198;129;144mt[38;2;145;91;100mU[38;2;131;117;115mc[38;2;252;246;247m''[38;2;184;174;187m{[38;2;182;170;181m}[38;2;184;174;187m{{{{[38;2;181;176;181m{[38;2;184;174;187m{{[38;2;190;182;190m][38;2;184;174;187m{{{{{{{{{{[38;2;181;176;181m{[38;2;203;197;198m_[38;2;244;242;244m,,,[38;2;252;246;247m'[38;2;145;110;119mc[38;2;203;140;154m|[38;2;205;131;146mt[38;2;202;137;150m//[38;2;205;131;146mttt[38;2;255;254;253m..................[0m
[38;2;255;254;253m.................[38;2;205;133;148m/[38;2;205;131;146mtt[38;2;122;68;77m0[38;2;205;131;146mtt[38;2;203;140;154m|[38;2;139;87;96mJ[38;2;131;117;115mc[38;2;246;244;246m'[38;2;244;242;244m,[38;2;252;246;247m'[38;2;224;221;221m![38;2;184;174;187m{[38;2;182;170;181m}[38;2;190;182;190m][38;2;184;174;187m{{{{{{{{{{{{{{[38;2;253;250;249m^[38;2;252;246;247m''[38;2;246;244;246m'[38;2;252;246;247m'[38;2;230;226;225ml[38;2;255;254;253m.[38;2;181;139;146mt[38;2;205;131;146mtt[38;2;208;129;147mt[38;2;208;134;151m/[38;2;205;131;146mttt[38;2;145;110;119mc[38;2;255;254;253m.................[0m
[38;2;255;254;253m................[38;2;213;207;210m<[38;2;205;133;148m/[38;2;205;131;146mt[38;2;202;137;150m/[38;2;205;131;146mt[38;2;112;68;75mZ[38;2;139;87;96mJ[38;2;205;133;148m/[38;2;176;144;145mt[38;2;142;118;117mv[38;2;246;244;246m'[38;2;244;242;244m,,[38;2;252;246;247m''[38;2;244;242;244m,[38;2;184;174;187m{[38;2;188;176;183m{[38;2;184;174;187m{{{[38;2;190;182;190m][38;2;184;174;187m{{{{{{[38;2;233;228;227mI[38;2;244;242;244m,,[38;2;246;244;246m'[38;2;251;242;245m'[38;2;237;235;235m;[38;2;253;250;249m^[38;2;246;244;246m'[38;2;194;191;192m?[38;2;255;254;253m.[38;2;181;139;146mt[38;2;149;87;99mU[38;2;205;131;146mt[38;2;205;133;148m/[38;2;205;131;146mttttt[38;2;255;254;253m.................[0m
[38;2;255;254;253m................[38;2;198;129;144mt[38;2;205;133;148m/[38;2;205;131;146mt[38;2;205;133;148m/[38;2;205;131;146mt[38;2;145;91;100mU[38;2;128;103;106mY[38;2;208;129;147mt[38;2;225;208;210m>[38;2;144;127;132mn[38;2;251;242;245m'[38;2;237;235;235m;[38;2;244;242;244m,,,,,[38;2;246;244;246m'[38;2;244;242;244m,[38;2;252;246;247m'[38;2;244;242;244m,[38;2;251;242;245m'[38;2;244;242;244m,,,[38;2;246;244;246m'[38;2;251;242;245m'[38;2;244;242;244m,,[38;2;251;242;245m'[38;2;246;244;246m'[38;2;252;246;247m'[38;2;244;242;244m,[38;2;246;244;246m'[38;2;244;242;244m,,[38;2;143;122;124mu[38;2;253;250;249m^[38;2;181;139;146mt[38;2;91;52;57mp[38;2;128;93;95mJ[38;2;205;131;146mtttttt[38;2;252;237;241m,[38;2;255;254;253m................[0m
[38;2;255;254;253m................[38;2;202;137;150m/[38;2;205;131;146mt[38;2;208;129;147mt[38;2;205;131;146mt[38;2;208;129;147mt[38;2;205;131;146mt[38;2;106;83;83mQ[38;2;205;131;146mt[38;2;255;254;253m.[38;2;175;155;156m|[38;2;246;244;246m'[38;2;244;242;244m,,[38;2;246;244;246m'[38;2;244;242;244m,,[38;2;246;244;246m'[38;2;251;242;245m'[38;2;244;242;244m,,,,,,[38;2;251;242;245m'[38;2;244;242;244m,,,,[38;2;252;246;247m'[38;2;246;244;246m'[38;2;244;242;244m,,,,,[38;2;131;117;115mc[38;2;252;246;247m'[38;2;163;125;134mx[38;2;119;82;85mL[38;2;158;95;108mX[38;2;205;133;148m/[38;2;205;131;146mt[38;2;204;133;148m/[38;2;205;131;146mt[38;2;208;134;151m/[38;2;205;131;146mt[38;2;139;87;96mJ[38;2;255;254;253m................[0m
[38;2;255;254;253m...............[38;2;173;105;119mv[38;2;205;131;146mtttttt[38;2;102;64;67mm[38;2;205;133;148m/[38;2;244;242;244m,[38;2;175;155;156m|[38;2;246;244;246m'[38;2;244;242;244m,,,,,,,,,,,,,,,,[38;2;246;244;246m'[38;2;244;242;244m,,,,,[38;2;251;242;245m'[38;2;244;242;244m,,[38;2;145;110;119mc[38;2;252;246;247m'[38;2;129;95;97mU[38;2;144;102;110mX[38;2;198;129;144mt[38;2;205;131;146mttttttt[38;2;255;254;253m................[0m
[38;2;255;254;253m.............[38;2;252;246;247m'[38;2;255;254;253m.[38;2;205;130;146mt[38;2;205;131;146mtttt[38;2;202;137;150m/[38;2;205;131;146mt[38;2;91;52;57mp[38;2;205;130;146mt[38;2;244;242;244m,[38;2;186;153;158m([38;2;252;246;247m'[38;2;244;242;244m,,,,,[38;2;252;246;247m'[38;2;244;242;244m,,,,,,,,[38;2;252;246;247m'[38;2;244;242;244m,,,,,,[38;2;237;235;235m;[38;2;244;242;244m,,,[38;2;143;122;124mu[38;2;252;237;241m,[38;2;110;98;97mJ[38;2;176;125;135mr[38;2;205;131;146mtttttt[38;2;196;133;147mt[38;2;205;131;146mt[38;2;243;237;238m:[38;2;255;254;253m...............[0m
[38;2;255;254;253m...............[38;2;205;131;146mttttttt[38;2;102;51;59mq[38;2;205;130;146mt[38;2;246;244;246m'[38;2;243;225;224mI[38;2;230;217;215mi[38;2;131;117;115mc[38;2;145;110;119mc[38;2;159;141;144mj[38;2;211;204;204m~[38;2;243;237;238m:[38;2;255;254;253m.[38;2;246;244;246m'[38;2;251;242;245m'[38;2;244;242;244m,,,,,,,,,,,,,,,[38;2;253;250;249m^[38;2;244;242;244m,[38;2;131;117;115mc[38;2;243;237;238m:[38;2;168;162;162m([38;2;205;131;146mt[38;2;208;129;147mt[38;2;205;131;146mttttttt[38;2;185;166;163m1[38;2;255;254;253m...............[0m
[38;2;255;254;253m..............[38;2;113;98;98mJ[38;2;205;131;146mttttt[38;2;202;137;150m/[38;2;205;131;146mt[38;2;145;91;100mU[38;2;205;130;146mtt[38;2;205;133;148m/[38;2;205;130;146mt[38;2;145;91;100mU[38;2;128;103;106mY[38;2;202;187;186m?[38;2;255;254;253m.[38;2;246;244;246m'[38;2;244;242;244m,[38;2;253;250;249m^[38;2;246;244;246m'[38;2;244;242;244m,,,[38;2;246;244;246m'[38;2;244;242;244m,,,[38;2;246;244;246m'[38;2;244;242;244m,,,,,[38;2;246;244;246m'[38;2;244;242;244m,,,,[38;2;252;246;247m'[38;2;237;235;235m;[38;2;205;131;146mttttttttt[38;2;131;73;84mQ[38;2;255;254;253m...............[0m
[38;2;255;254;253m..............[38;2;194;139;149m/[38;2;205;133;148m/[38;2;208;134;151m/[38;2;205;131;146mtttt[38;2;205;133;148m/[38;2;175;113;125mn[38;2;205;131;146mtt[38;2;205;130;146mtttt[38;2;205;131;146mtttt[38;2;202;137;150m/[38;2;205;131;146mtttt[38;2;205;130;146mt[38;2;205;131;146mttt[38;2;205;130;146mtt[38;2;202;137;150m/[38;2;205;130;146mt[38;2;205;131;146mtttttttttttttttttt[38;2;202;137;150m/[38;2;255;254;253m...............[0m
[38;2;255;254;253m..............[38;2;208;129;147mt[38;2;205;131;146mtt[38;2;204;129;143mt[38;2;205;131;146mtttt[38;2;202;137;150m/[38;2;205;130;146mttt[38;2;205;131;146mtttttt[38;2;205;133;148m/[38;2;205;131;146mt[38;2;205;130;146mt[38;2;205;131;146mtt[38;2;205;130;146mtt[38;2;205;131;146mttt[38;2;205;130;146mt[38;2;205;131;146mtt[38;2;205;130;146mtt[38;2;205;131;146mt[38;2;205;130;146mt[38;2;204;129;143mt[38;2;205;131;146mttt[38;2;205;133;148m/[38;2;205;131;146mtt[38;2;205;133;148m/[38;2;205;131;146mtttttttt[38;2;255;254;253m...............[0m
[38;2;255;254;253m.............[38;2;143;133;132mn[38;2;205;131;146mtttttttt[38;2;194;139;149m/[38;2;205;131;146mtt[38;2;205;130;146mt[38;2;205;131;146mtttttttttt[38;2;205;133;148m/[38;2;205;130;146mtt[38;2;205;131;146mtttt[38;2;205;130;146mttt[38;2;205;131;146mtttt[38;2;205;130;146mt[38;2;202;137;150m/[38;2;205;131;146mtttt[38;2;205;133;148m/[38;2;205;131;146mtttttttt[38;2;255;254;253m...............[0m
[38;2;255;254;253m.............[38;2;181;139;146mt[38;2;205;131;146mttttt[38;2;196;133;147mt[38;2;205;131;146mt[38;2;205;133;148m/[38;2;194;139;149m/[38;2;205;131;146mt[38;2;204;133;148m/[38;2;205;130;146mt[38;2;205;131;146mt[38;2;205;130;146mt[38;2;205;131;146mt[38;2;205;130;146mt[38;2;205;131;146mttttttttt[38;2;205;130;146mt[38;2;205;131;146mttt[38;2;205;130;146mt[38;2;205;131;146mt[38;2;205;130;146mt[38;2;205;131;146mt[38;2;205;130;146mt[38;2;205;131;146mt[38;2;205;130;146mt[38;2;205;131;146mtttttt[38;2;208;134;151m/[38;2;205;131;146mtttttttt[38;2;255;254;253m...............[0m
[38;2;255;254;253m.............[38;2;205;133;148m//[38;2;204;129;143mt[38;2;205;131;146mtttttttttttttt[38;2;205;130;146mt[38;2;205;131;146mt[38;2;205;130;146mt[38;2;205;131;146mt[38;2;205;133;148m//[38;2;205;131;146mt[38;2;205;130;146mt[38;2;205;131;146mt[38;2;205;130;146mtt[38;2;205;131;146mttt[38;2;202;137;150m/[38;2;205;130;146mtt[38;2;205;131;146mtttt[38;2;205;130;146mtt[38;2;205;131;146mttt[38;2;203;140;154m|[38;2;205;131;146mtttttttt[38;2;255;254;253m...............[0m
[38;2;255;254;253m............[38;2;203;197;198m_[38;2;205;131;146mtt[38;2;196;133;147mt[38;2;208;129;147mt[38;2;205;131;146mttttttttt[38;2;205;130;146mtt[38;2;205;131;146mtttttt[38;2;205;133;148m/[38;2;205;131;146mtttttttttt[38;2;205;130;146mt[38;2;205;131;146mtt[38;2;205;133;148m/[38;2;205;131;146mttt[38;2;202;137;150m/[38;2;205;131;146mttt[38;2;173;105;119mv[38;2;205;131;146mtttttt[38;2;205;133;148m/[38;2;205;131;146mt[38;2;255;254;253m...............[0m
[38;2;255;254;253m............[38;2;117;86;92mL[38;2;205;131;146mt[38;2;205;133;148m/[38;2;205;131;146mt[38;2;196;133;147mt[38;2;205;131;146mttttttt[38;2;205;130;146mt[38;2;205;131;146mt[38;2;205;130;146mttt[38;2;205;131;146mtttt[38;2;205;133;148m/[38;2;205;131;146mttttt[38;2;205;130;146mt[38;2;205;131;146mt[38;2;204;133;148m/[38;2;205;131;146mt[38;2;205;133;148m/[38;2;205;131;146mt[38;2;205;130;146mt[38;2;205;131;146mt[38;2;202;137;150m/[38;2;205;131;146mtt[38;2;202;137;150m/[38;2;205;131;146mttttt[38;2;131;73;84mQ[38;2;205;131;146mttttttt[38;2;208;129;147mt[38;2;230;226;225ml[38;2;255;254;253m..............[0m
[38;2;255;254;253m............[38;2;181;139;146mt[38;2;205;131;146mttttt[38;2;202;137;150m/[38;2;205;131;146mttt[38;2;204;129;143mt[38;2;205;131;146mtt[38;2;205;130;146mtttt[38;2;205;131;146mt[38;2;205;130;146mttt[38;2;205;131;146mttttt[38;2;205;130;146mtt[38;2;205;131;146mt[38;2;208;129;147mt[38;2;205;130;146mtt[38;2;205;131;146mt[38;2;205;130;146mtt[38;2;205;131;146mtttttttt[38;2;202;137;150m/[38;2;122;68;77m0[38;2;205;131;146mttt[38;2;205;133;148m/[38;2;205;131;146mtttt[38;2;203;197;198m_[38;2;255;254;253m..............[0m
[38;2;255;254;253m............[38;2;202;137;150m/[38;2;205;131;146mttttttttttt[38;2;202;137;150m/[38;2;205;131;146mttttttttttt[38;2;202;137;150m/[38;2;205;131;146mtt[38;2;205;130;146mtt[38;2;205;131;146mt[38;2;202;137;150m/[38;2;205;131;146mtttttttttt[38;2;205;130;146mt[38;2;205;131;146mtt[38;2;166;102;115mc[38;2;205;131;146mtttttttt[38;2;157;152;155mt[38;2;255;254;253m..............[0m
