[38;2;255;254;253m................................................................................[0m
[38;2;255;254;253m................................................................................[0m
[38;2;255;254;253m................................................................................[0m
[38;2;255;254;253m................................................................................[0m
[38;2;255;254;253m......................................[38;2;224;221;221m![38;2;174;166;172m)[38;2;102;92;91mL[38;2;73;66;66mqq[38;2;102;92;91mL[38;2;254;251;251m^[38;2;255;254;253m...................................[0m
[38;2;255;254;253m..............................[38;2;133;124;126mv[38;2;87;76;76mZ[38;2;77;70;71mw[38;2;81;71;73mm[38;2;87;76;76mZZZZZZZZZZZZZZZ[38;2;73;66;66mq[38;2;87;76;76mZ[38;2;194;191;192m?[38;2;255;254;253m............................[0m
[38;2;255;254;253m.........................[38;2;203;197;198m_[38;2;87;76;76mZ[38;2;77;70;71mw[38;2;81;71;73mm[38;2;82;72;71mm[38;2;87;76;76mZZZZZZZZZZZZZZZZZZZZZZZZZ[38;2;255;254;253m.........................[0m
[38;2;255;254;253m.......................[38;2;58;49;51mk[38;2;81;71;73mm[38;2;87;76;76mZZZZZZZZZZZZZZZZZZZZZZZZZZZZZZZZ[38;2;255;254;253m.......................[0m
[38;2;255;254;253m.....................[38;2;121;116;115mz[38;2;112;98;98mJJJJ[38;2;91;79;78mO[38;2;112;98;98mJJJJJJJJJJJJJ[38;2;102;92;91mL[38;2;112;98;98mJJJJJJJJJJJJJ[38;2;110;98;97mJ[38;2;112;98;98mJJJ[38;2;81;71;73mm[38;2;255;254;253m.....................[0m
[38;2;255;254;253m....................[38;2;112;98;98mJ[38;2;87;76;76mZ[38;2;112;98;98mJ[38;2;87;76;76mZ[38;2;82;72;71mmm[38;2;87;76;76mZZZZZZ[38;2;82;72;71mm[38;2;87;76;76mZZZZZ[38;2;82;72;71mm[38;2;87;76;76mZZZZZZZ[38;2;91;81;82mO[38;2;98;85;85m0[38;2;112;98;98mJJJJJ[38;2;110;98;97mJ[38;2;112;98;98mJJJJJJ[38;2;255;254;253m....................[0m
[38;2;255;254;253m..................[38;2;174;166;172m)[38;2;112;98;98mJ[38;2;82;72;71mm[38;2;87;76;76mZZ[38;2;103;96;96mC[38;2;87;76;76mZ[38;2;82;72;71mm[38;2;87;76;76mZ[38;2;77;70;71mw[38;2;73;66;66mq[38;2;51;45;46ma[38;2;87;76;76mZZ[38;2;73;66;66mq[38;2;87;76;76mZZZZZZZZ[38;2;91;79;78mO[38;2;87;76;76mZ[38;2;81;71;73mm[38;2;87;76;76mZZZZZZZZZZZ[38;2;98;85;85m0[38;2;112;98;98mJJJJ[38;2;80;71;71mw[38;2;255;254;253m...................[0m
[38;2;255;254;253m.................[38;2;142;137;138mx[38;2;112;98;98mJ[38;2;255;254;253m.[38;2;98;85;85m0[38;2;82;72;71mm[38;2;87;76;76mZ[38;2;203;197;198m_[38;2;87;76;76mZZZ[38;2;82;72;71mm[38;2;87;76;76mZ[38;2;159;141;144mj[38;2;87;76;76mZZ[38;2;73;66;66mq[38;2;87;76;76mZZZZZZZZ[38;2;73;66;66mq[38;2;87;76;76mZZ[38;2;73;66;66mq[38;2;87;76;76mZZZ[38;2;82;72;71mm[38;2;87;76;76mZZZZZ[38;2;82;72;71mm[38;2;87;76;76mZZZ[38;2;102;92;91mL[38;2;82;72;71mm[38;2;112;98;98mJ[38;2;73;66;66mq[38;2;255;254;253m..................[0m
[38;2;255;254;253m.................[38;2;103;96;96mC[38;2;255;254;253m.[38;2;87;76;76mZZZ[38;2;49;39;39mo[38;2;236;215;208mi[38;2;71;60;60mp[38;2;81;71;73mm[38;2;235;218;213m![38;2;87;76;76mZ[38;2;57;53;54mk[38;2;174;166;172m)[38;2;87;76;76mZZ[38;2;77;70;71mw[38;2;87;76;76mZZZZZZZ[38;2;80;71;71mw[38;2;87;76;76mZZZZZZZZZZZZZZZZZZZZZ[38;2;255;254;253m..................[0m
[38;2;255;254;253m...................[38;2;57;53;54mk[38;2;72;62;64mp[38;2;87;76;76mZ[38;2;143;122;124mu[38;2;229;214;209mi[38;2;211;188;189m-[38;2;80;71;71mw[38;2;243;225;224mI[38;2;57;53;54mk[38;2;87;76;76mZ[38;2;215;196;191m+[38;2;80;71;71mww[38;2;77;70;71mw[38;2;87;76;76mZZZZZ[38;2;82;72;71mm[38;2;87;76;76mZZZZZZZZZZZZZZZZZZZZZZZ[38;2;57;53;54mk[38;2;255;254;253m.................[0m
[38;2;255;254;253m...................[38;2;57;53;54mk[38;2;87;76;76mZZ[38;2;133;124;126mv[38;2;233;213;206mi[38;2;57;53;54mk[38;2;203;197;198m_[38;2;87;76;76mZ[38;2;235;218;213m![38;2;80;71;71mw[38;2;142;118;117mv[38;2;233;213;206mi[38;2;72;55;52md[38;2;87;76;76mZZZZZZZ[38;2;71;60;60mp[38;2;87;76;76mZ[38;2;82;72;71mm[38;2;87;76;76mZZZZZZZZZZZZZZZZZZ[38;2;82;72;71mm[38;2;87;76;76mZZ[38;2;253;250;249m^[38;2;255;254;253m................[0m
[38;2;255;254;253m....................[38;2;80;71;71mw[38;2;72;62;64mp[38;2;244;237;238m:[38;2;229;214;209mi[38;2;72;62;64mp[38;2;239;233;230m;[38;2;233;228;227mI[38;2;49;39;39mo[38;2;230;208;202m>[38;2;131;117;115mc[38;2;233;213;206mii[38;2;73;66;66mq[38;2;87;76;76mZZZ[38;2;82;72;71mm[38;2;87;76;76mZZZZZZZZZ[38;2;82;72;71mm[38;2;87;76;76mZ[38;2;82;72;71mm[38;2;87;76;76mZZZZZ[38;2;82;72;71mm[38;2;87;76;76mZZZZZZZZ[38;2;222;215;214m>[38;2;253;250;249m^[38;2;255;254;253m...............[0m
[38;2;255;254;253m....................[38;2;57;53;54mk[38;2;143;133;132mn[38;2;255;254;253m.[38;2;241;219;216ml[38;2;64;57;58md[38;2;244;237;238m:[38;2;233;228;227mI[38;2;244;242;244m,[38;2;237;225;223mI[38;2;241;219;216ml[38;2;233;213;206mii[38;2;87;76;76mZZZZZZZZ[38;2;80;71;71mw[38;2;82;72;71mm[38;2;87;76;76mZZZZZZZZ[38;2;82;72;71mm[38;2;87;76;76mZZZZZZZZZZZZ[38;2;40;30;30m#[38;2;255;254;253m................[0m
[38;2;255;254;253m.......................[38;2;172;153;148m/[38;2;72;62;64mp[38;2;222;215;214m>[38;2;237;235;235m;;[38;2;87;76;76mZ[38;2;230;208;202m>[38;2;233;213;206mi[38;2;233;214;206mi[38;2;87;76;76mZZZZZZZ[38;2;82;72;71mm[38;2;80;71;71mw[38;2;87;76;76mZZZZZZZZZZ[38;2;77;70;71mw[38;2;87;76;76mZZZ[38;2;80;71;71mw[38;2;82;72;71mm[38;2;87;76;76mZZZZZZZ[38;2;255;254;253m................[0m
[38;2;255;254;253m.......................[38;2;159;149;148mt[38;2;237;225;223mI[38;2;71;60;60mp[38;2;233;228;227mII[38;2;235;218;213m![38;2;233;213;206mi[38;2;235;218;213m![38;2;233;213;206mi[38;2;87;76;76mZZZZZZZZ[38;2;57;53;54mk[38;2;82;72;71mm[38;2;87;76;76mZZZZZZZZZZZZZZZZZZZZZZ[38;2;255;254;253m................[0m
[38;2;255;254;253m......................[38;2;230;217;215mi[38;2;235;218;213m![38;2;233;214;206mi[38;2;172;153;148m/[38;2;232;219;217m![38;2;233;213;206mi[38;2;233;214;206mi[38;2;233;213;206mi[38;2;235;218;213m![38;2;233;213;206mi[38;2;87;76;76mZZZZZZZZ[38;2;71;60;60mp[38;2;87;76;76mZZZZZZZZZZZZZZZZZZZZZZZ[38;2;255;254;253m................[0m
[38;2;255;254;253m.....................[38;2;235;218;213m![38;2;233;213;206mii[38;2;233;214;206mi[38;2;233;213;206miii[38;2;230;208;202m>[38;2;233;214;206mii[38;2;229;214;209mi[38;2;87;76;76mZZZZZZZZ[38;2;58;49;51mk[38;2;82;72;71mmm[38;2;87;76;76mZZZZZ[38;2;82;72;71mm[38;2;87;76;76mZZZZZZZZZZZZZZZ[38;2;255;254;253m................[0m
[38;2;255;254;253m......................[38;2;235;218;213m![38;2;233;213;206mi[38;2;233;214;206mi[38;2;235;218;213m![38;2;233;214;206mi[38;2;233;213;206mi[38;2;235;218;213m![38;2;233;213;206mi[38;2;233;214;206mii[38;2;87;76;76mZZZZZZZZ[38;2;49;39;39mo[38;2;87;76;76mZZZZZZZZZZZZZZZ[38;2;82;72;71mm[38;2;87;76;76mZZZZZZZ[38;2;255;254;253m................[0m
[38;2;255;254;253m......................[38;2;211;204;204m~[38;2;176;144;145mt[38;2;209;153;169m1[38;2;119;82;85mL[38;2;236;215;208mi[38;2;233;213;206miiiii[38;2;87;76;76mZZZZZZZZ[38;2;40;33;36m*[38;2;87;76;76mZZZZZZ[38;2;80;71;71mw[38;2;87;76;76mZ[38;2;80;71;71mw[38;2;87;76;76mZZ[38;2;80;71;71mww[38;2;87;76;76mZZ[38;2;80;71;71mw[38;2;87;76;76mZZZZ[38;2;80;71;71mw[38;2;87;76;76mZZ[38;2;255;254;253m................[0m
[38;2;255;254;253m........................[38;2;121;94;94mJ[38;2;209;153;169m1[38;2;186;153;158m([38;2;236;215;208mi[38;2;233;213;206miiii[38;2;87;76;76mZZZZZZZZ[38;2;49;39;39mo[38;2;87;76;76mZZZ[38;2;80;71;71mw[38;2;87;76;76mZZZZZZZ[38;2;80;71;71mw[38;2;87;76;76mZZZZZZZZZZZ[38;2;255;254;253m................[0m
[38;2;255;254;253m..........................[38;2;155;138;138mj[38;2;236;215;208mi[38;2;233;213;206mi[38;2;236;215;208mi[38;2;233;213;206mii[38;2;87;76;76mZZZZZZZZ[38;2;51;45;46ma[38;2;80;71;71mw[38;2;87;76;76mZZ[38;2;80;71;71mw[38;2;87;76;76mZZZZZZZZZZZ[38;2;80;71;71mw[38;2;87;76;76mZZZZZZ[38;2;57;53;53mk[38;2;255;254;253m................[0m
[38;2;255;254;253m........................[38;2;253;250;249m^[38;2;255;254;253m..[38;2;146;135;134mx[38;2;233;213;206miii[38;2;233;214;206mi[38;2;80;71;71mw[38;2;87;76;76mZZ[38;2;80;71;71mw[38;2;87;76;76mZZZZ[38;2;57;53;54mk[38;2;87;76;76mZZZZZZZZZ[38;2;80;71;71mw[38;2;87;76;76mZZZZZZZZZZZ[38;2;51;45;46ma[38;2;53;51;53mk[38;2;255;254;253m................[0m
[38;2;255;254;253m................................[38;2;51;45;46ma[38;2;80;71;71mw[38;2;87;76;76mZZZZZ[38;2;80;71;71mw[38;2;58;49;51mk[38;2;53;51;53mk[38;2;87;76;76mZZ[38;2;80;71;71mw[38;2;87;76;76mZZZZZZZZZZZZZZZZ[38;2;53;51;53mk[38;2;51;45;46maa[38;2;255;254;253m................[0m
[38;2;255;254;253m................................[38;2;77;70;71mw[38;2;87;76;76mZZZZZZZ[38;2;40;33;36m*[38;2;182;170;181m}[38;2;57;53;54mk[38;2;57;53;53mk[38;2;87;76;76mZZZZZ[38;2;80;71;71mw[38;2;87;76;76mZZZZZZZZZ[38;2;57;53;54mk[38;2;51;45;46ma[38;2;57;53;53mk[38;2;57;53;54mk[38;2;253;250;249m^[38;2;255;254;253m................[0m
[38;2;255;254;253m...................[38;2;252;246;247m'[38;2;253;250;249m^[38;2;255;254;253m...........[38;2;224;221;221m![38;2;52;50;52mh[38;2;87;76;76mZZZ[38;2;57;53;54mk[38;2;80;71;71mw[38;2;71;60;60mp[38;2;41;38;38m*[38;2;181;176;181m{[38;2;184;174;187m{[38;2;53;51;53mk[38;2;57;53;54mkk[38;2;87;76;76mZZZZZZZZ[38;2;80;71;71mw[38;2;87;76;76mZZ[38;2;72;62;64mp[38;2;57;53;54mk[38;2;53;51;53mk[38;2;52;50;52mhh[38;2;53;51;53mk[38;2;255;254;253m.......[38;2;253;250;249m^[38;2;255;254;253m.........[0m
[38;2;255;254;253m...................[38;2;252;246;247m'[38;2;253;250;249m^[38;2;255;254;253m...........[38;2;146;135;134mx[38;2;57;53;54mkk[38;2;64;57;58md[38;2;57;53;54mk[38;2;51;52;52mk[38;2;40;33;36m*[38;2;64;57;58md[38;2;73;66;66mq[38;2;184;174;187m{{{[38;2;40;33;36m*[38;2;57;53;54mk[38;2;51;45;46ma[38;2;53;51;53mk[38;2;87;76;76mZZZZ[38;2;80;71;71mw[38;2;87;76;76mZZ[38;2;57;53;54mk[38;2;53;51;53mkk[38;2;57;53;54mkk[38;2;57;53;53mk[38;2;57;53;54mk[38;2;49;39;39mo[38;2;255;254;253m.................[0m
[38;2;255;254;253m...............................[38;2;252;246;247m'[38;2;244;242;244m,[38;2;59;40;42ma[38;2;51;52;52mk[38;2;58;49;51mk[38;2;51;52;52mk[38;2;58;49;51mk[38;2;27;20;20m&[38;2;57;53;54mk[38;2;150;147;147mf[38;2;184;174;187m{{{[38;2;190;182;190m][38;2;53;51;53mk[38;2;57;53;54mk[38;2;51;45;46ma[38;2;53;51;53mk[38;2;57;53;54mk[38;2;52;50;52mh[38;2;57;53;54mk[38;2;53;51;53mkkkk[38;2;57;53;53mk[38;2;53;50;53mk[38;2;57;53;54mk[38;2;52;50;52mh[38;2;51;52;52mk[38;2;52;50;52mh[38;2;191;183;182m][38;2;255;254;253m.................[0m
[38;2;255;254;253m.....[38;2;253;250;249m^[38;2;255;254;253m........................[38;2;253;250;249m^[38;2;244;242;244m,,[38;2;244;242;242m,[38;2;57;53;54mkkk[38;2;52;50;52mh[38;2;72;62;64mp[38;2;53;51;53mk[38;2;251;242;245m'[38;2;184;174;187m{[38;2;188;176;183m{[38;2;184;174;187m{{{[38;2;53;51;53mkkk[38;2;57;53;54mk[38;2;53;51;53mk[38;2;52;50;52mh[38;2;57;53;54mk[38;2;53;51;53mk[38;2;57;53;54mk[38;2;51;52;52mk[38;2;57;53;54mk[38;2;51;45;46ma[38;2;51;52;52mk[38;2;52;50;52mh[38;2;53;51;53mk[38;2;52;50;52mh[38;2;255;254;253m..................[0m
[38;2;255;254;253m..........................[38;2;253;250;249m^[38;2;255;254;253m...[38;2;244;242;244m,,[38;2;251;242;245m'[38;2;244;242;242m,[38;2;244;237;238m:[38;2;57;53;54mk[38;2;52;50;52mh[38;2;57;53;54mk[38;2;52;50;52mh[38;2;40;33;36m*[38;2;246;244;246m''[38;2;184;174;187m{{{{[38;2;178;172;178m}[38;2;53;51;53mkk[38;2;64;57;58md[38;2;53;51;53mkk[38;2;57;53;53mkk[38;2;52;50;52mhh[38;2;64;57;58md[38;2;57;53;53mk[38;2;53;51;53mk[38;2;51;45;46ma[38;2;53;51;53mk[38;2;34;31;33m#[38;2;255;254;253m..................[0m
[38;2;255;254;253m...........................[38;2;244;242;244m,,[38;2;194;191;192m?[38;2;251;242;245m'[38;2;237;235;235m;[38;2;251;242;245m'[38;2;237;225;223mI[38;2;218;198;201m+[38;2;233;228;227mI[38;2;52;50;52mhh[38;2;41;38;38m*[38;2;255;254;253m.[38;2;244;242;244m,,,[38;2;184;174;187m{{{{[38;2;182;170;181m}[38;2;53;51;53mkkk[38;2;51;45;46ma[38;2;40;30;30m#[38;2;52;50;52mh[38;2;53;51;53mk[38;2;57;53;54mk[38;2;53;51;53mkkk[38;2;52;50;52mh[38;2;57;53;54mk[38;2;246;244;246m'[38;2;255;254;253m..................[0m
[38;2;255;254;253m...........................[38;2;244;242;244m,[38;2;144;102;110mX[38;2;128;103;106mY[38;2;159;149;148mt[38;2;244;242;242m,[38;2;129;109;114mX[38;2;193;141;154m/[38;2;208;134;151m/[38;2;193;141;154m/[38;2;106;83;83mQ[38;2;51;45;46ma[38;2;57;53;54mk[38;2;180;161;159m([38;2;244;242;244m,,,,[38;2;184;174;187m{[38;2;190;182;190m][38;2;187;173;180m}[38;2;190;182;190m][38;2;41;38;38m*[38;2;57;53;54mkk[38;2;53;51;53mk[38;2;194;191;192m?[38;2;57;53;54mkk[38;2;53;51;53mk[38;2;237;225;223mI[38;2;57;53;54mk[38;2;53;51;53mk[38;2;57;53;54mk[38;2;255;254;253m....................[0m
[38;2;255;254;253m................[38;2;252;246;247m'[38;2;253;250;249m^[38;2;255;254;253m.[38;2;253;250;249m^[38;2;251;242;245m'[38;2;255;254;253m....[38;2;237;235;235m;[38;2;128;103;106mY[38;2;239;233;230m;[38;2;179;133;139mf[38;2;204;133;148m/[38;2;205;131;146mtttttttt[38;2;203;138;151m/[38;2;255;254;253m.[38;2;155;138;138mj[38;2;239;233;230m;[38;2;244;242;244m,,[38;2;244;237;238m:[38;2;181;176;181m{[38;2;184;174;187m{{{[38;2;53;51;53mk[38;2;57;53;54mk[38;2;155;138;138mj[38;2;184;174;187m{[38;2;57;53;54mkk[38;2;157;152;155mt[38;2;194;191;192m?[38;2;57;53;54mk[38;2;53;51;53mk[38;2;253;250;249m^[38;2;255;254;253m....................[0m
[38;2;255;254;253m...............[38;2;253;250;249m^^[38;2;255;254;253m........[38;2;193;124;138mj[38;2;205;131;146mttt[38;2;203;138;151m/[38;2;205;131;146mtt[38;2;204;133;148m//[38;2;205;131;146mtt[38;2;204;133;148m//[38;2;205;131;146mt[38;2;204;133;148m/[38;2;203;197;198m_[38;2;252;246;247m'[38;2;244;242;244m,,,,[38;2;213;207;210m<[38;2;184;174;187m{{[38;2;51;52;52mk[38;2;190;182;190m][38;2;184;174;187m{{[38;2;57;53;54mk[38;2;188;176;183m{[38;2;168;162;162m([38;2;87;76;76mZ[38;2;57;53;54mk[38;2;255;254;253m.......[38;2;252;246;247m'[38;2;255;254;253m..............[0m
[38;2;255;254;253m.......................[38;2;91;79;78mO[38;2;196;133;147mt[38;2;205;131;146mtttttttt[38;2;208;129;147mt[38;2;208;134;151m/[38;2;205;131;146mtt[38;2;204;133;148m/[38;2;205;131;146mttt[38;2;98;85;85m0[38;2;246;244;246m'[38;2;251;242;245m''[38;2;246;244;246m'''[38;2;181;176;181m{[38;2;178;172;178m}[38;2;184;174;187m{{{{{[38;2;188;176;183m{[38;2;255;254;253m........................[0m
[38;2;255;254;253m......................[38;2;159;141;144mj[38;2;205;131;146mt[38;2;198;129;144mt[38;2;205;131;146mttttt[38;2;204;133;148m/[38;2;205;131;146mtttttt[38;2;208;134;151m/[38;2;205;131;146mtttt[38;2;119;82;85mL[38;2;246;244;246m''[38;2;244;242;244m,,[38;2;246;244;246m'[38;2;244;242;244m,,[38;2;203;197;198m_[38;2;184;174;187m{{{{{[38;2;142;137;138mx[38;2;255;254;253m.......................[0m
[38;2;255;254;253m......................[38;2;208;129;147mt[38;2;205;131;146mttttttt[38;2;146;95;106mY[38;2;158;95;108mX[38;2;196;133;147mt[38;2;208;134;151m/[38;2;205;131;146mt[38;2;205;133;148m/[38;2;205;131;146mttttttt[38;2;130;82;90mC[38;2;225;208;210m>[38;2;252;246;247m'[38;2;244;242;244m,,[38;2;246;244;246m'[38;2;244;242;244m,,,[38;2;246;244;246m'[38;2;224;221;221m![38;2;184;174;187m{{[38;2;237;235;235m;[38;2;255;254;253m.......................[0m
[38;2;255;254;253m................[38;2;253;250;249m^[38;2;255;254;253m....[38;2;252;237;241m,[38;2;205;131;146mt[38;2;203;138;151m/[38;2;205;131;146mt[38;2;204;133;148m/[38;2;205;131;146mttttttt[38;2;204;133;148m/[38;2;205;131;146mt[38;2;114;53;64mw[38;2;196;133;147mt[38;2;205;131;146mttt[38;2;204;133;148m/[38;2;208;129;147mt[38;2;205;131;146mtt[38;2;131;117;115mc[38;2;189;167;174m}[38;2;244;242;244m,,,,,,[38;2;251;242;245m''[38;2;244;242;244m,[38;2;246;244;246m'[38;2;244;242;244m,[38;2;255;254;253m.......................[0m
[38;2;255;254;253m................[38;2;251;242;245m'[38;2;255;254;253m....[38;2;186;153;158m([38;2;208;129;147mt[38;2;204;133;148m/[38;2;205;131;146mtttt[38;2;204;133;148m/[38;2;205;131;146mtttttttt[38;2;145;91;100mU[38;2;205;131;146mttttttt[38;2;232;219;217m![38;2;251;242;245m'[38;2;246;244;246m'[38;2;244;242;244m,[38;2;246;244;246m'[38;2;244;242;244m,,,,,,,[38;2;133;124;126mv[38;2;255;254;253m......................[0m
[38;2;255;254;253m..............[38;2;253;250;249m^[38;2;255;254;253m......[38;2;139;87;96mJ[38;2;203;138;151m/[38;2;205;131;146mtt[38;2;203;138;151m/[38;2;205;131;146mttttttt[38;2;204;133;148m/[38;2;205;131;146mtttt[38;2;132;85;94mC[38;2;117;86;92mL[38;2;193;124;138mj[38;2;205;131;146mtt[38;2;204;133;148m/[38;2;205;131;146mt[38;2;213;203;199m~[38;2;143;122;124mu[38;2;244;242;244m,,,,,,,,[38;2;244;237;238m:[38;2;244;242;244m,[38;2;246;244;246m'[38;2;255;254;253m......................[0m
[38;2;255;254;253m.....................[38;2;204;129;143mt[38;2;181;114;127mn[38;2;205;131;146mtttt[38;2;204;133;148m/[38;2;205;131;146mtt[38;2;196;133;147mt[38;2;205;131;146mtttt[38;2;204;133;148m/[38;2;205;131;146mttt[38;2;139;97;101mY[38;2;193;124;138mj[38;2;205;131;146mtttt[38;2;145;110;119mc[38;2;239;233;230m;[38;2;252;246;247m'[38;2;244;242;244m,[38;2;246;244;246m'[38;2;244;242;244m,[38;2;246;244;246m'[38;2;244;242;244m,,,,,[38;2;253;250;249m^[38;2;255;254;253m......................[0m
[38;2;255;254;253m.....................[38;2;208;134;151m/[38;2;198;129;144mt[38;2;205;131;146mtt[38;2;204;133;148m/[38;2;205;131;146mttt[38;2;204;133;148m/[38;2;205;131;146mttttttttt[38;2;139;97;101mY[38;2;193;124;138mj[38;2;205;131;146mt[38;2;208;129;147mt[38;2;205;131;146mttt[38;2;244;242;244m,[38;2;244;237;238m:[38;2;244;242;244m,,,,,[38;2;246;244;246m'[38;2;244;242;244m,,,,[38;2;252;246;247m'[38;2;255;254;253m.....................[0m
[38;2;255;254;253m.....................[38;2;205;131;146mt[38;2;196;133;147mt[38;2;204;133;148m/[38;2;205;131;146mttttt[38;2;204;133;148m/[38;2;205;131;146mtt[38;2;204;133;148m/[38;2;205;131;146mtttt[38;2;204;133;148m/[38;2;205;131;146mtt[38;2;203;138;151m/[38;2;205;131;146mtt[38;2;208;129;147mt[38;2;205;131;146mtt[38;2;246;244;246m'[38;2;143;122;124mu[38;2;246;244;246m'[38;2;244;242;244m,,,,,[38;2;244;237;238m:[38;2;244;242;244m,[38;2;246;244;246m''[38;2;232;219;217m![38;2;255;254;253m.....................[0m
[38;2;255;254;253m..............[38;2;253;250;249m^[38;2;255;254;253m......[38;2;205;131;146mtt[38;2;204;133;148m/[38;2;205;131;146mt[38;2;204;133;148m//[38;2;205;131;146mt[38;2;198;129;144mt[38;2;205;131;146mtttttttttt[38;2;204;129;143mt[38;2;146;79;92mC[38;2;205;131;146mttttt[38;2;115;109;110mY[38;2;191;183;182m][38;2;244;242;244m,,,,,,[38;2;244;242;242m,[38;2;244;242;244m,[38;2;211;204;204m~[38;2;144;127;132mn[38;2;194;191;192m?[38;2;255;254;253m...[38;2;253;250;249m^[38;2;255;254;253m.[38;2;253;250;249m^[38;2;255;254;253m...............[0m
[38;2;255;254;253m.................[38;2;253;250;249m^[38;2;255;254;253m...[38;2;204;133;148m/[38;2;205;131;146mttt[38;2;208;129;147mt[38;2;205;131;146mttt[38;2;204;133;148m/[38;2;205;131;146mtt[38;2;208;129;147mt[38;2;205;131;146mttt[38;2;204;133;148m//[38;2;205;131;146mtt[38;2;149;87;99mU[38;2;205;131;146mttttt[38;2;163;125;134mx[38;2;203;197;198m_[38;2;172;153;148m/[38;2;185;166;163m1[38;2;239;233;230m;[38;2;244;242;244m,,[38;2;255;254;253m.[38;2;168;162;162m([38;2;146;95;106mY[38;2;208;129;147mt[38;2;255;254;253m.......................[0m
[38;2;255;254;253m....................[38;2;233;228;227mI[38;2;205;131;146mttt[38;2;204;133;148m/[38;2;205;131;146mtttttttttttttt[38;2;204;133;148m/[38;2;205;131;146mtt[38;2;208;129;147mt[38;2;205;131;146mttt[38;2;204;133;148m//[38;2;205;131;146mttttttttt[38;2;186;153;158m([38;2;255;254;253m......................[0m
[38;2;255;254;253m....................[38;2;186;153;158m([38;2;196;133;147mt[38;2;204;133;148m/[38;2;205;131;146mttttttttttttt[38;2;204;129;143mt[38;2;204;133;148m/[38;2;205;131;146mttt[38;2;198;129;144mt[38;2;204;133;148m/[38;2;205;131;146mttttt[38;2;205;130;146mt[38;2;205;131;146mtttttt[38;2;204;133;148m/[38;2;205;131;146mt[38;2;145;91;100mU[38;2;255;254;253m......................[0m
[38;2;255;254;253m....................[38;2;133;91;96mJ[38;2;205;131;146mt[38;2;204;133;148m/[38;2;205;131;146mtttttt[38;2;208;129;147mt[38;2;204;133;148m/[38;2;205;131;146mttt[38;2;204;133;148m/[38;2;205;131;146mtttttt[38;2;193;124;138mj[38;2;204;133;148m/[38;2;205;131;146mttttttttttttttt[38;2;255;254;253m......................[0m
[38;2;255;254;253m....................[38;2;132;85;94mC[38;2;159;103;113mc[38;2;205;131;146mt[38;2;204;133;148m/[38;2;205;131;146mttttt[38;2;204;133;148m/[38;2;205;131;146mttttttttttt[38;2;129;65;77m0[38;2;205;131;146mtttttt[38;2;204;129;143mt[38;2;205;131;146mttttttttt[38;2;255;254;253m......................[0m
[38;2;255;254;253m....................[38;2;185;125;138mj[38;2;146;79;92mC[38;2;205;131;146mtt[38;2;204;133;148m/[38;2;205;131;146mtttttttttttttttt[38;2;139;87;96mJ[38;2;205;131;146mttttttttt[38;2;205;130;146mt[38;2;205;131;146mt[38;2;204;133;148m/[38;2;205;131;146mtttt[38;2;185;166;163m1[38;2;255;254;253m.....................[0m
[38;2;255;254;253m....................[38;2;196;133;147mt[38;2;131;73;84mQ[38;2;205;131;146mt[38;2;208;129;147mt[38;2;205;131;146mtttt[38;2;204;133;148m/[38;2;205;131;146mtttttttttttttttttt[38;2;208;129;147mt[38;2;205;131;146mttt[38;2;204;133;148m/[38;2;205;131;146mtttttt[38;2;193;124;138mj[38;2;253;250;249m^[38;2;255;254;253m....................[0m
[38;2;255;254;253m....................[38;2;204;133;148m/[38;2;129;65;77m0[38;2;205;131;146mtttt[38;2;208;129;147mt[38;2;204;133;148m/[38;2;205;131;146mttt[38;2;204;133;148m/[38;2;205;131;146mtttttttttttttt[38;2;204;133;148m/[38;2;205;131;146mttttttttt[38;2;204;133;148m/[38;2;208;134;151m/[38;2;205;131;146mt[38;2;255;254;253m.....................[0m
[38;2;255;254;253m...................[38;2;253;250;249m^[38;2;203;138;151m/[38;2;129;65;77m0[38;2;204;133;148m/[38;2;205;131;146mtttt[38;2;203;138;151m/[38;2;205;131;146mttttt[38;2;204;133;148m/[38;2;205;131;146mtttt[38;2;198;129;144mt[38;2;205;131;146mttttttttttt[38;2;204;133;148m/[38;2;205;131;146mtttt[38;2;203;140;154m|[38;2;205;131;146mt[38;2;181;114;127mn[38;2;146;79;92mC[38;2;225;208;210m>[38;2;255;254;253m....................[0m
[38;2;255;254;253m....................[38;2;205;131;146mt[38;2;149;87;99mU[38;2;208;134;151m/[38;2;205;131;146mtttt[38;2;204;129;143mt[38;2;205;131;146mttttttttttt[38;2;208;129;147mt[38;2;204;133;148m/[38;2;205;131;146mt[38;2;203;138;151m/[38;2;205;131;146mt[38;2;208;129;147mt[38;2;204;133;148m/[38;2;205;131;146mttt[38;2;204;133;148m/[38;2;205;131;146mttttttttt[38;2;139;87;96mJ[38;2;255;254;253m....................[0m
