                                                                                [0m
                                                                                [0m
                                                                                [0m
                  [38;2;173;178;188m}[38;2;65;66;72mq[38;2;8;7;11m@@@[38;2;6;4;7m@      [38;2;212;218;230mi[38;2;233;240;253m::[38;2;121;125;132mv[38;2;8;7;11m@                                             [0m
                   [38;2;6;4;7m@[38;2;232;239;252m:[38;2;233;240;253m::[38;2;232;239;252m::::[38;2;142;146;155mj[38;2;8;7;11m@  [38;2;9;8;12mB[38;2;232;239;252m:::[38;2;233;240;253m:[38;2;202;209;220m~[38;2;8;7;11m@                                          [0m
         [38;2;6;4;7m@[38;2;9;8;12mB[38;2;8;7;11m@[38;2;72;74;78mw[38;2;160;165;174m([38;2;164;168;178m)[38;2;169;174;183m11[38;2;164;168;178m)[38;2;74;75;81mm[38;2;8;7;11m@@[38;2;9;8;12mB[38;2;188;194;204m?[38;2;232;239;252m:::[38;2;233;240;253m::::::[38;2;49;51;54mh[38;2;224;231;243mI[38;2;233;240;253m::::[38;2;49;51;54mh   [38;2;226;233;246m;[38;2;72;74;78mw                                    [0m
          [38;2;9;8;12mB[38;2;219;225;237m![38;2;233;240;253m:::::::::::::::::::::[38;2;232;239;252m:::[38;2;233;240;253m:::[38;2;72;74;78mw [38;2;9;8;12mB[38;2;232;239;252m:[38;2;233;240;253m:[38;2;8;7;11m@                                   [0m
       [38;2;8;7;11m@[38;2;232;239;252m:[38;2;195;200;211m_[38;2;9;8;12mB[38;2;6;4;7m@ [38;2;32;33;35m#[38;2;232;239;252m:[38;2;233;240;253m:::::::::::::::::[38;2;232;239;252m:::[38;2;233;240;253m:::::[38;2;6;4;7m@[38;2;237;245;255m,[38;2;233;240;253m::[38;2;129;133;141mn                                   [0m
        [38;2;49;51;54mh[38;2;232;239;252m:[38;2;233;240;253m:::[38;2;232;239;252m:[38;2;233;240;253m:::::::::::::::::::::::::::[38;2;232;239;252m::[38;2;233;240;253m:[38;2;107;110;115mY   [38;2;8;7;11m@                               [0m
         [38;2;8;7;11m@[38;2;233;240;253m::::[38;2;232;239;252m:[38;2;233;240;253m::::::::::::::::::::::::::[38;2;232;239;252m:[38;2;233;240;253m::[38;2;8;7;11m@ [38;2;9;8;12mB[38;2;233;240;253m:[38;2;8;7;11m@                               [0m
         [38;2;6;4;7m@[38;2;8;7;11m@@[38;2;81;83;89mO[38;2;232;239;252m:[38;2;233;240;253m::::::::::::::::::::::::::[38;2;232;239;252m::[38;2;233;240;253m:[38;2;232;239;252m:[38;2;138;143;150mr[38;2;233;240;253m::[38;2;224;231;243mI                                [0m
  [38;2;8;7;11m@[38;2;9;8;12mB[38;2;127;130;138mu[38;2;232;239;252m:[38;2;233;240;253m:[38;2;232;239;252m::[38;2;233;240;253m:[38;2;232;239;252m:[38;2;233;240;253m::::::::::::::::[38;2;232;239;252m::::[38;2;233;240;253m:::::[38;2;232;239;252m::::[38;2;233;240;253m:::::::[38;2;9;8;12mB                                [0m
      [38;2;6;4;7m@[38;2;8;7;11m@[38;2;233;240;253m::::[38;2;232;239;252m:[38;2;233;240;253m::::::::::::::[38;2;232;239;252m::::[38;2;233;240;253m:::::[38;2;232;239;252m::::[38;2;233;240;253m::::[38;2;232;239;252m::[38;2;8;7;11m@@@[38;2;28;23;40mW[38;2;43;36;57moooooooooooo[38;2;51;41;71mh[38;2;92;73;135m0[38;2;8;7;11m@@              [0m
     [38;2;57;57;63mb[38;2;233;240;253m::[38;2;232;239;252m:[38;2;190;196;206m-[38;2;29;28;32mM[38;2;233;240;253m::::::::::::::::[38;2;232;239;252m:::::::::::::[38;2;233;240;253m:::[38;2;107;110;115mY[38;2;26;22;36mW[38;2;39;33;52m*[38;2;43;36;57mooooooooooooooooooo[38;2;51;41;71mh[38;2;102;81;150mL[38;2;95;75;140m0[38;2;9;8;12mB           [0m
      [38;2;6;4;7m@[38;2;121;125;132mv[38;2;233;240;253m:::::[38;2;232;239;252m::::[38;2;233;240;253m:[38;2;232;239;252m:[38;2;233;240;253m:::[38;2;232;239;252m:[38;2;233;240;253m:[38;2;232;239;252m::[38;2;233;240;253m:::[38;2;232;239;252m:::[38;2;233;240;253m::[38;2;232;239;252m:[38;2;233;240;253m::[38;2;232;239;252m:::[38;2;8;7;11m@[38;2;39;33;52m*[38;2;43;36;57moooooooooooooooooooooooooo[38;2;88;70;130mO[38;2;102;81;150mL[38;2;99;78;146mQ[38;2;9;8;12mB        [0m
         [38;2;8;7;11m@@[38;2;9;8;12mB[38;2;8;7;11m@[38;2;16;15;20m%[38;2;27;26;29mWW[38;2;29;28;31mM[38;2;29;28;32mMMM[38;2;8;7;11m@[38;2;221;190;163m----[38;2;8;7;11m@[38;2;27;26;29mW[38;2;29;28;32mMMMMMMMM[38;2;29;28;31mM[38;2;29;28;32mM[38;2;29;28;31mM[38;2;9;8;12mB[38;2;43;36;57mooooooooooooooooooooooooooooooo[38;2;72;58;105mq[38;2;102;81;150mL[38;2;43;36;57mo       [0m
          [38;2;8;7;11m@[38;2;29;28;32mMMMMMMM[38;2;29;28;31mM[38;2;79;68;58mw[38;2;221;190;163m------[38;2;73;63;53mp[38;2;29;28;31mM[38;2;29;28;32mMMMMMMM[38;2;27;26;29mW[38;2;8;7;11m@[38;2;43;36;57mooooooooooooooooooooooooooooooooooo[38;2;102;81;150mLL[38;2;8;7;11m@     [0m
          [38;2;8;7;11m@[38;2;29;28;31mM[38;2;29;28;32mMMMMMM[38;2;24;24;25mW[38;2;182;157;134m|[38;2;221;190;163m------[38;2;224;193;165m_[38;2;27;26;29mW[38;2;29;28;32mMMMMMM[38;2;9;8;12mB[38;2;43;36;57moooooooooooooooooooooooooooooooooooooo[38;2;102;81;150mLL[38;2;8;7;11m@    [0m
          [38;2;8;7;11m@[38;2;188;161;138m([38;2;221;190;163m--------------[38;2;6;4;7m@[38;2;233;240;253m:::::[38;2;237;245;255m,[38;2;9;8;12mB[38;2;43;36;57mo[38;2;39;33;52m*[38;2;104;82;155mL[38;2;43;36;57mooo[38;2;39;33;52m*[38;2;43;36;57mooooooooooooooooooooooooooooooooo[38;2;99;78;146mQ[38;2;107;85;159mC    [0m
          [38;2;159;136;118mr[38;2;221;190;163m-----------[38;2;224;193;165m_[38;2;20;21;21m&[38;2;98;101;106mC[38;2;232;239;252m:[38;2;233;240;253m:[38;2;190;196;206m-[38;2;27;26;29mW[38;2;8;7;11m@[38;2;18;15;25m8[38;2;34;28;47m#[38;2;8;7;11m@[38;2;39;33;52m*[38;2;43;36;57mo[38;2;104;82;155mL[38;2;43;36;57moooo[38;2;39;33;52m*[38;2;43;36;57moooooooooooooooooooooooooooooooooo[38;2;95;75;140m0[38;2;8;7;11m@   [0m
         [38;2;9;8;12mB[38;2;221;190;163m--------------[38;2;6;4;7m@[38;2;43;36;57moo[38;2;39;33;52m**[38;2;43;36;57moo[38;2;8;7;11m@[38;2;43;36;57mo[38;2;39;33;52m***[38;2;43;36;57mo[38;2;39;33;52m***[38;2;43;36;57moooooooooooooooooooooooooooooooooooo[38;2;9;8;12mB   [0m
         [38;2;9;8;12mB[38;2;221;190;163m-----[38;2;128;110;94mX[38;2;221;190;163m-------[38;2;8;7;11m@[38;2;43;36;57moooooo[38;2;39;33;52m*[38;2;37;30;50m#[38;2;43;36;57moooooooooooooooooooooooooooooooooo[38;2;39;33;52m*[38;2;43;36;57mooooooooo[38;2;9;8;12mB   [0m
          [38;2;6;4;7m@[38;2;8;7;11m@[38;2;32;33;35m#[38;2;232;199;171m~[38;2;221;190;163m--------[38;2;224;193;165m_[38;2;39;33;52m*[38;2;43;36;57mooooo[38;2;39;33;52m*[38;2;8;7;11m@[38;2;43;36;57moooooooooooooooooo[38;2;18;15;25m8[38;2;21;17;29m8888888888888888888888888[38;2;39;33;52m*[38;2;8;7;11m@   [0m
              [38;2;8;7;11m@[38;2;9;8;12mB[38;2;100;86;77mQ[38;2;206;177;152m][38;2;216;186;160m???[38;2;123;106;91mY[38;2;9;8;12mB[38;2;21;17;29m8[38;2;43;36;57moo[38;2;39;33;52m*[38;2;43;36;57mooo[38;2;8;7;11m@[38;2;43;36;57mooooooooooooo[38;2;34;28;47m#[38;2;18;15;25m8[38;2;21;17;29m888888888888888888888888888888    [0m
                        [38;2;34;28;47m#[38;2;43;36;57mo[38;2;39;33;52m*[38;2;43;36;57mooo[38;2;21;17;29m8[38;2;43;36;57moooooooooo[38;2;18;15;25m8[38;2;21;17;29m888888888888888888888888888888888[38;2;8;7;11m@    [0m
                         [38;2;8;7;11m@[38;2;43;36;57mo[38;2;39;33;52m*[38;2;43;36;57mo[38;2;39;33;52m*[38;2;21;17;29m8[38;2;43;36;57mooooooo[38;2;26;22;36mW[38;2;21;17;29m88888888888888888888888888888888888[38;2;9;8;12mB     [0m
                           [38;2;13;12;15m%[38;2;43;36;57mo[38;2;39;33;52m*[38;2;8;7;11m@[38;2;43;36;57mooooo[38;2;21;17;29m8888888888888888888888888888888888888[38;2;9;8;12mB      [0m
                             [38;2;13;12;15m%[38;2;32;26;43mM[38;2;39;33;52m**[38;2;21;17;29m888888888888888888888888888888888888888[38;2;8;7;11m@       [0m
                               [38;2;18;15;25m8[38;2;21;17;29m88888888888888888888888888888888888888[38;2;18;15;25m8         [0m
                               [38;2;8;7;11m@[38;2;21;17;29m888888888888888888888888888888888888[38;2;18;15;25m8[38;2;8;7;11m@          [0m
                                [38;2;8;7;11m@[38;2;21;17;29m888888888888888888888888888888888[38;2;13;12;15m%             [0m
                                 [38;2;21;17;29m8888888888888888888888888888888[38;2;18;15;25m8[38;2;6;4;7m@              [0m
                                 [38;2;21;17;29m8888888888888[38;2;13;10;18mB[38;2;9;8;12mB    [38;2;8;7;11m@[38;2;21;17;29m88888888888[38;2;9;8;12mB               [0m
                                [38;2;8;7;11m@[38;2;21;17;29m888888888888[38;2;8;7;11m@       [38;2;21;17;29m8888[38;2;16;15;20m%[38;2;6;4;7m@[38;2;2;2;3m$$$$$                [0m
                                [38;2;13;10;18mB[38;2;21;17;29m8888888[38;2;26;22;36mW[38;2;21;17;29m8[38;2;18;15;25m8[38;2;6;4;7m@[38;2;8;7;11m@        [38;2;2;2;3m$$$$$$$$$$                 [0m
                                [38;2;2;2;3m$$$$$$$$$$$$        [38;2;6;4;7m@@                          [0m
                                [38;2;2;2;3m$$$$$$$$[38;2;8;7;11m@[38;2;6;4;7m@                                      [0m
                                                                                [0m
                                                                                [0m
                                                                                [0m
