                                                                                [0m
                                                                                [0m
                                                                                [0m
                  [38;2;169;174;183m1[38;2;57;57;63mb[38;2;0;0;0m$$$$      [38;2;212;218;230mi[38;2;233;240;252m:[38;2;232;239;251m:[38;2;114;118;124mz[38;2;0;0;0m$                                             [0m
                   [38;2;0;0;0m$[38;2;233;240;252m:[38;2;232;239;251m::[38;2;233;240;252m:::[38;2;232;239;251m:[38;2;142;146;155mj[38;2;0;0;0m$  $[38;2;232;239;251m:[38;2;233;240;252m::[38;2;232;239;251m:[38;2;205;212;223m<[38;2;0;0;0m$                                          [0m
         [38;2;0;0;0m$$$[38;2;71;73;77mw[38;2;157;162;171m|[38;2;165;170;179m)[38;2;169;174;183m1[38;2;165;170;179m)[38;2;160;165;174m([38;2;71;73;77mw[38;2;0;0;0m$$$[38;2;188;194;204m?[38;2;233;240;252m:::::::::[38;2;49;51;54mh[38;2;227;233;245m;[38;2;233;240;252m::::[38;2;32;33;35m#   [38;2;227;233;245m;[38;2;68;70;74mq                                    [0m
          [38;2;0;0;0m$[38;2;219;225;237m![38;2;233;240;252m:[38;2;232;239;251m::[38;2;233;240;252m::::::::::::::::[38;2;232;239;251m:::::[38;2;233;240;252m:::[38;2;65;66;72mq [38;2;0;0;0m$[38;2;232;239;251m:[38;2;233;240;252m:[38;2;0;0;0m$                                   [0m
       [38;2;0;0;0m$[38;2;232;239;251m:[38;2;193;199;209m_[38;2;0;0;0m$$ [38;2;32;33;35m#[38;2;233;240;252m:[38;2;232;239;251m:::[38;2;233;240;252m::[38;2;232;239;251m::[38;2;233;240;252m::::::::::::::::::[38;2;0;0;0m$[38;2;237;245;255m,[38;2;232;239;251m::[38;2;124;129;135mu                                   [0m
        [38;2;49;51;54mh[38;2;233;240;252m:::::[38;2;232;239;251m::::[38;2;233;240;252m::[38;2;232;239;251m::[38;2;233;240;252m::::::::::::::::::::::[38;2;107;110;115mY   [38;2;0;0;0m$                               [0m
         [38;2;0;0;0m$[38;2;232;239;251m::[38;2;233;240;252m::::::[38;2;232;239;251m::[38;2;233;240;252m::[38;2;232;239;251m::::[38;2;233;240;252m::::::::::::::::::[38;2;0;0;0m$ $[38;2;233;240;252m:[38;2;0;0;0m$                               [0m
         [38;2;0;0;0m$$$[38;2;74;75;81mm[38;2;233;240;252m:::::[38;2;232;239;251m::::[38;2;233;240;252m::::::::::::::::::[38;2;232;239;251m:[38;2;233;240;252m::[38;2;232;239;251m:[38;2;138;143;150mr[38;2;233;240;252m::[38;2;223;230;242mI                                [0m
  [38;2;0;0;0m$$[38;2;121;125;132mv[38;2;233;240;252m:::::::[38;2;232;239;251m:[38;2;233;240;252m:[38;2;232;239;251m::::[38;2;233;240;252m::::[38;2;232;239;251m::::[38;2;233;240;252m:[38;2;232;239;251m::::[38;2;233;240;252m:::::[38;2;232;239;251m::::[38;2;233;240;252m::::[38;2;232;239;251m::[38;2;233;240;252m:[38;2;0;0;0m$                                [0m
      [38;2;0;0;0m$$[38;2;233;240;252m:::::[38;2;232;239;251m:::::[38;2;233;240;252m::::[38;2;232;239;251m::::[38;2;233;240;252m:[38;2;232;239;251m::::[38;2;233;240;252m:::::[38;2;232;239;251m::::[38;2;233;240;252m:::::[38;2;232;239;251m:[38;2;0;0;0m$ $$                              [0m
     [38;2;49;51;54mh[38;2;232;239;251m:::[38;2;190;196;206m-[38;2;29;29;30mM[38;2;232;239;251m::[38;2;233;240;252m::[38;2;232;239;251m:::[38;2;233;240;252m::::[38;2;232;239;251m:[38;2;233;240;252m:::::[38;2;232;239;251m::::::::::::[38;2;233;240;252m:::::[38;2;205;212;223m<[38;2;233;240;252m::[38;2;219;225;237m![38;2;0;0;0m$                              [0m
      [38;2;0;0;0m$[38;2;121;125;132mv[38;2;233;240;252m:[38;2;232;239;251m:[38;2;233;240;252m:::::::[38;2;232;239;251m:[38;2;233;240;252m::::::[38;2;232;239;251m:[38;2;233;240;252m::::[38;2;232;239;251m::::::[38;2;233;240;252m:[38;2;232;239;251m:[38;2;233;240;252m:::::::[38;2;232;239;251m::[38;2;233;240;252m:[38;2;93;96;101mL                                [0m
         [38;2;0;0;0m$$$$[38;2;12;9;17mB[38;2;24;24;25mW[38;2;29;29;30mM[38;2;30;31;32mMMMM[38;2;0;0;0m$[38;2;221;190;163m----[38;2;0;0;0m$[38;2;30;31;32mMMMMMMMMM[38;2;32;33;34m#[38;2;30;31;32mM[38;2;32;33;34m##[38;2;30;31;32mMM[38;2;24;24;25mW[38;2;13;13;13m%[38;2;0;0;0m$$$[38;2;22;18;32m&[38;2;38;32;52m*[38;2;43;36;58moooooooo[38;2;41;34;55m*[38;2;22;18;32m&[38;2;0;0;0m$$                    [0m
          [38;2;0;0;0m$[38;2;30;31;32mMMMMMMMM[38;2;73;63;53mp[38;2;221;190;163m------[38;2;73;63;53mp[38;2;30;31;32mMMMMMM[38;2;32;33;34m##[38;2;30;31;32mM[38;2;32;33;34m##[38;2;30;31;32mM[38;2;24;24;25mW[38;2;0;0;0m$[38;2;41;34;55m*[38;2;43;36;58mooooooooooooooooooo[38;2;102;81;151mL[38;2;57;46;82mk[38;2;0;0;0m$                [0m
          [38;2;0;0;0m$[38;2;29;29;30mM[38;2;30;31;32mMMMMMM[38;2;24;24;25mW[38;2;185;159;137m([38;2;221;190;163m------[38;2;225;194;166m_[38;2;24;24;25mW[38;2;30;31;32mMMMMMMM[38;2;32;33;34m#[38;2;30;31;32mM[38;2;0;0;0m$[38;2;43;36;58mooooooooooooooooooooooooo[38;2;102;81;151mLL[38;2;15;13;20m%[38;2;0;0;0m$             [0m
          [38;2;0;0;0m$[38;2;182;157;134m|[38;2;225;194;166m_[38;2;221;190;163m-------------[38;2;0;0;0m$[38;2;233;240;252m:::::[38;2;241;249;255m''[38;2;49;51;54mh[38;2;9;7;13mB[38;2;43;36;58mooooooooooooooooooooooooooooo[38;2;102;81;151mLL[38;2;9;7;13mB            [0m
          [38;2;152;131;112mn[38;2;221;190;163m-----------[38;2;229;197;170m+[38;2;8;7;6m@[38;2;93;96;101mL[38;2;232;239;251m:[38;2;233;240;252m:[38;2;190;196;206m-[38;2;21;21;22m&[38;2;0;0;0m$[38;2;17;14;25m8[38;2;28;23;40mW[38;2;43;36;58mo[38;2;0;0;0m$[38;2;43;36;58mooooooooooooooooooooooooooooooooo[38;2;102;81;151mL[38;2;88;70;130mO[38;2;0;0;0m$          [0m
         [38;2;0;0;0m$[38;2;221;190;163m--------------[38;2;0;0;0m$[38;2;43;36;58moooooo[38;2;17;14;25m8[38;2;44;36;61mo[38;2;51;41;71mh[38;2;99;78;146mQ[38;2;43;36;58mooooooooooooooooooooooooooooooooo[38;2;102;81;151mL[38;2;99;78;146mQ[38;2;0;0;0m$         [0m
         [38;2;0;0;0m$[38;2;221;190;163m-----[38;2;128;110;94mX[38;2;221;190;163m-------[38;2;0;0;0m$[38;2;43;36;58moooooo[38;2;32;26;43mM[38;2;43;36;58moooooooooooooooooooooooooooooooooooooo[38;2;76;60;111mw[38;2;67;54;97mp         [0m
          [38;2;0;0;0m$$[38;2;29;29;30mM[38;2;229;197;170m+[38;2;221;190;163m--------[38;2;225;194;166m_[38;2;38;32;52m*[38;2;43;36;58mooooo[38;2;41;34;55m*[38;2;22;18;32m&[38;2;43;36;58mooooooooooooooooooooooooooooooooooooooo[38;2;83;66;123mm[38;2;0;0;0m$        [0m
              [38;2;0;0;0m$$[38;2;97;83;71m0[38;2;210;181;155m[[[38;2;216;186;160m?[38;2;210;181;155m[[38;2;123;106;91mY[38;2;0;0;0m$[38;2;17;14;25m8[38;2;43;36;58mooooo[38;2;0;0;0m$[38;2;43;36;58mooooooooooooooooooooooooooooooooooooooooo[38;2;0;0;0m$        [0m
                        [38;2;34;28;47m#[38;2;43;36;58moooo[38;2;0;0;0m$[38;2;43;36;58mooooooooooooooooooooooooooooooooooooooooo[38;2;0;0;0m$        [0m
                         [38;2;0;0;0m$[38;2;43;36;58mooo[38;2;17;14;25m8[38;2;43;36;58moooooooooooooooooooo[38;2;34;28;47m#[38;2;22;18;32m&[38;2;22;18;31m&&&&&&&&&&&&&&&&&[38;2;28;23;40mW[38;2;43;36;58mo         [0m
                           [38;2;6;6;6m@[38;2;43;36;58mo[38;2;0;0;0m$[38;2;43;36;58mooooooooooooooo[38;2;41;34;55m*[38;2;22;18;32m&[38;2;22;18;31m&&&&&&&&&&&&&&&[38;2;22;18;32m&[38;2;22;18;31m&[38;2;22;18;32m&[38;2;28;23;40mW[38;2;22;18;32m&&&&[38;2;0;0;0m$         [0m
                             [38;2;0;0;0m$[38;2;43;36;58moooooooooooo[38;2;28;23;40mW[38;2;22;18;31m&&&&&&&&&&&&&&&&&&[38;2;22;18;32m&&&&&&[38;2;28;23;40mW[38;2;22;18;31m&[38;2;6;6;6m@          [0m
                             [38;2;0;0;0m$[38;2;38;32;52m*[38;2;43;36;58moooooooo[38;2;17;14;25m8[38;2;28;23;40mW[38;2;22;18;31m&&&&&&&&&&&&&&&&&&&&[38;2;22;18;32m&[38;2;28;23;40mWW[38;2;22;18;32m&&[38;2;28;23;40mW[38;2;22;18;31m&[38;2;9;7;13mB           [0m
                              [38;2;0;0;0m$[38;2;43;36;58mooooo[38;2;22;18;31m&&[38;2;22;18;32m&[38;2;22;18;31m&[38;2;28;23;40mW[38;2;22;18;31m&&&&&&&&&&&&&&&&&&&&[38;2;28;23;40mWW[38;2;22;18;32m&&&[38;2;22;18;31m&[38;2;0;0;0m$            [0m
                              [38;2;0;0;0m$[38;2;43;36;58mo[38;2;28;23;40mW[38;2;22;18;31m&&&[38;2;22;18;32m&[38;2;22;18;31m&[38;2;22;18;32m&&[38;2;22;18;31m&&&&&&&&&&&&&&&&&&&&&[38;2;28;23;40mW[38;2;22;18;32m&&&[38;2;0;0;0m$              [0m
                               [38;2;12;9;17mB[38;2;22;18;32m&&&&&[38;2;22;18;31m&&[38;2;22;18;32m&[38;2;22;18;31m&&&&&&&&&&&&&&&&&&&&&&&&[38;2;17;14;25m8[38;2;0;0;0m$              [0m
                               [38;2;0;0;0m$[38;2;22;18;32m&&&&&&[38;2;28;23;40mW[38;2;22;18;31m&&&&&&&&&&&&&&&&&&&&&&&&&[38;2;0;0;0m$               [0m
                                [38;2;9;7;13mB[38;2;28;23;40mW[38;2;22;18;32m&[38;2;28;23;40mW[38;2;22;18;32m&[38;2;28;23;40mW[38;2;22;18;31m&[38;2;22;18;32m&&[38;2;22;18;31m&&&&&[38;2;15;13;20m%[38;2;6;6;6m@[38;2;0;0;0m$$$ $[38;2;22;18;31m&&&[38;2;15;13;20m%[38;2;6;6;6m@[38;2;0;0;0m$$$$$$                [0m
                               [38;2;0;0;0m$[38;2;22;18;32m&[38;2;28;23;40mWW[38;2;22;18;32m&[38;2;22;18;31m&[38;2;22;18;32m&[38;2;22;18;31m&[38;2;28;23;40mW[38;2;22;18;32m&&[38;2;22;18;31m&[38;2;17;14;25m8[38;2;22;18;31m&[38;2;0;0;0m$      $$$$$$$$$$$                 [0m
                               [38;2;0;0;0m$$$$$$$$$$$$$        $$                          [0m
                               [38;2;0;0;0m$$$$$$$$$$$                                      [0m
                                                                                [0m
                                                                                [0m
                                                                                [0m
