                                                                                [0m
                                                                                [0m
                                                                                [0m
                 [38;2;4;4;4m@@          [38;2;234;241;253m,[38;2;231;238;251m:[38;2;68;70;74mq[38;2;4;4;4m@@                                              [0m
                  [38;2;4;4;4m@[38;2;234;241;253m,,,,,[38;2;241;249;255m'[38;2;74;75;81mm[38;2;4;4;4m@   @[38;2;234;241;253m,,,,[38;2;134;138;145mx[38;2;4;4;4m@                                           [0m
           [38;2;4;4;4m@@@@@@@@ @[38;2;227;234;246m;[38;2;234;241;253m,,,,,,,,[38;2;88;91;96mQ[38;2;4;4;4m@[38;2;93;96;101mL[38;2;234;241;253m,,,,[38;2;98;101;106mC   [38;2;4;4;4m@[38;2;121;125;132mv                                     [0m
         [38;2;17;17;18m8[38;2;234;241;253m,,,,,,,,,,,,[38;2;241;249;255m'[38;2;165;170;179m)[38;2;234;241;253m,,,,,,,,,,,,,,[38;2;195;200;211m_  [38;2;39;33;52m*[38;2;234;241;253m,[38;2;188;194;204m?                                    [0m
       [38;2;172;177;187m}[38;2;4;4;4m@@ @[38;2;57;57;63mb[38;2;234;241;253m,,,,,,,,,,,,,,,,,,,,,,,,,,[38;2;155;159;168m/[38;2;4;4;4m@[38;2;234;241;253m,,,[38;2;4;4;4m@                                   [0m
       [38;2;4;4;4m@[38;2;234;241;253m,,,,,[38;2;65;66;72mq[38;2;234;241;253m,,,,,,,,,,,,,,,,,,,,,,,,,,,,,,[38;2;4;4;4m@                                   [0m
        [38;2;4;4;4m@[38;2;234;241;253m,,,,,,,,,,,,,,,,,,,,,,,,,,,,,,,,,,,  [38;2;4;4;4m@[38;2;224;231;243mI                                [0m
          [38;2;4;4;4m@[38;2;176;182;191m{[38;2;234;241;253m,,,,,,,,,,,,,,,,,,,,,,,,,,,,,,,[38;2;146;150;158mf[38;2;4;4;4m@[38;2;234;241;253m,,[38;2;4;4;4m@                                [0m
  [38;2;4;4;4m@[38;2;98;101;106mC[38;2;216;223;235m![38;2;234;241;253m,,,,,,,,,,,,,,,,,,,,,,,,,,,,,,,,,,,,,,,,,[38;2;224;231;243mI                                 [0m
     [38;2;4;4;4m@[38;2;65;66;72mq[38;2;234;241;253m,,,,,,,,,,,,,,,,,,,,,,,,,,,,,,,,,,,,,,[38;2;233;239;251m:[38;2;4;4;4m@ @                               [0m
    [38;2;49;51;54mh[38;2;202;209;220m~[38;2;102;105;111mJ[38;2;4;4;4m@@[38;2;129;133;141mn[38;2;234;241;253m,,,,,,,,,,,,,,,,,,,,,,,,,,,,,,,,,,[38;2;231;238;251m:[38;2;4;4;4m@[38;2;114;118;124mz[38;2;234;241;253m,[38;2;142;146;155mj                               [0m
     [38;2;4;4;4m@[38;2;160;165;174m([38;2;234;241;253m,,,,,,,,,,,,,,,,,,,,,,,,,,,,,,,,,,,,,,,,[38;2;25;25;26mW                                [0m
       [38;2;4;4;4m@[38;2;9;9;10mB[38;2;241;249;255m'[38;2;240;247;255m'[38;2;234;241;253m,[38;2;155;159;168m/[38;2;57;57;63mb[38;2;4;4;4m@@@[38;2;17;17;18m8[38;2;28;29;31mMM[38;2;4;4;4m@[38;2;185;159;137m([38;2;221;191;164m-[38;2;132;114;98mz[38;2;4;4;4m@[38;2;28;29;31mM[38;2;31;32;34m#[38;2;28;29;31mMM[38;2;25;25;26mW[38;2;17;17;18m8[38;2;13;13;13m%%[38;2;9;9;10mB[38;2;4;4;4m@[38;2;9;9;10mB[38;2;4;4;4m@@@@@@@@[38;2;32;33;35m#[38;2;4;4;4m@                                  [0m
          [38;2;25;25;26mW[38;2;28;29;31mM[38;2;32;33;35m#[38;2;31;32;34m#####[38;2;25;25;26mW[38;2;177;152;131m/[38;2;221;191;164m-----[38;2;177;152;131m/[38;2;21;21;21m&[38;2;31;32;34m##[38;2;32;33;35m##[38;2;31;32;34m##[38;2;32;33;35m#####[38;2;31;32;34m##[38;2;32;33;35m#[38;2;31;32;34m#[38;2;28;29;31mMM[38;2;4;4;4m@                                   [0m
          [38;2;4;4;4m@[38;2;31;32;34m#[38;2;32;33;35m#[38;2;31;32;34m####[38;2;32;33;35m#[38;2;4;4;4m@[38;2;221;191;164m-------[38;2;4;4;4m@[38;2;31;32;34m#[38;2;32;33;35m###[38;2;31;32;34m####[38;2;32;33;35m###[38;2;31;32;34m#[38;2;32;33;35m####[38;2;31;32;34m#                                    [0m
          [38;2;4;4;4m@@@@[38;2;17;17;18m8[38;2;79;68;58mw[38;2;119;102;88mU[38;2;224;193;166m_[38;2;221;191;164m--------[38;2;4;4;4m@[38;2;49;51;54mh[38;2;4;4;4m@@@@@[38;2;9;9;10mB[38;2;4;4;4m@[38;2;16;12;22m%[38;2;42;35;58mo[38;2;43;36;59mooooooooooooo[38;2;92;73;135m0[38;2;51;41;71mh[38;2;4;4;4m@                           [0m
         [38;2;4;4;4m@[38;2;221;191;164m-------------[38;2;227;195;168m+[38;2;4;4;4m@[38;2;233;239;251m:[38;2;234;241;253m,,[38;2;202;209;220m~[38;2;4;4;4m@[38;2;32;26;43mM[38;2;43;36;59moooooooooooooooooooooo[38;2;102;81;151mLL[38;2;19;15;27m8[38;2;4;4;4m@                       [0m
         [38;2;149;128;110mn[38;2;221;191;164m-------------[38;2;227;195;168m+[38;2;4;4;4m@[38;2;39;33;52m*[38;2;8;7;12m@[38;2;42;35;58mo[38;2;43;36;59mooooooooooooooooooooooooooo[38;2;51;41;71mh[38;2;102;81;151mL[38;2;105;83;156mC[38;2;4;4;4m@@                    [0m
         [38;2;142;122;105mv[38;2;221;191;164m-----[38;2;177;152;131m/[38;2;221;191;164m------[38;2;218;187;161m?[38;2;4;4;4m@[38;2;43;36;59moooooooooooooooooooooooooooooooooo[38;2;102;81;151mLL[38;2;4;4;4m@                   [0m
         [38;2;4;4;4m@[38;2;111;96;84mC[38;2;224;193;166m_[38;2;221;191;164m-[38;2;32;33;34m#[38;2;221;191;164m-------[38;2;9;9;10mB[38;2;43;36;59mo[38;2;88;70;130mO[38;2;102;81;151mL[38;2;40;32;55m*[38;2;43;36;59mooooooooooooooooooooooooooooooooo[38;2;99;78;146mQ[38;2;102;81;151mLL[38;2;4;4;4m@                 [0m
            [38;2;4;4;4m@[38;2;67;57;49md[38;2;224;193;166m_[38;2;221;191;164m----[38;2;4;4;4m@[38;2;42;35;58mo[38;2;43;36;59mooooooooooooooooooooooooooooooooooooooo[38;2;62;50;89md[38;2;102;81;151mL[38;2;105;83;156mC[38;2;4;4;4m@                [0m
                  [38;2;4;4;4m@[38;2;43;36;59moooooooooooooooooooooooooooooooooooooooooo[38;2;51;41;71mh[38;2;102;81;151mL[38;2;26;22;36mW                [0m
                 [38;2;12;10;17mB[38;2;43;36;59moooooooooooooooooooooooooooooooooooooooooooo[38;2;42;35;58mo[38;2;102;81;151mL[38;2;4;4;4m@               [0m
                [38;2;4;4;4m@[38;2;43;36;59mooooooooooooooooooooooooooooooooooooooooooooooo[38;2;4;4;4m@               [0m
               [38;2;4;4;4m@[38;2;33;27;45mM[38;2;43;36;59mooooooooooooooooooooooooooooooooooooooooooooooo[38;2;4;4;4m@               [0m
               [38;2;4;4;4m@[38;2;43;36;59mooooooooooooooooooooooooooooooooooooooooooooooo[38;2;16;12;22m%[38;2;4;4;4m@               [0m
               [38;2;4;4;4m@[38;2;40;33;54m*[38;2;43;36;59mooooooooooooooooooooooooooooooooooooo[38;2;36;30;50m#[38;2;26;22;36mW[38;2;21;17;30m8888888[38;2;4;4;4m@                [0m
                [38;2;4;4;4m@[38;2;43;36;59moooooo[38;2;42;35;58mo[38;2;43;36;59moooooooooooooooooooooo[38;2;42;35;58mo[38;2;28;23;40mW[38;2;21;17;30m88888888888888[38;2;4;4;4m@                 [0m
                 [38;2;4;4;4m@[38;2;21;17;30m8[38;2;33;27;45mM[38;2;43;36;59moooooooooooooo[38;2;42;35;58mo[38;2;36;30;50m#[38;2;26;22;36mW[38;2;21;17;30m888888888888888888888888[38;2;4;4;4m@                  [0m
                  [38;2;4;4;4m@[38;2;21;17;30m88888888888888888888888888888888888888888[38;2;4;4;4m@                   [0m
                   [38;2;4;4;4m@@[38;2;21;17;30m8888888888888888888888888888888888888[38;2;8;7;12m@                     [0m
                      [38;2;4;4;4m@@[38;2;21;17;30m888888888888888888888888888888888[38;2;8;7;12m@                      [0m
                          [38;2;4;4;4m@@@[38;2;12;10;17mB[38;2;21;17;30m8888888[38;2;24;19;33m&[38;2;21;17;30m888[38;2;12;10;17mB[38;2;16;12;22m%[38;2;12;10;17mBBBBB[38;2;8;7;12m@[38;2;4;4;4m@@@@@@                         [0m
                                 [38;2;4;4;4m@@@@@@@@@                                      [0m
                                                                                [0m
                                                                                [0m
                                                                                [0m
