                                                                                [0m
                                                                                [0m
                                                                                [0m
                 [38;2;5;5;5m@          [38;2;49;51;54mh[38;2;57;57;63mb[38;2;5;5;5m@@                                                [0m
                 [38;2;5;5;5m@[38;2;228;235;248m;[38;2;235;242;254m,,[38;2;237;245;255m,[38;2;244;252;255m^[38;2;121;125;132mv[38;2;5;5;5m@@   @[38;2;146;150;158mf[38;2;235;242;254m,[38;2;232;239;252m:[38;2;235;242;254m,[38;2;110;114;120mX[38;2;5;5;5m@                                            [0m
                   [38;2;5;5;5m@[38;2;228;235;248m;[38;2;235;242;254m,,,,,,,[38;2;232;239;252m:[38;2;39;33;52m* [38;2;5;5;5m@[38;2;235;242;254m,,,,,[38;2;5;5;5m@   @@                                     [0m
        [38;2;5;5;5m@[38;2;235;242;254m,,,,,,,,,,,[38;2;241;249;255m'[38;2;169;174;183m1[38;2;5;5;5m@[38;2;142;146;155mj[38;2;235;242;254m,,,,,,,,[38;2;237;245;255m,[38;2;235;242;254m,,,,,[38;2;5;5;5m@  [38;2;107;110;115mY[38;2;237;245;255m,[38;2;5;5;5m@                                    [0m
      [38;2;5;5;5m@@   @[38;2;235;242;254m,,,,,,,,,,,,,,,,,,,,,,,,,,,[38;2;5;5;5m@@[38;2;235;242;254m,[38;2;232;239;252m:[38;2;235;242;254m,[38;2;5;5;5m@                                   [0m
       [38;2;93;96;101mL[38;2;235;242;254m,,,[38;2;244;252;255m^[38;2;118;122;128mc[38;2;57;57;63mb[38;2;235;242;254m,,,,,,,,,,,,,,,,,,,,,,,,,,,,,,[38;2;5;5;5m@                                   [0m
        [38;2;129;133;141mn[38;2;235;242;254m,,,[38;2;232;239;252m:[38;2;235;242;254m,,,,,,,,,,,,,,,,,,,,,,,,,,,,[38;2;232;239;252m:[38;2;235;242;254m,,  [38;2;5;5;5m@[38;2;30;32;33m#                                [0m
         [38;2;5;5;5m@[38;2;172;177;187m}[38;2;235;242;254m,,,,,,,,,,,,,,,,,,,,,,,,,,,,,,,,[38;2;93;96;101mL[38;2;5;5;5m@[38;2;142;146;155mj[38;2;235;242;254m,[38;2;5;5;5m@                                [0m
  [38;2;5;5;5m@@@[38;2;102;105;111mJ[38;2;193;199;209m_[38;2;232;239;252m:[38;2;235;242;254m,,,,,,,,,,,,,,,,,,,,,,,,,,,,,,,,,,,[38;2;232;239;252m:[38;2;235;242;254m,,[38;2;224;231;243mI                                 [0m
    [38;2;5;5;5m@[38;2;49;51;54mh[38;2;235;242;254m,,,[38;2;232;239;252m:[38;2;235;242;254m,,,,,,,,,,,,,,,,,,,,,,,,,,,,,,,,,,,,[38;2;5;5;5m@                                 [0m
    [38;2;98;101;106mC[38;2;5;5;5m@@@[38;2;118;122;128mc[38;2;235;242;254m,,,,,,,,,[38;2;232;239;252m:[38;2;235;242;254m,,,,,,,,,,,,,,,,,,,,,,,,,,[38;2;5;5;5m@@[38;2;216;223;235m![38;2;149;153;162mt                               [0m
     [38;2;10;10;11mB[38;2;235;242;254m,,,[38;2;232;239;252m:[38;2;235;242;254m,,,,,,[38;2;232;239;252m:[38;2;235;242;254m,,,,,[38;2;232;239;252m:[38;2;235;242;254m,,,,,,,,,,[38;2;232;239;252m:::[38;2;235;242;254m,,,,,,,,,[38;2;232;239;252m:[38;2;235;242;254m,[38;2;114;118;124mz                                [0m
       [38;2;13;13;14m%[38;2;235;242;254m,,,,,,[38;2;241;249;255m'[38;2;149;153;162mt[38;2;68;70;74mq[38;2;26;26;28mW[38;2;5;5;5m@@@@@@@@@@@@[38;2;26;26;28mW[38;2;49;51;54mh[38;2;57;57;63mbbbbb[38;2;142;146;155mj[38;2;149;153;162mtt[38;2;157;162;171m|[38;2;241;249;255m'[38;2;235;242;254m,,,[38;2;228;235;248m;[38;2;5;5;5m@                                 [0m
         [38;2;5;5;5m@[38;2;29;30;31mMMMMM[38;2;30;32;33m###[38;2;29;30;31mM[38;2;119;102;88mU[38;2;221;190;163m-----[38;2;5;5;5m@[38;2;29;30;31mM[38;2;30;32;33m##[38;2;29;30;31mMMMMM[38;2;23;23;24m&[38;2;9;7;12mB[38;2;5;5;5m@[38;2;10;10;11mB[38;2;39;33;53m*[38;2;43;36;58mooooooooooooo[38;2;42;35;57mo[38;2;19;15;27m8[38;2;5;5;5m@@                        [0m
          [38;2;20;21;21m&[38;2;29;30;31mMMMM[38;2;30;32;33m###[38;2;5;5;5m@[38;2;221;190;163m-------[38;2;5;5;5m@[38;2;29;30;31mMMM[38;2;10;10;11mB[38;2;5;5;5m@[38;2;42;35;57mo[38;2;43;36;58mooooooooooooooooooooooooo[38;2;102;81;150mL[38;2;99;78;146mQ[38;2;5;5;5m@@                  [0m
          [38;2;5;5;5m@[38;2;30;32;33m#[38;2;29;30;31mM[38;2;17;17;18m8[38;2;9;7;12mB[38;2;5;5;5m@@@[38;2;221;190;163m-------[38;2;216;186;160m?[38;2;5;5;5m@[38;2;9;7;12mB[38;2;42;35;57mo[38;2;43;36;58mooooooooooooooooooooooooooooooo[38;2;51;41;71mh[38;2;102;81;150mLL[38;2;104;82;155mL[38;2;5;5;5m@               [0m
         [38;2;5;5;5m@[38;2;216;186;160m?[38;2;221;190;163m------------[38;2;224;193;165m_[38;2;5;5;5m@[38;2;42;35;57mo[38;2;43;36;58moooooooooooooooooooooooooooooooooooo[38;2;42;35;57mo[38;2;102;81;150mL[38;2;100;79;148mL[38;2;102;81;150mL[38;2;42;35;57mo[38;2;5;5;5m@            [0m
         [38;2;142;122;105mv[38;2;221;190;163m------------[38;2;9;7;12mB[38;2;43;36;58mooooooooooooooooooooooooooooooooooooooooo[38;2;42;35;57mo[38;2;102;81;150mLLL[38;2;5;5;5m@           [0m
         [38;2;224;193;165m_[38;2;221;190;163m-----[38;2;175;150;129m/[38;2;221;190;163m----[38;2;123;106;91mY[38;2;43;36;58moo[38;2;42;35;57mo[38;2;102;81;150mL[38;2;51;41;71mh[38;2;43;36;58moooooooooooooooooooooooooooooooooooooooo[38;2;42;35;57mo[38;2;100;79;148mL[38;2;102;81;150mL[38;2;34;28;47m#          [0m
         [38;2;5;5;5m@[38;2;221;190;163m---[38;2;145;125;108mu[38;2;221;190;163m-----[38;2;9;7;12mB[38;2;43;36;58moooooooooooooooooooooooooooooooooooooooooooooooo[38;2;39;33;53m*[38;2;102;81;150mL[38;2;5;5;5m@         [0m
           [38;2;5;5;5m@[38;2;119;102;88mU[38;2;221;190;163m-----[38;2;5;5;5m@[38;2;43;36;58moooooooooooooooooooo[38;2;42;35;57mo[38;2;39;33;53m*[38;2;33;27;45mM[38;2;22;18;30m&[38;2;19;15;27m8[38;2;22;18;30m&&&&&&&[38;2;19;15;27m8[38;2;22;18;30m&[38;2;19;15;27m8[38;2;22;18;30m&[38;2;19;15;27m88[38;2;22;18;30m&[38;2;30;25;42mM[38;2;43;36;58mo[38;2;42;35;57mo[38;2;43;36;58mooooooooo[38;2;67;54;97mp         [0m
                [38;2;5;5;5m@@[38;2;43;36;58mooooooooooooooo[38;2;42;35;57mo[38;2;36;30;50m#[38;2;19;15;27m88[38;2;22;18;30m&&[38;2;19;15;27m8[38;2;22;18;30m&&&&&&&&&&&&[38;2;19;15;27m8[38;2;22;18;30m&&&[38;2;19;15;27m8[38;2;22;18;30m&&&&[38;2;19;15;27m8[38;2;22;18;30m&[38;2;19;15;27m8[38;2;33;27;45mM[38;2;42;35;57mo[38;2;43;36;58moooo[38;2;26;22;36mW         [0m
                 [38;2;22;18;30m&[38;2;43;36;58mooooooooooo[38;2;42;35;57mo[38;2;33;27;45mM[38;2;22;18;30m&[38;2;19;15;27m8[38;2;22;18;30m&&[38;2;19;15;27m8[38;2;22;18;30m&&[38;2;19;15;27m88[38;2;22;18;30m&&&&&&&&&&&[38;2;19;15;27m88[38;2;22;18;30m&&&&[38;2;19;15;27m88[38;2;22;18;30m&&[38;2;19;15;27m8[38;2;22;18;30m&&&&&[38;2;19;15;27m88[38;2;42;35;57mo[38;2;9;7;12mB         [0m
                [38;2;5;5;5m@[38;2;43;36;58moooooooooo[38;2;30;25;42mM[38;2;22;18;30m&&&[38;2;19;15;27m8[38;2;22;18;30m&&&&[38;2;19;15;27m8[38;2;22;18;30m&[38;2;19;15;27m888[38;2;22;18;30m&[38;2;19;15;27m888[38;2;22;18;30m&&&&[38;2;19;15;27m8[38;2;22;18;30m&&[38;2;19;15;27m8[38;2;22;18;30m&&&&&[38;2;19;15;27m8[38;2;22;18;30m&&&&&[38;2;19;15;27m8[38;2;22;18;30m&&[38;2;19;15;27m8[38;2;22;18;30m&&[38;2;5;5;5m@         [0m
                 [38;2;39;33;53m*[38;2;43;36;58moooooo[38;2;30;25;42mM[38;2;22;18;30m&&&&[38;2;19;15;27m8[38;2;22;18;30m&&&[38;2;19;15;27m8[38;2;22;18;30m&&&&&&[38;2;19;15;27m8[38;2;22;18;30m&&&&&&&[38;2;19;15;27m8[38;2;22;18;30m&[38;2;19;15;27m8[38;2;22;18;30m&&&&[38;2;19;15;27m888[38;2;22;18;30m&&&&&&&&&[38;2;19;15;27m8[38;2;22;18;30m&[38;2;5;5;5m@          [0m
                 [38;2;5;5;5m@[38;2;43;36;58mooo[38;2;39;33;53m*[38;2;22;18;30m&[38;2;19;15;27m8[38;2;22;18;30m&[38;2;19;15;27m8[38;2;22;18;30m&&&&[38;2;19;15;27m88[38;2;22;18;30m&[38;2;19;15;27m88[38;2;22;18;30m&[38;2;19;15;27m8[38;2;22;18;30m&&&[38;2;19;15;27m8[38;2;22;18;30m&&&&&&[38;2;19;15;27m88[38;2;22;18;30m&&[38;2;19;15;27m8[38;2;22;18;30m&&&&&&[38;2;19;15;27m8[38;2;22;18;30m&[38;2;19;15;27m8[38;2;22;18;30m&&&&[38;2;19;15;27m8[38;2;22;18;30m&&[38;2;5;5;5m@           [0m
                  [38;2;34;28;47m#[38;2;22;18;30m&&&&&&&[38;2;19;15;27m8[38;2;22;18;30m&&&&&&&&[38;2;19;15;27m8[38;2;22;18;30m&&&[38;2;19;15;27m8[38;2;22;18;30m&[38;2;19;15;27m88[38;2;22;18;30m&[38;2;19;15;27m8[38;2;22;18;30m&[38;2;19;15;27m8[38;2;22;18;30m&&[38;2;19;15;27m8[38;2;22;18;30m&&&[38;2;19;15;27m8[38;2;22;18;30m&[38;2;19;15;27m8[38;2;22;18;30m&&&[38;2;19;15;27m88[38;2;22;18;30m&&&&&&[38;2;5;5;5m@            [0m
                   [38;2;9;7;12mB[38;2;22;18;30m&&&[38;2;19;15;27m8[38;2;22;18;30m&[38;2;19;15;27m8[38;2;22;18;30m&&&&[38;2;19;15;27m8[38;2;22;18;30m&&&&&&&&&[38;2;19;15;27m88[38;2;22;18;30m&&&&&&&[38;2;19;15;27m8[38;2;22;18;30m&[38;2;19;15;27m8[38;2;22;18;30m&&&&[38;2;19;15;27m8[38;2;22;18;30m&[38;2;19;15;27m8[38;2;22;18;30m&&&&&&[38;2;12;9;17mB              [0m
                    [38;2;5;5;5m@[38;2;9;7;12mB[38;2;19;15;27m88[38;2;22;18;30m&&[38;2;19;15;27m8[38;2;22;18;30m&[38;2;19;15;27m88[38;2;22;18;30m&&&&&&&[38;2;19;15;27m88[38;2;22;18;30m&[38;2;19;15;27m8[38;2;22;18;30m&&[38;2;19;15;27m8[38;2;22;18;30m&&&&&[38;2;19;15;27m8[38;2;22;18;30m&[38;2;19;15;27m8[38;2;22;18;30m&&&&&&&&&&&[38;2;9;7;12mB[38;2;5;5;5m@               [0m
                      [38;2;5;5;5m@@[38;2;22;18;30m&&&[38;2;19;15;27m8[38;2;22;18;30m&[38;2;19;15;27m8[38;2;22;18;30m&&&[38;2;19;15;27m88[38;2;22;18;30m&[38;2;19;15;27m8[38;2;22;18;30m&&[38;2;19;15;27m88[38;2;22;18;30m&[38;2;19;15;27m8[38;2;22;18;30m&&[38;2;19;15;27m8[38;2;22;18;30m&[38;2;19;15;27m8[38;2;22;18;30m&[38;2;19;15;27m8[38;2;22;18;30m&[38;2;19;15;27m8[38;2;22;18;30m&&[38;2;19;15;27m8[38;2;22;18;30m&&&&&&[38;2;15;13;19m%                  [0m
                         [38;2;5;5;5m@@[38;2;12;9;17mB[38;2;19;15;27m8[38;2;22;18;30m&[38;2;19;15;27m8[38;2;22;18;30m&&&[38;2;19;15;27m8[38;2;22;18;30m&&&&[38;2;19;15;27m8[38;2;22;18;30m&[38;2;19;15;27m88[38;2;22;18;30m&&&&[38;2;19;15;27m8[38;2;22;18;30m&[38;2;19;15;27m8[38;2;22;18;30m&&&&&&&&[38;2;19;15;27m8[38;2;22;18;30m&[38;2;19;15;27m8[38;2;5;5;5m@                  [0m
                             [38;2;22;18;30m&&&[38;2;19;15;27m8[38;2;22;18;30m&&&[38;2;19;15;27m8[38;2;22;18;30m&&[38;2;19;15;27m88[38;2;5;5;5m@@@@@@@   @@@@@@@@@@@                  [0m
                             [38;2;15;13;19m%[38;2;19;15;27m88[38;2;22;18;30m&&[38;2;19;15;27m8[38;2;15;13;19m%[38;2;5;5;5m@@@@@           @@                          [0m
                             [38;2;5;5;5m@@@@@@@@@@@@                                       [0m
                                                                                [0m
                                                                                [0m
                                                                                [0m
