                                                                                [0m
                                                                                [0m
                                                                                [0m
                 [38;2;0;0;0m$          $[38;2;228;235;248m;[38;2;153;157;165m/[38;2;6;6;5m@[38;2;0;0;0m$                                               [0m
                  [38;2;32;33;35m#[38;2;232;239;252m::[38;2;235;242;255m,[38;2;232;239;252m::[38;2;165;170;179m)[38;2;12;12;12m%[38;2;0;0;0m$   $[38;2;232;239;252m::[38;2;235;242;255m,[38;2;232;239;252m:[38;2;36;30;49m#                                            [0m
            [38;2;0;0;0m$$$$$$ $[38;2;24;24;25mW[38;2;232;239;252m:[38;2;235;242;255m,[38;2;232;239;252m:::[38;2;235;242;255m,[38;2;232;239;252m::[38;2;227;234;246m;[38;2;14;13;18m%[38;2;0;0;0m$[38;2;157;162;171m|[38;2;235;242;255m,[38;2;232;239;252m::[38;2;235;242;255m,[38;2;49;51;54mh   [38;2;0;0;0m$[38;2;68;70;74mq                                     [0m
         [38;2;93;96;101mL[38;2;235;242;255m,[38;2;232;239;252m::::::::::[38;2;235;242;255m,[38;2;181;186;197m][38;2;57;57;63mb[38;2;235;242;255m,[38;2;232;239;252m::[38;2;235;242;255m,[38;2;232;239;252m::::[38;2;235;242;255m,[38;2;232;239;252m::::[38;2;235;242;255m,[38;2;110;114;120mX  [38;2;24;24;25mW[38;2;232;239;252m:[38;2;118;122;128mc                                    [0m
       [38;2;85;86;93m0[38;2;0;0;0m$  $[38;2;165;170;179m)[38;2;235;242;255m,,[38;2;232;239;252m::::[38;2;235;242;255m,,[38;2;232;239;252m::::::::::[38;2;235;242;255m,,[38;2;232;239;252m::::[38;2;235;242;255m,,[38;2;110;114;120mX[38;2;0;0;0m$[38;2;232;239;252m::[38;2;235;242;255m,[38;2;0;0;0m$                                   [0m
       [38;2;0;0;0m$[38;2;232;239;252m::::[38;2;235;242;255m,[38;2;0;0;0m$[38;2;232;239;252m::[38;2;235;242;255m,[38;2;232;239;252m::::[38;2;235;242;255m,[38;2;232;239;252m:[38;2;235;242;255m,[38;2;232;239;252m:::[38;2;235;242;255m,,[38;2;232;239;252m:[38;2;235;242;255m,[38;2;232;239;252m::::[38;2;235;242;255m,,[38;2;232;239;252m:::::[38;2;235;242;255m,,[38;2;0;0;0m$                                   [0m
        [38;2;0;0;0m$[38;2;232;239;252m:::::::[38;2;235;242;255m,[38;2;232;239;252m:::[38;2;235;242;255m,,[38;2;232;239;252m::::::[38;2;235;242;255m,[38;2;232;239;252m::::::::[38;2;235;242;255m,[38;2;232;239;252m::[38;2;235;242;255m,,[38;2;237;245;255m,[38;2;235;242;255m,[38;2;0;0;0m$ $[38;2;202;209;220m~                                [0m
         [38;2;0;0;0m$$[38;2;224;231;244mI[38;2;235;242;255m,,[38;2;232;239;252m::::::[38;2;235;242;255m,[38;2;232;239;252m::[38;2;235;242;255m,,[38;2;232;239;252m::[38;2;235;242;255m,[38;2;232;239;252m:[38;2;235;242;255m,[38;2;232;239;252m:::::::::[38;2;235;242;255m,[38;2;232;239;252m::[38;2;235;242;255m,[38;2;212;218;230mi[38;2;0;0;0m$[38;2;216;223;235m![38;2;235;242;255m,[38;2;29;29;31mM                                [0m
  [38;2;0;0;0m$$[38;2;153;157;165m/[38;2;232;239;252m::[38;2;235;242;255m,[38;2;232;239;252m:[38;2;235;242;255m,,[38;2;232;239;252m:::::::::::::::::[38;2;235;242;255m,,[38;2;232;239;252m:[38;2;235;242;255m,[38;2;232;239;252m::[38;2;235;242;255m,,[38;2;232;239;252m:[38;2;235;242;255m,[38;2;232;239;252m::[38;2;235;242;255m,[38;2;232;239;252m::[38;2;235;242;255m,[38;2;232;239;252m::[38;2;228;235;248m;[38;2;0;0;0m$$$$                             [0m
     [38;2;0;0;0m$[38;2;146;150;158mf[38;2;232;239;252m:::[38;2;235;242;255m,,,[38;2;232;239;252m:::::::[38;2;235;242;255m,[38;2;232;239;252m::::::::::::[38;2;235;242;255m,,[38;2;232;239;252m::::::[38;2;81;83;89mO[38;2;0;0;0m$[38;2;36;30;50m#[38;2;43;35;59moooooooooooo[38;2;57;46;82mk[38;2;0;0;0m$                      [0m
    [38;2;124;129;135mu[38;2;107;110;115mY[38;2;0;0;0m$$$[38;2;202;209;220m~[38;2;235;242;255m,,[38;2;232;239;252m:::::[38;2;235;242;255m,[38;2;232;239;252m:::::[38;2;235;242;255m,,[38;2;232;239;252m:[38;2;235;242;255m,,[38;2;232;239;252m:[38;2;235;242;255m,[38;2;232;239;252m:::::[38;2;235;242;255m,,,[38;2;0;0;0m$[38;2;36;30;50m#[38;2;43;35;59mooooooooooooooooo[38;2;62;50;89md[38;2;102;81;150mLL[38;2;51;41;71mh[38;2;0;0;0m$                  [0m
     [38;2;0;0;0m$[38;2;212;218;230mi[38;2;232;239;252m::::[38;2;235;242;255m,,,,[38;2;232;239;252m::[38;2;235;242;255m,[38;2;232;239;252m::[38;2;235;242;255m,[38;2;232;239;252m:::[38;2;235;242;255m,,,[38;2;232;239;252m::[38;2;235;242;255m,,,[38;2;232;239;252m:[38;2;235;242;255m,,[38;2;138;143;150mr[38;2;24;20;34m&[38;2;43;35;59moooooooooooooooooooooo[38;2;44;36;61mo[38;2;102;81;150mLL[38;2;62;50;89md[38;2;0;0;0m$                [0m
       [38;2;0;0;0m$[38;2;68;70;74mq[38;2;232;239;252m:::[38;2;235;242;255m,[38;2;153;157;165m/[38;2;57;57;63mb[38;2;0;0;0m$$$[38;2;12;12;12m%[38;2;17;17;18m8[38;2;6;6;5m@[38;2;89;76;65mZ[38;2;202;174;149m{[38;2;29;29;31mM[38;2;6;6;5m@[38;2;17;17;18m8[38;2;24;24;25mW[38;2;17;17;18m8[38;2;12;12;12m%[38;2;9;7;12mB[38;2;6;6;5m@[38;2;0;0;0m$$$$[38;2;43;35;59moooooooooooooooooooooooooo[38;2;51;41;71mh[38;2;102;81;150mLL[38;2;13;10;18mB               [0m
          [38;2;29;29;31mM[38;2;30;30;32mMMMM[38;2;29;29;31mMMMM[38;2;119;102;88mU[38;2;219;189;162m-----[38;2;115;99;84mJ[38;2;24;24;25mW[38;2;30;30;32mMMMM[38;2;29;29;31mM[38;2;0;0;0m$[38;2;43;35;59moooooooooooooooooooooooooooooo[38;2;102;81;150mLL[38;2;100;79;148mL[38;2;0;0;0m$             [0m
          [38;2;6;6;5m@[38;2;30;30;32mMMMM[38;2;29;29;31mMM[38;2;30;30;32mM[38;2;0;0;0m$[38;2;219;189;162m-------[38;2;0;0;0m$[38;2;30;30;32mMMMM[38;2;0;0;0m$[38;2;43;35;59mo[38;2;40;32;55m*[38;2;72;58;105mq[38;2;43;35;59mooooooooooooooooooooooooooooo[38;2;92;73;135m0[38;2;104;82;155mL[38;2;102;81;150mL             [0m
          [38;2;0;0;0m$$$$$$[38;2;21;21;22m&[38;2;97;83;71m0[38;2;219;189;162m--------[38;2;0;0;0m$$$$$[38;2;43;35;59mo[38;2;40;32;55m*[38;2;99;78;146mQ[38;2;43;35;59mooooooooooooooooooooooooooooooo[38;2;62;50;89md[38;2;102;81;150mL[38;2;6;6;5m@            [0m
         [38;2;0;0;0m$[38;2;218;187;161m?[38;2;219;189;162m-------------[38;2;6;6;5m@[38;2;202;209;220m~[38;2;232;239;252m:::[38;2;0;0;0m$[38;2;43;35;59moooooooooooooooooooooooooooooooooooo[38;2;67;54;97mp[38;2;104;82;155mL[38;2;0;0;0m$           [0m
         [38;2;89;76;65mZ[38;2;219;189;162m-------------[38;2;225;194;166m_[38;2;102;105;111mJ[38;2;6;6;5m@[38;2;43;35;59moo[38;2;0;0;0m$[38;2;43;35;59moooooooooooooooooooooooooooooooooooooo[38;2;92;73;135m0[38;2;0;0;0m$           [0m
         [38;2;142;122;105mv[38;2;219;189;162m-----[38;2;165;142;122mj[38;2;219;189;162m-------[38;2;0;0;0m$[38;2;43;35;59mooo[38;2;44;36;61mo[38;2;30;25;42mM[38;2;43;35;59moooooooooooooooooo[38;2;44;36;61mo[38;2;43;35;59moo[38;2;28;23;40mW[38;2;21;17;30m8888[38;2;24;20;34m&[38;2;40;32;55m*[38;2;43;35;59mooooooooooo[38;2;9;7;12mB           [0m
         [38;2;0;0;0m$[38;2;185;159;137m([38;2;219;189;162m-[38;2;218;187;161m?[38;2;6;6;5m@[38;2;219;189;162m--------[38;2;0;0;0m$[38;2;43;35;59moooo[38;2;0;0;0m$[38;2;43;35;59moooooooooooooooo[38;2;21;17;30m888888[38;2;24;20;34m&[38;2;21;17;30m88888888888[38;2;40;32;55m*[38;2;43;35;59mooooo[38;2;9;7;12mB           [0m
           [38;2;0;0;0m$$[38;2;175;150;129m/[38;2;219;189;162m--------[38;2;0;0;0m$[38;2;43;35;59moooo[38;2;0;0;0m$[38;2;43;35;59mooooooooooooo[38;2;21;17;30m88[38;2;24;20;34m&[38;2;21;17;30m888888[38;2;24;20;34m&[38;2;21;17;30m88888888888888[38;2;43;35;59mooo[38;2;0;0;0m$           [0m
                       [38;2;28;23;40mW[38;2;43;35;59mooo[38;2;19;15;27m8[38;2;43;35;59moooooooooo[38;2;36;30;50m#[38;2;21;17;30m88[38;2;24;20;34m&&&[38;2;21;17;30m88888[38;2;24;20;34m&&[38;2;21;17;30m88888888888888[38;2;24;20;34m&[38;2;21;17;30m8[38;2;43;35;59mo[38;2;0;0;0m$           [0m
                        [38;2;0;0;0m$[38;2;43;35;59moo[38;2;28;23;40mW[38;2;43;35;59moooooooo[38;2;21;17;30m888888888[38;2;24;20;34m&[38;2;21;17;30m888888888888888888888[38;2;6;6;5m@            [0m
                         [38;2;0;0;0m$[38;2;24;20;34m&&[38;2;43;35;59mooooooo[38;2;21;17;30m88[38;2;24;20;34m&&&[38;2;21;17;30m888888888888888888888888888             [0m
                           [38;2;0;0;0m$[38;2;43;35;59mooooo[38;2;24;20;34m&[38;2;21;17;30m888[38;2;24;20;34m&[38;2;21;17;30m8888888888888888888888888888[38;2;0;0;0m$             [0m
                           [38;2;0;0;0m$[38;2;43;35;59mooo[38;2;40;32;55m*[38;2;21;17;30m888888888888888888888888888888888[38;2;0;0;0m$              [0m
                            [38;2;30;25;42mM[38;2;43;35;59mo[38;2;36;30;50m#[38;2;21;17;30m888888[38;2;24;20;34m&&[38;2;21;17;30m8888888888888888888888888[38;2;0;0;0m$               [0m
                            [38;2;0;0;0m$[38;2;21;17;30m88888888888[38;2;24;20;34m&[38;2;21;17;30m88888888888888888888[38;2;24;20;34m&[38;2;21;17;30m8                 [0m
                             [38;2;0;0;0m$[38;2;21;17;30m888888888888888888888888888888888                 [0m
                              [38;2;13;10;18mB[38;2;21;17;30m88888[38;2;24;20;34m&&[38;2;21;17;30m8[38;2;24;20;34m&[38;2;21;17;30m8888[38;2;24;20;34m&[38;2;21;17;30m88[38;2;24;20;34m&[38;2;21;17;30m8[38;2;14;13;18m%[38;2;6;6;5m@[38;2;21;17;30m88888888[38;2;24;20;34m&[38;2;21;17;30m88[38;2;0;0;0m$                 [0m
                              [38;2;0;0;0m$[38;2;21;17;30m88888888888[38;2;6;6;5m@[38;2;0;0;0m$$      $[38;2;21;17;30m888[38;2;24;20;34m&[38;2;14;13;18m%[38;2;9;7;12mB[38;2;0;0;0m$$$$                  [0m
                              [38;2;0;0;0m$[38;2;21;17;30m888[38;2;24;20;34m&[38;2;21;17;30m88[38;2;24;20;34m&&[38;2;21;17;30m88[38;2;0;0;0m$          $$$$$$$$$$                  [0m
                              [38;2;0;0;0m$$$$$$$$$$$$           $                          [0m
                               [38;2;0;0;0m$$$$$$$$$$                                       [0m
                                                                                [0m
                                                                                [0m
                                                                                [0m
