                                                                                [0m
                                                                                [0m
                                                                                [0m
                                                                                [0m
                                                                                [0m
                                                                                [0m
                                                                                [0m
                                                                 [38;2;25;34;58m#[38;2;33;44;77ma[38;2;36;49;84mh[38;2;38;51;87mkk[38;2;36;49;83mh         [0m
                                                         [38;2;28;38;65m*[38;2;41;54;89mkkkkkk[38;2;36;49;84mh[38;2;35;48;82mhh[38;2;47;52;85mk[38;2;65;56;88mp[38;2;35;48;82mh[38;2;36;49;84mh         [0m
                                                   [38;2;17;23;40m&[38;2;35;48;82mh[38;2;36;49;84mh[38;2;35;48;82mh[38;2;36;49;84mh[38;2;45;53;88mk[38;2;151;76;93mC[38;2;248;100;100mjjjjjj[38;2;245;98;98mrrrrr[38;2;35;48;82mhh         [0m
                                               [38;2;28;38;65m*[38;2;35;48;82mh[38;2;36;49;84mh[38;2;35;48;82mh[38;2;69;128;170mX[38;2;94;191;237m)[38;2;95;192;239m)[38;2;38;53;89mk[38;2;36;49;84mh[38;2;41;54;89mk[38;2;248;100;100mjjjjjjj[38;2;245;98;98mrrrr[38;2;230;94;95mn[38;2;35;48;82mh[38;2;28;38;65m*         [0m
                                             [38;2;41;54;89mkk[38;2;68;124;166mY[38;2;93;187;233m([38;2;95;192;239m)[38;2;94;191;237m)[38;2;95;192;239m)[38;2;94;191;237m)[38;2;95;192;239m)[38;2;94;191;237m)[38;2;91;183;228m|[38;2;48;78;116mw[38;2;41;54;89mk[38;2;76;59;88mq[38;2;248;100;100mjjjjj[38;2;245;98;98mrrrr[38;2;65;56;88mp[38;2;35;48;82mh          [0m
                                           [38;2;36;49;84mh[38;2;37;50;85mh[38;2;57;100;140mQ[38;2;96;194;241m1[38;2;95;194;240m)[38;2;98;196;242m1[38;2;97;196;242m1[38;2;98;196;242m1[38;2;97;196;242m1[38;2;98;196;242m1[38;2;97;196;242m1[38;2;98;196;242m1[38;2;97;196;242m1[38;2;95;194;240m)[38;2;85;170;214mf[38;2;36;49;84mh[38;2;37;50;85mh[38;2;240;96;97mx[38;2;248;100;100mj[38;2;245;98;98mr[38;2;248;100;100mjjjjj[38;2;38;51;87mk[38;2;38;52;87mk          [0m
                                         [38;2;36;49;84mh[38;2;37;50;85mh[38;2;69;128;170mX[38;2;96;194;241m1[38;2;95;194;240m)[38;2;96;194;241m1[38;2;95;194;240m)[38;2;98;196;242m1[38;2;97;196;242m1[38;2;98;196;242m1[38;2;97;196;242m1[38;2;98;196;242m1[38;2;97;196;242m1[38;2;98;196;242m1[38;2;97;196;242m1[38;2;95;194;240m)[38;2;96;194;241m1[38;2;95;194;240m)[38;2;75;145;187mu[38;2;36;49;84mh[38;2;37;50;85mh[38;2;230;94;95mn[38;2;248;100;100mjjjj[38;2;205;88;96mc[38;2;38;51;87mk[38;2;30;40;70mo          [0m
                                       [38;2;38;52;87mk[38;2;37;50;85mh[38;2;69;128;170mX[38;2;96;194;241m1[38;2;95;194;240m)[38;2;96;194;241m1[38;2;95;194;240m)[38;2;96;194;241m1[38;2;95;194;240m)[38;2;98;196;242m1[38;2;97;196;242m1[38;2;98;196;242m1[38;2;97;196;242m1[38;2;98;196;242m1[38;2;97;196;242m1[38;2;98;196;242m1[38;2;97;196;242m1[38;2;95;194;240m)[38;2;96;194;241m1[38;2;95;194;240m)[38;2;96;194;241m1[38;2;95;194;240m)[38;2;87;173;218mt[38;2;36;49;84mh[38;2;37;50;85mh[38;2;45;52;86mk[38;2;248;100;100mjj[38;2;38;52;87mk[38;2;38;51;87mk           [0m
                                     [38;2;38;52;87mk[38;2;38;51;87mk[38;2;97;196;242m1[38;2;96;194;241m1[38;2;95;194;240m)[38;2;96;194;241m1[38;2;95;194;240m)[38;2;96;194;241m1[38;2;95;194;240m)[38;2;96;194;241m1[38;2;95;194;240m)[38;2;98;196;242m1[38;2;97;196;242m1[38;2;98;196;242m1[38;2;97;196;242m1[38;2;98;196;242m1[38;2;97;196;242m1[38;2;98;196;242m1[38;2;97;196;242m1[38;2;95;194;240m)[38;2;96;194;241m1[38;2;95;194;240m)[38;2;96;194;241m1[38;2;95;194;240m)[38;2;96;194;241m1[38;2;95;194;240m)[38;2;96;194;241m1[38;2;74;141;183mv[38;2;38;52;87mk[38;2;38;51;87mk[38;2;38;52;87mk            [0m
                                   [38;2;28;38;65m*[38;2;35;48;82mh[38;2;45;69;107mq[38;2;94;191;237m)[38;2;95;192;239m)[38;2;98;196;242m11111111[38;2;95;192;239m)[38;2;68;134;172mz[38;2;36;49;84mh[38;2;35;48;82mh[38;2;36;49;84mh[38;2;35;48;82mh[38;2;36;49;84mh[38;2;35;48;82mh[38;2;41;54;89mk[38;2;90;179;224m/[38;2;98;196;242m111111[38;2;94;191;237m)[38;2;95;192;239m)[38;2;35;48;82mhh            [0m
                                  [38;2;35;48;82mh[38;2;36;49;84mh[38;2;94;191;237m)[38;2;95;192;239m)[38;2;94;191;237m)[38;2;95;192;239m)[38;2;98;196;242m1111111[38;2;43;64;101md[38;2;36;49;84mh[38;2;35;48;82mh[38;2;253;253;253m.[38;2;250;251;252m^[38;2;253;253;253m.[38;2;250;251;252m^[38;2;253;253;253m.[38;2;250;251;252m^^[38;2;41;54;89mkk[38;2;98;196;242m11111[38;2;94;191;237m)[38;2;36;49;84mh[38;2;35;48;82mh             [0m
                               [38;2;30;40;70mo[38;2;35;48;82mh[38;2;36;49;84mh[38;2;93;187;233m([38;2;95;192;239m)[38;2;94;191;237m)[38;2;95;192;239m)[38;2;94;191;237m)[38;2;95;192;239m)[38;2;98;196;242m111111[38;2;75;145;187mu[38;2;41;54;89mk[38;2;36;49;84mh[38;2;250;251;252m^[38;2;253;253;253m.[38;2;250;251;252m^[38;2;253;253;253m.[38;2;250;251;252m^[38;2;253;253;253m.[38;2;250;251;252m^  [38;2;41;54;89mk[38;2;43;64;101md[38;2;98;196;242m111[38;2;49;81;119mm[38;2;35;48;82mh[38;2;36;49;84mh              [0m
                     [38;2;35;48;82mh[38;2;36;49;84mh[38;2;35;48;82mh[38;2;41;54;89mkkkkkkkk[38;2;35;48;82mh[38;2;36;49;84mh[38;2;43;66;104mp[38;2;95;192;239m)[38;2;94;191;237m)[38;2;95;192;239m)[38;2;94;191;237m)[38;2;95;192;239m)[38;2;98;196;242m111111[38;2;75;145;187mu[38;2;41;54;89mk[38;2;36;49;84mh[38;2;250;251;252m^[38;2;253;253;253m.[38;2;250;251;252m^[38;2;253;253;253m.[38;2;250;251;252m^[38;2;253;253;253m.[38;2;250;251;252m^  [38;2;41;54;89mk[38;2;43;64;101md[38;2;98;196;242m11[38;2;41;54;89mkk[38;2;26;35;61m*               [0m
                   [38;2;38;51;87mkk[38;2;100;109;135mY   [38;2;253;253;253m. . . [38;2;114;202;242m{[38;2;98;196;242m1[38;2;97;196;242m1[38;2;98;196;242m1[38;2;97;196;242m1[38;2;98;196;242m1[38;2;97;196;242m1[38;2;98;196;242m1[38;2;97;196;242m1[38;2;95;194;240m)[38;2;96;194;241m1[38;2;95;194;240m)[38;2;96;194;241m1[38;2;95;194;240m)[38;2;96;194;241m1[38;2;95;194;240m)[38;2;37;50;85mh[38;2;38;51;87mk[38;2;138;146;166mj       [38;2;53;65;98mp[38;2;37;50;85mh[38;2;91;183;228m|[38;2;84;165;210mj[38;2;36;49;84mh[38;2;37;50;85mh                 [0m
                 [38;2;34;46;79ma[38;2;38;51;87mk[38;2;107;116;140mz     [38;2;253;253;253m. . [38;2;225;242;250m:[38;2;96;194;241m1[38;2;95;194;240m)[38;2;98;196;242m1[38;2;97;196;242m1[38;2;98;196;242m1[38;2;97;196;242m1[38;2;98;196;242m1[38;2;97;196;242m1[38;2;98;196;242m1[38;2;97;196;242m1[38;2;95;194;240m)[38;2;96;194;241m1[38;2;95;194;240m)[38;2;96;194;241m1[38;2;95;194;240m)[38;2;96;194;241m1[38;2;95;194;240m)[38;2;96;194;241m1[38;2;95;192;239m)[38;2;38;52;87mk[38;2;38;51;87mk[38;2;38;52;87mk[38;2;74;85;115m0[38;2;88;98;125mC[38;2;38;51;87mk[38;2;38;52;87mk[38;2;37;50;85mh[38;2;41;59;97mb[38;2;90;179;224m/[38;2;36;49;84mh[38;2;37;50;85mh                   [0m
                 [38;2;22;29;51mM[38;2;38;51;87mk[38;2;38;52;87mk[38;2;38;51;87mk[38;2;68;79;110mZ[38;2;213;216;222m>  [38;2;253;253;253m. .[38;2;96;194;241m1[38;2;95;194;240m)[38;2;96;194;241m1[38;2;95;194;240m)[38;2;98;196;242m1[38;2;97;196;242m1[38;2;98;196;242m1[38;2;97;196;242m1[38;2;98;196;242m1[38;2;97;196;242m1[38;2;98;196;242m1[38;2;97;196;242m1[38;2;95;194;240m)[38;2;96;194;241m1[38;2;95;194;240m)[38;2;96;194;241m1[38;2;95;194;240m)[38;2;96;194;241m1[38;2;95;194;240m)[38;2;96;194;241m1[38;2;97;196;242m1[38;2;98;196;242m1[38;2;97;196;242m1[38;2;98;196;242m1[38;2;97;196;242m1[38;2;98;196;242m1[38;2;97;196;242m1[38;2;98;196;242m1[38;2;87;173;218mt[38;2;36;49;84mh[38;2;37;50;85mh                     [0m
                      [38;2;19;26;45mW[38;2;38;52;87mk[38;2;37;50;85mh[38;2;122;131;153mu[38;2;184;228;249mi[38;2;95;194;240m)[38;2;96;194;241m1[38;2;95;194;240m)[38;2;96;194;241m1[38;2;95;194;240m)[38;2;98;196;242m1[38;2;97;196;242m1[38;2;98;196;242m1[38;2;97;196;242m1[38;2;98;196;242m1[38;2;97;196;242m1[38;2;98;196;242m1[38;2;97;196;242m1[38;2;95;194;240m)[38;2;96;194;241m1[38;2;95;194;240m)[38;2;96;194;241m1[38;2;95;194;240m)[38;2;96;194;241m1[38;2;95;194;240m)[38;2;96;194;241m1[38;2;97;196;242m1[38;2;98;196;242m1[38;2;97;196;242m1[38;2;98;196;242m1[38;2;97;196;242m1[38;2;98;196;242m1[38;2;41;57;93mb[38;2;38;52;87mk[38;2;37;50;85mh                       [0m
                        [38;2;41;54;89mk[38;2;38;53;89mk[38;2;57;100;140mQ[38;2;98;196;242m11111[38;2;95;192;239m)[38;2;94;191;237m)[38;2;95;192;239m)[38;2;94;191;237m)[38;2;95;192;239m)[38;2;94;191;237m)[38;2;95;192;239m)[38;2;94;191;237m)[38;2;98;196;242m11111111[38;2;94;191;237m)[38;2;95;192;239m)[38;2;94;191;237m)[38;2;95;192;239m)[38;2;59;104;144mL[38;2;36;49;84mh[38;2;35;48;82mh                         [0m
                       [38;2;25;34;58m#[38;2;41;54;89mkkkk[38;2;63;114;155mJ[38;2;98;196;242m111[38;2;95;192;239m)[38;2;94;191;237m)[38;2;95;192;239m)[38;2;94;191;237m)[38;2;95;192;239m)[38;2;94;191;237m)[38;2;95;192;239m)[38;2;94;191;237m)[38;2;98;196;242m11111111[38;2;94;191;237m)[38;2;95;192;239m)[38;2;41;59;97mb[38;2;36;49;84mh[38;2;33;44;77ma                           [0m
                      [38;2;35;48;82mh[38;2;36;49;84mh[38;2;80;90;118mQ   [38;2;41;54;89mkk[38;2;63;114;155mJ[38;2;98;196;242m1[38;2;95;192;239m)[38;2;94;191;237m)[38;2;95;192;239m)[38;2;94;191;237m)[38;2;95;192;239m)[38;2;94;191;237m)[38;2;95;192;239m)[38;2;94;191;237m)[38;2;98;196;242m1111111[38;2;62;110;151mC[38;2;35;48;82mh[38;2;36;49;84mh[38;2;22;29;51mM                             [0m
                     [38;2;36;49;84mh[38;2;35;48;82mh[38;2;253;253;253m.      [38;2;41;54;89mkk[38;2;36;49;84mh[38;2;94;191;237m)[38;2;95;192;239m)[38;2;94;191;237m)[38;2;95;192;239m)[38;2;94;191;237m)[38;2;95;192;239m)[38;2;94;191;237m)[38;2;98;196;242m11111[38;2;41;54;89mk[38;2;104;113;137mX [38;2;88;98;125mC[38;2;36;49;84mh                              [0m
                      [38;2;38;52;87mk[38;2;38;51;87mk[38;2;41;54;89mk [38;2;253;253;253m. . .[38;2;167;172;187m1[38;2;38;51;87mk[38;2;38;52;87mk[38;2;62;110;151mC[38;2;98;196;242m1[38;2;97;196;242m1[38;2;98;196;242m1[38;2;97;196;242m1[38;2;98;196;242m1[38;2;96;194;241m1[38;2;95;194;240m)[38;2;96;194;241m1[38;2;43;66;104mp[38;2;41;54;89mk[38;2;253;253;253m. .[38;2;46;58;93md[38;2;38;51;87mk                              [0m
                        [38;2;25;34;58m#[38;2;37;50;85mh[38;2;38;52;87mk [38;2;253;253;253m. .   [38;2;38;51;87mk[38;2;38;52;87mk[38;2;62;111;151mC[38;2;98;196;242m1[38;2;97;196;242m1[38;2;98;196;242m1[38;2;85;170;214mf[38;2;36;49;84mh[38;2;74;85;115m0[38;2;253;253;253m. . [38;2;178;183;196m][38;2;38;52;87mk[38;2;38;51;87mk                              [0m
                          [38;2;25;34;58m#[38;2;37;50;85mh[38;2;38;52;87mk [38;2;253;253;253m.  [38;2;220;223;229m![38;2;38;51;87mk[38;2;38;52;87mk[38;2;37;50;85mh[38;2;38;52;87mk[38;2;38;51;87mk[38;2;38;52;87mk[38;2;155;161;178m|[38;2;253;253;253m. . . [38;2;59;71;103mw[38;2;38;52;87mk[38;2;26;35;61m*                              [0m
                            [38;2;25;34;58m#[38;2;37;50;85mh[38;2;36;49;84mh[38;2;37;50;85mh[38;2;38;51;87mk[38;2;37;50;85mh      h[38;2;36;49;84mh [38;2;253;253;253m. .[38;2;88;98;125mC[38;2;36;49;84mh[38;2;38;52;87mk                               [0m
                              [38;2;38;52;87mk          [38;2;41;54;89mk[38;2;53;65;98mp [38;2;204;207;216m~[38;2;41;54;89mkk                                 [0m
                                          [38;2;41;54;89mkkk                                   [0m
                       [38;2;245;98;98mr[38;2;248;100;100mj                                                       [0m
                   [38;2;245;98;98mr [38;2;240;96;97mx[38;2;224;90;92mu                                                         [0m
             [38;2;136;54;54mZ[38;2;245;98;98mr  [38;2;240;96;97mx[38;2;236;95;96mx                                                             [0m
                                                                                [0m
                                                                                [0m
                                                                                [0m
