                                                                                [0m
                                                                                [0m
                                                                                [0m
                                                                                [0m
                                                                                [0m
                                                                                [0m
                                                                                [0m
                           [38;2;52;105;132mQ[38;2;96;194;241m1                                                   [0m
                          [38;2;88;176;221mt[38;2;98;196;242m111                             [38;2;22;29;51mM[38;2;38;52;87mk[38;2;41;54;89mkkk[38;2;36;49;84mh[38;2;35;48;82mh[38;2;36;49;84mh[38;2;35;48;82mh[38;2;36;49;84mh[38;2;35;48;82mh[38;2;36;49;84mh         [0m
                         [38;2;94;191;237m)[38;2;98;196;242m11111[38;2;64;119;158mU                     [38;2;33;44;77ma[38;2;35;48;82mh[38;2;36;49;84mh[38;2;41;54;89mkkk[38;2;138;73;92mL[38;2;248;100;100mjjjj[38;2;245;98;98mrrrrr[38;2;65;56;88mp[38;2;36;49;84mh         [0m
                           [38;2;95;192;239m)[38;2;98;196;242m1                    [38;2;34;46;79ma[38;2;35;48;82mh[38;2;36;49;84mh[38;2;45;71;109mq[38;2;91;183;228m|[38;2;43;64;101md[38;2;36;49;84mh[38;2;41;54;89mk[38;2;248;100;100mjjjjjjj[38;2;245;98;98mrrrrr[38;2;35;48;82mh[38;2;36;49;84mh         [0m
                                              [38;2;41;54;89mkk[38;2;35;48;82mh[38;2;88;176;221mt[38;2;94;191;237m)[38;2;95;192;239m)[38;2;94;191;237m)[38;2;95;192;239m)[38;2;94;191;237m))[38;2;54;94;133m0[38;2;41;54;89mk[38;2;76;59;88mq[38;2;248;100;100mjjjjj[38;2;245;98;98mrrrrr[38;2;35;48;82mh[38;2;36;49;84mh         [0m
                                            [38;2;37;50;85mh[38;2;36;49;84mh[38;2;54;94;133m0[38;2;95;194;240m)[38;2;98;196;242m1[38;2;97;196;242m1[38;2;98;196;242m1[38;2;97;196;242m1[38;2;98;196;242m1[38;2;97;196;242m1[38;2;98;196;242m1[38;2;97;196;242m1[38;2;95;194;240m)[38;2;87;173;218mt[38;2;36;49;84mh[38;2;37;50;85mh[38;2;240;96;97mx[38;2;248;100;100mj[38;2;245;98;98mr[38;2;248;100;100mjjjjj[38;2;205;88;96mc[38;2;38;52;87mk[38;2;30;40;70mo         [0m
                                          [38;2;37;50;85mh[38;2;36;49;84mh[38;2;74;141;183mv[38;2;95;194;240m)[38;2;96;194;241m1[38;2;95;194;240m)[38;2;98;196;242m1[38;2;97;196;242m1[38;2;98;196;242m1[38;2;97;196;242m1[38;2;98;196;242m1[38;2;97;196;242m1[38;2;98;196;242m1[38;2;97;196;242m1[38;2;95;194;240m)[38;2;96;194;241m1[38;2;95;194;240m)[38;2;75;145;187mu[38;2;36;49;84mh[38;2;37;50;85mh[38;2;236;95;96mx[38;2;248;100;100mjjjjj[38;2;39;50;86mh[38;2;38;52;87mk          [0m
                                       [38;2;24;32;55m#[38;2;37;50;85mh[38;2;36;49;84mh[38;2;77;150;192mn[38;2;95;194;240m)[38;2;96;194;241m1[38;2;95;194;240m)[38;2;96;194;241m1[38;2;95;194;240m)[38;2;98;196;242m1[38;2;97;196;242m1[38;2;98;196;242m1[38;2;97;196;242m1[38;2;98;196;242m1[38;2;97;196;242m1[38;2;98;196;242m1[38;2;97;196;242m1[38;2;95;194;240m)[38;2;96;194;241m1[38;2;95;194;240m)[38;2;96;194;241m1[38;2;95;194;240m)[38;2;85;170;214mf[38;2;36;49;84mh[38;2;37;50;85mh[38;2;57;54;87md[38;2;248;100;100mjj[38;2;216;90;94mu[38;2;38;51;87mk[38;2;34;46;79ma          [0m
                                      [38;2;38;51;87mk[38;2;38;52;87mk[38;2;71;134;175mz[38;2;95;194;240m)[38;2;96;194;241m1[38;2;95;194;240m)[38;2;96;194;241m1[38;2;95;194;240m)[38;2;96;194;241m1[38;2;95;194;240m)[38;2;98;196;242m1[38;2;97;196;242m1[38;2;98;196;242m1[38;2;97;196;242m1[38;2;98;196;242m1[38;2;97;196;242m1[38;2;98;196;242m1[38;2;97;196;242m1[38;2;95;194;240m)[38;2;96;194;241m1[38;2;95;194;240m)[38;2;96;194;241m1[38;2;95;194;240m)[38;2;96;194;241m1[38;2;95;194;240m)[38;2;94;191;237m)[38;2;63;114;155mJ[38;2;38;52;87mk[38;2;38;51;87mk[38;2;38;52;87mk[38;2;38;51;87mk           [0m
                                    [38;2;31;43;74mo[38;2;36;49;84mh[38;2;54;92;131m0[38;2;95;192;239m)[38;2;98;196;242m11111111[38;2;95;192;239m)[38;2;94;191;237m)[38;2;95;192;239m)[38;2;94;191;237m)[38;2;95;192;239m)[38;2;94;191;237m)[38;2;95;192;239m)[38;2;94;191;237m)[38;2;98;196;242m11111111[38;2;94;191;237m)[38;2;95;192;239m)[38;2;41;62;98md[38;2;36;49;84mh[38;2;20;27;47mW           [0m
                                  [38;2;17;24;42m&[38;2;36;49;84mh[38;2;38;53;89mk[38;2;95;192;239m)[38;2;94;191;237m)[38;2;95;192;239m)[38;2;98;196;242m11111111[38;2;95;192;239m)[38;2;94;191;237m)[38;2;95;192;239m)[38;2;94;191;237m)[38;2;95;192;239m)[38;2;94;191;237m)[38;2;95;192;239m)[38;2;94;191;237m)[38;2;98;196;242m11111111[38;2;94;191;237m)[38;2;82;163;206mj[38;2;35;48;82mh[38;2;26;35;61m*            [0m
                                 [38;2;36;49;84mh[38;2;35;48;82mh[38;2;94;191;237m))[38;2;95;192;239m)[38;2;94;191;237m)[38;2;95;192;239m)[38;2;98;196;242m11111111[38;2;95;192;239m)[38;2;94;191;237m)[38;2;95;192;239m)[38;2;94;191;237m)[38;2;95;192;239m)[38;2;94;191;237m)[38;2;95;192;239m)[38;2;94;191;237m)[38;2;98;196;242m11111111[38;2;71;134;175mz[38;2;36;49;84mh[38;2;25;34;58m#             [0m
                              [38;2;22;29;51mM[38;2;41;54;89mk[38;2;35;48;82mh[38;2;85;170;214mf[38;2;94;191;237m)[38;2;95;192;239m)[38;2;94;191;237m)[38;2;95;192;239m)[38;2;94;191;237m)[38;2;95;192;239m)[38;2;98;196;242m11111111[38;2;95;192;239m)[38;2;94;191;237m)[38;2;95;192;239m)[38;2;94;191;237m)[38;2;95;192;239m)[38;2;94;191;237m)[38;2;95;192;239m)[38;2;94;191;237m)[38;2;98;196;242m111111[38;2;93;187;233m([38;2;41;54;89mk[38;2;35;48;82mh               [0m
                             [38;2;33;44;77ma[38;2;37;50;85mh[38;2;59;104;144mL[38;2;97;196;242m11[38;2;95;192;239m)[38;2;79;154;197mx[38;2;62;111;151mC[38;2;88;176;221mt[38;2;98;196;242m1[38;2;97;196;242m1[38;2;95;194;240m)[38;2;96;194;241m1[38;2;95;194;240m)[38;2;96;194;241m1[38;2;95;194;240m)[38;2;96;194;241m1[38;2;95;194;240m)[38;2;96;194;241m1[38;2;97;196;242m1[38;2;98;196;242m1[38;2;97;196;242m1[38;2;98;196;242m1[38;2;97;196;242m1[38;2;98;196;242m1[38;2;97;196;242m1[38;2;98;196;242m1[38;2;96;194;241m1[38;2;95;194;240m)[38;2;96;194;241m1[38;2;95;194;240m)[38;2;96;194;241m1[38;2;74;141;183mv[38;2;37;50;85mh[38;2;35;48;82mh                [0m
                           [38;2;34;46;79ma[38;2;37;50;85mh[38;2;36;49;84mh[38;2;37;50;85mh[38;2;36;49;84mh[38;2;38;52;87mk[38;2;80;90;118mQ[38;2;144;150;166mf[38;2;84;165;210mj[38;2;98;196;242m1[38;2;97;196;242m1[38;2;98;196;242m1[38;2;97;196;242m1[38;2;95;194;240m)[38;2;96;194;241m1[38;2;95;194;240m)[38;2;96;194;241m1[38;2;95;194;240m)[38;2;96;194;241m1[38;2;95;194;240m)[38;2;96;194;241m1[38;2;97;196;242m1[38;2;98;196;242m1[38;2;97;196;242m1[38;2;98;196;242m1[38;2;97;196;242m1[38;2;98;196;242m1[38;2;97;196;242m1[38;2;98;196;242m1[38;2;96;194;241m1[38;2;95;194;240m)[38;2;96;194;241m1[38;2;82;163;206mj[38;2;37;50;85mh[38;2;36;49;84mh                  [0m
                         [38;2;33;44;77ma[38;2;37;50;85mh[38;2;88;98;125mC [38;2;253;253;253m. . [38;2;208;237;250mI[38;2;98;196;242m1[38;2;97;196;242m1[38;2;98;196;242m1[38;2;97;196;242m1[38;2;98;196;242m1[38;2;97;196;242m1[38;2;95;194;240m)[38;2;96;194;241m1[38;2;95;194;240m)[38;2;96;194;241m1[38;2;95;194;240m)[38;2;96;194;241m1[38;2;95;194;240m)[38;2;96;194;241m1[38;2;97;196;242m1[38;2;98;196;242m1[38;2;97;196;242m1[38;2;98;196;242m1[38;2;97;196;242m1[38;2;98;196;242m1[38;2;97;196;242m1[38;2;98;196;242m1[38;2;96;194;241m1[38;2;84;165;210mj[38;2;37;50;85mh[38;2;36;49;84mh                    [0m
                       [38;2;38;52;87mk[38;2;37;50;85mh[38;2;59;71;103mw [38;2;253;253;253m. . [38;2;166;221;247m~[38;2;98;196;242m1[38;2;97;196;242m1[38;2;98;196;242m1[38;2;97;196;242m1[38;2;98;196;242m1[38;2;97;196;242m1[38;2;98;196;242m1[38;2;97;196;242m1[38;2;95;194;240m)[38;2;96;194;241m1[38;2;95;194;240m)[38;2;96;194;241m1[38;2;95;194;240m)[38;2;96;194;241m1[38;2;95;194;240m)[38;2;96;194;241m1[38;2;97;196;242m1[38;2;98;196;242m1[38;2;97;196;242m1[38;2;98;196;242m1[38;2;97;196;242m1[38;2;98;196;242m1[38;2;97;196;242m1[38;2;39;56;93mb[38;2;37;50;85mh[38;2;36;49;84mh                      [0m
                       [38;2;36;49;84mh[38;2;41;54;89mkk[38;2;59;71;103mw[38;2;213;216;222m>  [38;2;128;207;244m[[38;2;98;196;242m1[38;2;95;192;239m)[38;2;94;191;237m)[38;2;95;192;239m)[38;2;94;191;237m)[38;2;95;192;239m)[38;2;94;191;237m)[38;2;95;192;239m)[38;2;94;191;237m)[38;2;98;196;242m11111111[38;2;94;191;237m)[38;2;95;192;239m)[38;2;94;191;237m)[38;2;95;192;239m)[38;2;94;191;237m)[38;2;59;104;144mL[38;2;35;48;82mh[38;2;36;49;84mh[38;2;26;35;61m*                       [0m
                         [38;2;41;54;89mkk[38;2;38;52;87mk[38;2;57;100;140mQ[38;2;98;196;242m111[38;2;95;192;239m)[38;2;94;191;237m)[38;2;95;192;239m)[38;2;94;191;237m)[38;2;95;192;239m)[38;2;94;191;237m)[38;2;95;192;239m)[38;2;94;191;237m)[38;2;98;196;242m11111111[38;2;94;191;237m)[38;2;95;192;239m)[38;2;94;191;237m)[38;2;41;59;97mb[38;2;35;48;82mh[38;2;34;46;79ma                          [0m
                       [38;2;36;49;84mh[38;2;41;54;89mk[38;2;170;175;189m}  [38;2;41;54;89mkk[38;2;63;114;155mJ[38;2;98;196;242m1[38;2;95;192;239m)[38;2;94;191;237m)[38;2;95;192;239m)[38;2;94;191;237m)[38;2;95;192;239m)[38;2;94;191;237m)[38;2;95;192;239m)[38;2;94;191;237m)[38;2;98;196;242m11111111[38;2;93;187;233m([38;2;36;49;84mh[38;2;35;48;82mh[38;2;22;29;51mM                            [0m
                      [38;2;35;48;82mh[38;2;93;104;130mJ      [38;2;41;54;89mkk[38;2;36;49;84mh[38;2;94;191;237m)[38;2;95;192;239m)[38;2;94;191;237m)[38;2;95;192;239m)[38;2;94;191;237m)[38;2;95;192;239m)[38;2;94;191;237m)[38;2;98;196;242m111111[38;2;38;52;87mk[38;2;41;54;89mk[38;2;35;48;82mh                               [0m
                      [38;2;38;52;87mk[38;2;38;51;87mk[38;2;41;54;89mk [38;2;253;253;253m. . .[38;2;164;170;185m)[38;2;38;51;87mk[38;2;38;52;87mk[38;2;62;110;151mC[38;2;98;196;242m1[38;2;97;196;242m1[38;2;98;196;242m1[38;2;97;196;242m1[38;2;98;196;242m1[38;2;96;194;241m1[38;2;95;194;240m)[38;2;96;194;241m1[38;2;95;194;240m)[38;2;38;53;89mk[38;2;36;49;84mh[38;2;37;50;85mh                                 [0m
                   [38;2;190;76;76mY    [38;2;25;34;58m#[38;2;37;50;85mh[38;2;41;54;89mk [38;2;253;253;253m. .   [38;2;38;51;87mk[38;2;38;52;87mk[38;2;62;111;151mC[38;2;98;196;242m1[38;2;97;196;242m1[38;2;98;196;242m1[38;2;96;194;241m1[38;2;81;158;202mx[38;2;37;50;85mh[38;2;36;49;84mh[38;2;30;40;70mo                                   [0m
                 [38;2;205;82;82mz[38;2;248;100;100mj       [38;2;25;34;58m#[38;2;37;50;85mh[38;2;41;54;89mk [38;2;253;253;253m.   [38;2;246;246;248m'[38;2;38;52;87mk[38;2;38;51;87mkk[38;2;60;108;148mC[38;2;38;51;87mk[38;2;37;50;85mh[38;2;36;49;84mh                                      [0m
               [38;2;245;98;98mr[38;2;248;100;100mj           [38;2;25;34;58m#[38;2;37;50;85mh[38;2;41;54;89mk[38;2;133;141;160mr[38;2;38;51;87mk[38;2;38;52;87mk[38;2;38;51;87mk   [38;2;28;38;65m*                                         [0m
              [38;2;248;100;100mj       [38;2;205;82;82mz[38;2;136;54;54mZ      [38;2;41;54;89mkk[38;2;31;43;74mo                                               [0m
                    [38;2;151;60;60m0[38;2;245;98;98mr                                                          [0m
              [38;2;248;100;100mj    [38;2;245;98;98mr                                                            [0m
                                                                                [0m
                                                                                [0m
                                                                                [0m
                                                                                [0m
                                                                                [0m
