                                                                                [0m
                                                                                [0m
                                                                                [0m
                                                                                [0m
                                                                                [0m
                                                                                [0m
                                                                                [0m
                           [38;2;94;191;237m)[38;2;96;194;241m1                                       [38;2;22;29;51mM[38;2;26;35;61m**         [0m
                          [38;2;98;196;242m1111[38;2;77;150;192mn                            [38;2;36;49;84mh[38;2;41;54;89mkkkk[38;2;36;49;84mh[38;2;35;48;82mh[38;2;36;49;84mh[38;2;35;48;82mh[38;2;36;49;84mh[38;2;35;48;82mh[38;2;36;49;84mh         [0m
                        [38;2;52;105;132mQ[38;2;98;196;242m1111111[38;2;67;123;164mY                   [38;2;19;26;45mW[38;2;35;48;82mhh[38;2;36;49;84mh[38;2;41;54;89mk[38;2;38;52;87mk[38;2;111;67;90mO[38;2;248;100;100mjjjjj[38;2;245;98;98mrrrrr[38;2;35;48;82mh[38;2;36;49;84mh         [0m
                           [38;2;98;196;242m11[38;2;64;119;158mU                   [38;2;36;49;84mh[38;2;35;48;82mh[38;2;36;49;84mh[38;2;74;141;183mv[38;2;95;192;239m)[38;2;39;56;93mb[38;2;36;49;84mh[38;2;41;54;89mk[38;2;248;100;100mjjjjjjj[38;2;245;98;98mrrrrr[38;2;35;48;82mh[38;2;36;49;84mh         [0m
                                             [38;2;31;43;74mo[38;2;41;54;89mkk[38;2;47;78;113mw[38;2;95;192;239m)[38;2;94;191;237m)[38;2;95;192;239m)[38;2;94;191;237m)[38;2;95;192;239m)[38;2;94;191;237m)[38;2;93;187;233m([38;2;51;84;122mZ[38;2;41;54;89mk[38;2;76;59;88mq[38;2;248;100;100mjjjjj[38;2;245;98;98mrrrr[38;2;240;96;97mx[38;2;35;48;82mh[38;2;31;43;74mo         [0m
                                            [38;2;37;50;85mh[38;2;36;49;84mh[38;2;87;173;218mt[38;2;95;194;240m)[38;2;98;196;242m1[38;2;97;196;242m1[38;2;98;196;242m1[38;2;97;196;242m1[38;2;98;196;242m1[38;2;97;196;242m1[38;2;98;196;242m1[38;2;97;196;242m1[38;2;95;194;240m)[38;2;87;173;218mt[38;2;36;49;84mh[38;2;37;50;85mh[38;2;240;96;97mx[38;2;248;100;100mj[38;2;245;98;98mr[38;2;248;100;100mjjjjj[38;2;84;61;89mw[38;2;38;52;87mk          [0m
                                          [38;2;37;50;85mh[38;2;36;49;84mh[38;2;94;191;237m)[38;2;95;194;240m)[38;2;96;194;241m1[38;2;95;194;240m)[38;2;98;196;242m1[38;2;97;196;242m1[38;2;98;196;242m1[38;2;97;196;242m1[38;2;98;196;242m1[38;2;97;196;242m1[38;2;98;196;242m1[38;2;97;196;242m1[38;2;95;194;240m)[38;2;96;194;241m1[38;2;95;194;240m)[38;2;75;145;187mu[38;2;36;49;84mh[38;2;37;50;85mh[38;2;236;95;96mx[38;2;248;100;100mjjjjj[38;2;38;51;87mk[38;2;38;52;87mk          [0m
                                       [38;2;38;51;87mk[38;2;37;50;85mh[38;2;36;49;84mh[38;2;95;194;240m))[38;2;96;194;241m1[38;2;95;194;240m)[38;2;96;194;241m1[38;2;95;194;240m)[38;2;98;196;242m1[38;2;97;196;242m1[38;2;98;196;242m1[38;2;97;196;242m1[38;2;98;196;242m1[38;2;97;196;242m1[38;2;98;196;242m1[38;2;97;196;242m1[38;2;95;194;240m)[38;2;96;194;241m1[38;2;95;194;240m)[38;2;96;194;241m1[38;2;95;194;240m)[38;2;85;170;214mf[38;2;36;49;84mh[38;2;37;50;85mh[38;2;51;54;87mb[38;2;248;100;100mjj[38;2;84;61;89mw[38;2;38;51;87mk           [0m
                                     [38;2;35;48;82mh[38;2;38;51;87mk[38;2;54;92;131m0[38;2;94;191;237m)[38;2;95;194;240m)[38;2;96;194;241m1[38;2;95;194;240m)[38;2;96;194;241m1[38;2;95;194;240m)[38;2;96;194;241m1[38;2;95;194;240m)[38;2;98;196;242m1[38;2;97;196;242m1[38;2;98;196;242m1[38;2;97;196;242m1[38;2;98;196;242m1[38;2;97;196;242m1[38;2;98;196;242m1[38;2;97;196;242m1[38;2;95;194;240m)[38;2;96;194;241m1[38;2;95;194;240m)[38;2;96;194;241m1[38;2;95;194;240m)[38;2;96;194;241m1[38;2;95;194;240m))[38;2;67;123;164mY[38;2;38;52;87mk[38;2;38;51;87mk[38;2;38;52;87mk[38;2;37;50;85mh           [0m
                                    [38;2;35;48;82mh[38;2;36;49;84mh[38;2;87;173;218mt[38;2;95;192;239m)[38;2;98;196;242m11111111[38;2;95;192;239m)[38;2;94;191;237m)[38;2;95;192;239m)[38;2;94;191;237m)[38;2;95;192;239m)[38;2;94;191;237m)[38;2;95;192;239m)[38;2;94;191;237m)[38;2;98;196;242m11111111[38;2;94;191;237m)[38;2;95;192;239m)[38;2;36;49;84mhh            [0m
                                  [38;2;34;46;79ma[38;2;36;49;84mh[38;2;67;123;164mY[38;2;95;192;239m)[38;2;94;191;237m)[38;2;95;192;239m)[38;2;98;196;242m11111111[38;2;95;192;239m)[38;2;94;191;237m)[38;2;95;192;239m)[38;2;94;191;237m)[38;2;95;192;239m)[38;2;94;191;237m)[38;2;95;192;239m)[38;2;94;191;237m)[38;2;98;196;242m11111111[38;2;94;191;237m)[38;2;50;85;123mZ[38;2;35;48;82mh             [0m
                                [38;2;23;32;55m#[38;2;36;49;84mh[38;2;45;69;107mq[38;2;95;192;239m)[38;2;94;191;237m)[38;2;95;192;239m)[38;2;94;191;237m)[38;2;95;192;239m)[38;2;98;196;242m11111111[38;2;95;192;239m)[38;2;94;191;237m)[38;2;95;192;239m)[38;2;94;191;237m)[38;2;95;192;239m)[38;2;94;191;237m)[38;2;95;192;239m)[38;2;94;191;237m)[38;2;98;196;242m1111111[38;2;95;192;239m)[38;2;41;62;98md[38;2;36;49;84mh              [0m
                              [38;2;38;51;87mk[38;2;41;54;89mk[38;2;35;48;82mh[38;2;95;192;239m)[38;2;94;191;237m)[38;2;95;192;239m)[38;2;94;191;237m)[38;2;95;192;239m)[38;2;94;191;237m)[38;2;95;192;239m)[38;2;98;196;242m11111111[38;2;95;192;239m)[38;2;94;191;237m)[38;2;95;192;239m)[38;2;94;191;237m)[38;2;95;192;239m)[38;2;94;191;237m)[38;2;95;192;239m)[38;2;94;191;237m)[38;2;98;196;242m111111[38;2;64;119;158mU[38;2;41;54;89mk[38;2;35;48;82mh               [0m
                             [38;2;36;49;84mh[38;2;37;50;85mh[38;2;90;179;224m/[38;2;98;196;242m1[38;2;97;196;242m1[38;2;98;196;242m1[38;2;97;196;242m1[38;2;98;196;242m1[38;2;97;196;242m1[38;2;98;196;242m1[38;2;97;196;242m1[38;2;95;194;240m)[38;2;96;194;241m1[38;2;95;194;240m)[38;2;96;194;241m1[38;2;95;194;240m)[38;2;96;194;241m1[38;2;95;194;240m)[38;2;96;194;241m1[38;2;97;196;242m1[38;2;98;196;242m1[38;2;97;196;242m1[38;2;98;196;242m1[38;2;97;196;242m1[38;2;98;196;242m1[38;2;97;196;242m1[38;2;98;196;242m1[38;2;96;194;241m1[38;2;95;194;240m)[38;2;96;194;241m1[38;2;95;194;240m)[38;2;96;194;241m1[38;2;43;64;101md[38;2;37;50;85mh[38;2;19;26;45mW                [0m
                           [38;2;30;40;70mo[38;2;37;50;85mh[38;2;57;100;140mQ[38;2;96;194;241m1[38;2;95;194;240m)[38;2;98;196;242m1[38;2;97;196;242m1[38;2;98;196;242m1[38;2;97;196;242m1[38;2;98;196;242m1[38;2;97;196;242m1[38;2;94;191;237m)[38;2;96;194;241m1[38;2;95;194;240m)[38;2;96;194;241m1[38;2;95;194;240m)[38;2;96;194;241m1[38;2;95;194;240m)[38;2;96;194;241m1[38;2;95;194;240m)[38;2;96;194;241m1[38;2;97;196;242m1[38;2;98;196;242m1[38;2;97;196;242m1[38;2;98;196;242m1[38;2;97;196;242m1[38;2;98;196;242m1[38;2;97;196;242m1[38;2;98;196;242m1[38;2;96;194;241m1[38;2;95;194;240m)[38;2;96;194;241m1[38;2;49;81;119mm[38;2;37;50;85mh[38;2;33;44;77ma                  [0m
                          [38;2;37;50;85mh[38;2;36;49;84mh[38;2;96;194;241m1[38;2;95;194;240m)[38;2;96;194;241m1[38;2;95;194;240m)[38;2;98;196;242m1[38;2;94;191;237m)[38;2;48;78;116mw[38;2;38;51;87mk[38;2;38;52;87mk[38;2;38;51;87mk[38;2;52;88;126mZ[38;2;95;192;239m)[38;2;95;194;240m)[38;2;96;194;241m1[38;2;95;194;240m)[38;2;96;194;241m1[38;2;95;194;240m)[38;2;96;194;241m1[38;2;95;194;240m)[38;2;96;194;241m1[38;2;97;196;242m1[38;2;98;196;242m1[38;2;97;196;242m1[38;2;98;196;242m1[38;2;97;196;242m1[38;2;98;196;242m1[38;2;97;196;242m1[38;2;98;196;242m1[38;2;96;194;241m1[38;2;49;81;119mm[38;2;37;50;85mh[38;2;35;48;82mh                    [0m
                        [38;2;36;49;84mhh[38;2;82;163;206mj[38;2;95;194;240m)[38;2;96;194;241m1[38;2;95;194;240m)[38;2;96;194;241m1[38;2;65;121;162mU[38;2;38;52;87mk[38;2;38;51;87mk[38;2;199;202;212m+[38;2;253;253;253m.[38;2;98;196;242m1[38;2;97;196;242m1[38;2;98;196;242m1[38;2;97;196;242m1[38;2;95;194;240m)[38;2;96;194;241m1[38;2;95;194;240m)[38;2;96;194;241m1[38;2;95;194;240m)[38;2;96;194;241m1[38;2;95;194;240m)[38;2;96;194;241m1[38;2;97;196;242m1[38;2;98;196;242m1[38;2;97;196;242m1[38;2;98;196;242m1[38;2;97;196;242m1[38;2;98;196;242m1[38;2;87;173;218mt[38;2;38;52;87mk[38;2;37;50;85mh[38;2;33;44;77ma                      [0m
                        [38;2;41;54;89mkk[38;2;63;114;155mJ[38;2;98;196;242m111[38;2;41;57;93mb[38;2;41;54;89mk[38;2;36;49;84mh[38;2;250;251;252m^[38;2;219;239;249m;[38;2;94;191;237m)[38;2;95;192;239m)[38;2;94;191;237m)[38;2;95;192;239m)[38;2;94;191;237m)[38;2;98;196;242m11111111[38;2;94;191;237m)[38;2;95;192;239m)[38;2;94;191;237m)[38;2;95;192;239m)[38;2;94;191;237m)[38;2;36;49;84mh[38;2;35;48;82mh[38;2;30;40;70mo                        [0m
                        [38;2;30;40;70mo[38;2;41;54;89mkkk[38;2;43;64;101md[38;2;41;54;89mk[38;2;88;98;125mC [38;2;253;253;253m.[38;2;94;191;237m)[38;2;95;192;239m)[38;2;94;191;237m)[38;2;95;192;239m)[38;2;94;191;237m)[38;2;95;192;239m)[38;2;94;191;237m)[38;2;98;196;242m11111111[38;2;94;191;237m)[38;2;95;192;239m)[38;2;90;179;224m/[38;2;36;49;84mh[38;2;35;48;82mh                           [0m
                       [38;2;36;49;84mh[38;2;41;54;89mk[38;2;253;253;253m.  [38;2;41;54;89mk[38;2;38;53;89mk[38;2;41;54;89mk[38;2;87;173;218mt[38;2;95;192;239m)[38;2;94;191;237m)[38;2;95;192;239m)[38;2;94;191;237m)[38;2;95;192;239m)[38;2;94;191;237m)[38;2;95;192;239m)[38;2;94;191;237m)[38;2;98;196;242m11111111[38;2;71;134;175mz[38;2;36;49;84mh[38;2;35;48;82mh                             [0m
                     [38;2;34;46;79ma[38;2;35;48;82mh[38;2;213;216;222m>      [38;2;41;54;89mkk[38;2;36;49;84mh[38;2;94;191;237m)[38;2;95;192;239m)[38;2;94;191;237m)[38;2;95;192;239m)[38;2;94;191;237m)[38;2;95;192;239m)[38;2;94;191;237m)[38;2;98;196;242m11111[38;2;82;163;206mj[38;2;41;54;89mkk[38;2;34;46;79ma                               [0m
                      [38;2;38;52;87mk[38;2;38;51;87mk[38;2;41;54;89mk [38;2;253;253;253m. . .[38;2;164;170;185m)[38;2;38;51;87mk[38;2;38;52;87mk[38;2;61;113;152mJ[38;2;98;196;242m1[38;2;97;196;242m1[38;2;98;196;242m1[38;2;97;196;242m1[38;2;98;196;242m1[38;2;96;194;241m1[38;2;95;194;240m)[38;2;96;194;241m1[38;2;91;183;228m|[38;2;37;50;85mh[38;2;36;49;84mh[38;2;26;35;61m*                                 [0m
                     [38;2;205;82;82mz[38;2;248;100;100mj [38;2;25;34;58m#[38;2;37;50;85mh[38;2;41;54;89mk [38;2;253;253;253m. .   [38;2;38;51;87mk[38;2;38;52;87mk[38;2;63;114;155mJ[38;2;98;196;242m1[38;2;97;196;242m1[38;2;98;196;242m1[38;2;96;194;241m1[38;2;56;97;136mQ[38;2;37;50;85mh[38;2;36;49;84mh                                    [0m
                    [38;2;248;100;100mj   [38;2;151;60;60m0 [38;2;25;34;58m#[38;2;37;50;85mh[38;2;41;54;89mk [38;2;253;253;253m.   [38;2;150;156;173m/[38;2;38;52;87mk[38;2;38;51;87mk[38;2;38;52;87mk[38;2;46;73;110mq[38;2;38;52;87mk[38;2;37;50;85mh[38;2;30;40;70mo                                      [0m
                      [38;2;248;100;100mj[38;2;178;71;71mJ   J[38;2;25;34;58m#[38;2;37;50;85mh[38;2;41;54;89mkk[38;2;38;51;87mk[38;2;38;52;87mk[38;2;28;38;65m*                                             [0m
                              [38;2;41;54;89mk[38;2;38;52;87mk                                                [0m
            [38;2;248;100;100mj                                                                   [0m
          [38;2;248;100;100mj        [38;2;178;71;71mJ                                                            [0m
                                                                                [0m
                                                                                [0m
                                                                                [0m
                                                                                [0m
                                                                                [0m
