                                                                                [0m
                                                                                [0m
                                                                                [0m
                                                                                [0m
                                                                                [0m
                                                                                [0m
                                                                                [0m
                                                                    [38;2;20;27;47mW[38;2;25;34;58m#[38;2;26;35;61m*         [0m
                                                           [38;2;36;49;83mh[38;2;41;54;89mkkkk[38;2;36;49;84mh[38;2;35;48;82mh[38;2;36;49;84mh[38;2;35;48;82mh[38;2;36;49;84mh[38;2;35;48;82mh[38;2;36;49;84mh         [0m
                                                    [38;2;17;23;40m&[38;2;35;48;82mhh[38;2;36;49;84mh[38;2;41;54;89mk[38;2;38;52;87mk[38;2;101;65;90mZ[38;2;248;100;100mjjjjj[38;2;245;98;98mrrrrr[38;2;36;49;83mh[38;2;36;49;84mh         [0m
                                                 [38;2;36;49;84mh[38;2;35;48;82mh[38;2;36;49;84mh[38;2;71;137;178mc[38;2;95;192;239m)[38;2;43;66;104mp[38;2;36;49;84mh[38;2;41;54;89mk[38;2;248;100;100mjjjjjjj[38;2;245;98;98mrrrrr[38;2;35;48;82mh[38;2;36;49;84mh         [0m
                                             [38;2;30;40;70mo[38;2;41;54;89mkk[38;2;43;66;104mp[38;2;95;192;239m)[38;2;94;191;237m)[38;2;95;192;239m)[38;2;94;191;237m)[38;2;95;192;239m)[38;2;94;191;237m))[38;2;56;97;136mQ[38;2;41;54;89mk[38;2;65;56;88mp[38;2;248;100;100mjjjjj[38;2;245;98;98mrrrrr[38;2;35;48;82mh[38;2;33;44;77ma         [0m
                                            [38;2;37;50;85mh[38;2;36;49;84mh[38;2;84;165;210mj[38;2;95;194;240m)[38;2;98;196;242m1[38;2;97;196;242m1[38;2;98;196;242m1[38;2;97;196;242m1[38;2;98;196;242m1[38;2;97;196;242m1[38;2;98;196;242m1[38;2;97;196;242m1[38;2;95;194;240m)[38;2;90;179;224m/[38;2;36;49;84mh[38;2;37;50;85mh[38;2;236;95;96mx[38;2;248;100;100mj[38;2;245;98;98mr[38;2;248;100;100mjjjjj[38;2;111;67;90mO[38;2;38;52;87mk          [0m
                                          [38;2;37;50;85mh[38;2;36;49;84mh[38;2;93;187;233m([38;2;95;194;240m)[38;2;96;194;241m1[38;2;95;194;240m)[38;2;98;196;242m1[38;2;97;196;242m1[38;2;98;196;242m1[38;2;97;196;242m1[38;2;98;196;242m1[38;2;97;196;242m1[38;2;98;196;242m1[38;2;97;196;242m1[38;2;95;194;240m)[38;2;96;194;241m1[38;2;95;194;240m)[38;2;79;154;197mx[38;2;36;49;84mh[38;2;37;50;85mh[38;2;230;94;95mn[38;2;248;100;100mjjjjj[38;2;38;51;87mk[38;2;38;52;87mk          [0m
                                       [38;2;37;50;85mhh[38;2;36;49;84mh[38;2;95;192;239m)[38;2;95;194;240m)[38;2;96;194;241m1[38;2;95;194;240m)[38;2;96;194;241m1[38;2;95;194;240m)[38;2;98;196;242m1[38;2;97;196;242m1[38;2;98;196;242m1[38;2;97;196;242m1[38;2;98;196;242m1[38;2;97;196;242m1[38;2;98;196;242m1[38;2;97;196;242m1[38;2;95;194;240m)[38;2;96;194;241m1[38;2;95;194;240m)[38;2;96;194;241m1[38;2;95;194;240m)[38;2;88;176;221mt[38;2;36;49;84mh[38;2;37;50;85mh[38;2;45;52;86mk[38;2;248;100;100mjj[38;2;111;67;90mO[38;2;38;51;87mk[38;2;20;27;47mW          [0m
                                     [38;2;33;47;78ma[38;2;38;51;87mk[38;2;51;84;122mZ[38;2;93;187;233m([38;2;95;194;240m)[38;2;96;194;241m1[38;2;95;194;240m)[38;2;96;194;241m1[38;2;95;194;240m)[38;2;96;194;241m1[38;2;95;194;240m)[38;2;98;196;242m1[38;2;97;196;242m1[38;2;98;196;242m1[38;2;97;196;242m1[38;2;98;196;242m1[38;2;97;196;242m1[38;2;98;196;242m1[38;2;97;196;242m1[38;2;95;194;240m)[38;2;96;194;241m1[38;2;95;194;240m)[38;2;96;194;241m1[38;2;95;194;240m)[38;2;96;194;241m1[38;2;95;194;240m))[38;2;71;134;175mz[38;2;38;52;87mk[38;2;38;51;87mk[38;2;38;52;87mk[38;2;37;50;85mh           [0m
                                    [38;2;35;48;82mh[38;2;36;49;84mh[38;2;82;163;206mj[38;2;95;192;239m)[38;2;98;196;242m11111111[38;2;95;192;239m)[38;2;94;191;237m)[38;2;95;192;239m)[38;2;94;191;237m)[38;2;95;192;239m)[38;2;94;191;237m)[38;2;95;192;239m)[38;2;94;191;237m)[38;2;98;196;242m11111111[38;2;94;191;237m)[38;2;95;192;239m)[38;2;38;53;89mk[38;2;36;49;84mh            [0m
                                  [38;2;33;44;77ma[38;2;36;49;84mh[38;2;60;108;148mC[38;2;95;192;239m)[38;2;94;191;237m)[38;2;95;192;239m)[38;2;98;196;242m11111111[38;2;95;192;239m)[38;2;94;191;237m)[38;2;95;192;239m)[38;2;94;191;237m)[38;2;95;192;239m)[38;2;94;191;237m)[38;2;95;192;239m)[38;2;94;191;237m)[38;2;98;196;242m11111111[38;2;94;191;237m)[38;2;57;100;140mQ[38;2;35;48;82mh             [0m
                                [38;2;20;27;47mW[38;2;36;49;84mh[38;2;41;62;98md[38;2;95;192;239m)[38;2;94;191;237m)[38;2;95;192;239m)[38;2;94;191;237m)[38;2;95;192;239m)[38;2;98;196;242m11111111[38;2;95;192;239m)[38;2;94;191;237m)[38;2;95;192;239m)[38;2;94;191;237m)[38;2;95;192;239m)[38;2;94;191;237m)[38;2;95;192;239m)[38;2;94;191;237m)[38;2;98;196;242m11111111[38;2;45;71;109mq[38;2;36;49;84mh              [0m
                              [38;2;36;49;83mh[38;2;41;54;89mk[38;2;35;48;82mh[38;2;95;192;239m)[38;2;94;191;237m)[38;2;95;192;239m)[38;2;94;191;237m)[38;2;95;192;239m)[38;2;94;191;237m)[38;2;95;192;239m)[38;2;98;196;242m11111111[38;2;95;192;239m)[38;2;94;191;237m)[38;2;95;192;239m)[38;2;94;191;237m)[38;2;95;192;239m)[38;2;94;191;237m)[38;2;95;192;239m)[38;2;94;191;237m)[38;2;98;196;242m111111[38;2;71;134;175mz[38;2;41;54;89mk[38;2;35;48;82mh               [0m
                             [38;2;36;49;84mh[38;2;37;50;85mh[38;2;87;173;218mt[38;2;98;196;242m1[38;2;90;179;224m/[38;2;74;141;183mv[38;2;56;97;136mQ[38;2;41;57;93mb[38;2;84;165;210mj[38;2;98;196;242m1[38;2;97;196;242m1[38;2;95;194;240m)[38;2;96;194;241m1[38;2;95;194;240m)[38;2;96;194;241m1[38;2;95;194;240m)[38;2;96;194;241m1[38;2;95;194;240m)[38;2;96;194;241m1[38;2;97;196;242m1[38;2;98;196;242m1[38;2;97;196;242m1[38;2;98;196;242m1[38;2;97;196;242m1[38;2;98;196;242m1[38;2;97;196;242m1[38;2;98;196;242m1[38;2;96;194;241m1[38;2;95;194;240m)[38;2;96;194;241m1[38;2;95;194;240m)[38;2;96;194;241m1[38;2;45;71;109mq[38;2;37;50;85mh[38;2;23;32;55m#                [0m
                           [38;2;36;49;84mh[38;2;37;50;85mh[38;2;36;49;84mh[38;2;37;50;85mh[38;2;53;65;98mp[38;2;93;104;130mJ[38;2;162;167;182m)[38;2;226;227;232ml[38;2;97;196;242m1[38;2;98;196;242m1[38;2;97;196;242m1[38;2;98;196;242m1[38;2;97;196;242m1[38;2;95;194;240m)[38;2;96;194;241m1[38;2;95;194;240m)[38;2;96;194;241m1[38;2;95;194;240m)[38;2;96;194;241m1[38;2;95;194;240m)[38;2;96;194;241m1[38;2;97;196;242m1[38;2;98;196;242m1[38;2;97;196;242m1[38;2;98;196;242m1[38;2;97;196;242m1[38;2;98;196;242m1[38;2;97;196;242m1[38;2;98;196;242m1[38;2;96;194;241m1[38;2;95;194;240m)[38;2;96;194;241m1[38;2;54;92;131m0[38;2;37;50;85mh[38;2;34;46;79ma                  [0m
                         [38;2;36;49;84mh[38;2;37;50;85mh[38;2;196;199;209m_ [38;2;253;253;253m. . [38;2;128;207;244m[[38;2;98;196;242m1[38;2;97;196;242m1[38;2;98;196;242m1[38;2;97;196;242m1[38;2;98;196;242m1[38;2;97;196;242m1[38;2;95;194;240m)[38;2;96;194;241m1[38;2;95;194;240m)[38;2;96;194;241m1[38;2;95;194;240m)[38;2;96;194;241m1[38;2;95;194;240m)[38;2;96;194;241m1[38;2;97;196;242m1[38;2;98;196;242m1[38;2;97;196;242m1[38;2;98;196;242m1[38;2;97;196;242m1[38;2;98;196;242m1[38;2;97;196;242m1[38;2;98;196;242m1[38;2;96;194;241m1[38;2;54;92;131m0[38;2;37;50;85mh[38;2;35;48;82mh                    [0m
                       [38;2;38;52;87mk[38;2;37;50;85mh[38;2;155;161;178m| [38;2;253;253;253m. . [38;2;114;202;242m{[38;2;98;196;242m1[38;2;97;196;242m1[38;2;98;196;242m1[38;2;97;196;242m1[38;2;98;196;242m1[38;2;97;196;242m1[38;2;98;196;242m1[38;2;97;196;242m1[38;2;95;194;240m)[38;2;96;194;241m1[38;2;95;194;240m)[38;2;96;194;241m1[38;2;95;194;240m)[38;2;96;194;241m1[38;2;95;194;240m)[38;2;96;194;241m1[38;2;97;196;242m1[38;2;98;196;242m1[38;2;97;196;242m1[38;2;98;196;242m1[38;2;97;196;242m1[38;2;98;196;242m1[38;2;90;179;224m/[38;2;38;52;87mk[38;2;37;50;85mh[38;2;34;46;79ma                      [0m
                       [38;2;36;49;84mh[38;2;41;54;89mkkk[38;2;155;161;178m|  [38;2;98;196;242m11[38;2;95;192;239m)[38;2;94;191;237m)[38;2;95;192;239m)[38;2;94;191;237m)[38;2;95;192;239m)[38;2;94;191;237m)[38;2;95;192;239m)[38;2;94;191;237m)[38;2;98;196;242m11111111[38;2;94;191;237m)[38;2;95;192;239m)[38;2;94;191;237m)[38;2;95;192;239m)[38;2;94;191;237m)[38;2;38;53;89mk[38;2;35;48;82mh[38;2;31;43;74mo                        [0m
                        [38;2;26;35;61m*[38;2;41;54;89mkk[38;2;38;52;87mk[38;2;59;104;144mL[38;2;98;196;242m111[38;2;95;192;239m)[38;2;94;191;237m)[38;2;95;192;239m)[38;2;94;191;237m)[38;2;95;192;239m)[38;2;94;191;237m)[38;2;95;192;239m)[38;2;94;191;237m)[38;2;98;196;242m11111111[38;2;94;191;237m)[38;2;95;192;239m)[38;2;91;183;228m|[38;2;36;49;84mh[38;2;35;48;82mh[38;2;17;24;42m&                          [0m
                       [38;2;36;49;84mh[38;2;41;54;89mk[38;2;246;246;248m'  [38;2;41;57;93mb[38;2;41;54;89mk[38;2;59;104;144mL[38;2;98;196;242m1[38;2;95;192;239m)[38;2;94;191;237m)[38;2;95;192;239m)[38;2;94;191;237m)[38;2;95;192;239m)[38;2;94;191;237m)[38;2;95;192;239m)[38;2;94;191;237m)[38;2;98;196;242m11111111[38;2;68;124;166mY[38;2;36;49;84mh[38;2;35;48;82mh                             [0m
                     [38;2;31;43;74mo[38;2;35;48;82mh[38;2;196;199;209m_      [38;2;41;57;93mb[38;2;41;54;89mk[38;2;36;49;84mh[38;2;93;187;233m([38;2;95;192;239m)[38;2;94;191;237m)[38;2;95;192;239m)[38;2;94;191;237m)[38;2;95;192;239m)[38;2;94;191;237m)[38;2;98;196;242m11111[38;2;82;163;206mj[38;2;41;54;89mkk[38;2;35;48;82mh                               [0m
                      [38;2;38;52;87mk[38;2;38;51;87mk[38;2;36;49;84mh [38;2;253;253;253m. . .[38;2;183;187;199m[[38;2;41;54;89mk[38;2;38;52;87mk[38;2;57;100;140mQ[38;2;98;196;242m1[38;2;97;196;242m1[38;2;98;196;242m1[38;2;97;196;242m1[38;2;98;196;242m1[38;2;96;194;241m1[38;2;95;194;240m)[38;2;96;194;241m1[38;2;90;179;224m/[38;2;37;50;85mh[38;2;36;49;84mh[38;2;35;48;82mh                                 [0m
                        [38;2;22;29;51mM[38;2;37;50;85mh[38;2;36;49;84mh [38;2;253;253;253m. .   [38;2;41;54;89mk[38;2;38;52;87mk[38;2;57;100;140mQ[38;2;98;196;242m1[38;2;97;196;242m1[38;2;98;196;242m1[38;2;96;194;241m1[38;2;45;71;109mq[38;2;37;50;85mh[38;2;36;49;84mh               [38;2;96;194;241m1[38;2;71;137;178mc                   [0m
                          [38;2;22;29;51mM[38;2;37;50;85mh[38;2;36;49;84mh [38;2;253;253;253m.   [38;2;167;172;187m1[38;2;38;52;87mk[38;2;38;51;87mk[38;2;38;52;87mk[38;2;46;73;110mq[38;2;38;52;87mk[38;2;37;50;85mh[38;2;36;49;84mh                 [38;2;91;183;228m|                    [0m
                            [38;2;22;29;51mM[38;2;37;50;85mh[38;2;36;49;84mh[38;2;46;58;93md[38;2;38;51;87mk[38;2;38;52;87mk[38;2;30;40;70mo                                             [0m
                [38;2;240;96;97mx[38;2;162;65;65mL            [38;2;41;54;89mkk[38;2;17;23;40m&                                               [0m
                         [38;2;197;79;79mX[38;2;248;100;100mj                                                     [0m
                    [38;2;162;65;65mL[38;2;245;98;98mr r[38;2;248;100;100mj                                                       [0m
               [38;2;248;100;100mj[38;2;240;96;97mx  [38;2;245;98;98mr                                                            [0m
             [38;2;136;54;54mZ[38;2;245;98;98mr  [38;2;224;90;92mu[38;2;236;95;96mx                                                             [0m
                                                                                [0m
                                                                                [0m
                                                                                [0m
