                                                                                [0m
                                                                                [0m
                                                                                [0m
                                                                                [0m
                                                                                [0m
                                                                                [0m
                                                                                [0m
                                                                  [38;2;24;32;55m#[38;2;30;40;70mo[38;2;35;48;82mh[38;2;36;49;83mh[38;2;34;46;79ma         [0m
                                                          [38;2;36;49;83mh[38;2;41;54;89mkkkkk[38;2;36;49;84mh[38;2;35;48;82mh[38;2;36;49;84mh[38;2;35;48;82mh[38;2;39;50;86mh[38;2;35;48;82mh[38;2;36;49;84mh         [0m
                                                    [38;2;34;46;79ma[38;2;36;49;84mh[38;2;35;48;82mh[38;2;36;49;84mh[38;2;41;54;89mk[38;2;76;59;88mq[38;2;236;95;96mx[38;2;248;100;100mjjjjj[38;2;245;98;98mrrrrr[38;2;35;48;82mh[38;2;36;49;84mh         [0m
                                                [38;2;31;43;74mo[38;2;36;49;84mh[38;2;35;48;82mh[38;2;46;74;111mq[38;2;94;191;237m)[38;2;95;192;239m)[38;2;39;56;93mb[38;2;36;49;84mh[38;2;41;54;89mk[38;2;248;100;100mjjjjjjj[38;2;245;98;98mrrrrr[38;2;35;48;82mhh         [0m
                                             [38;2;41;54;89mkk[38;2;45;69;107mq[38;2;79;154;197mx[38;2;95;192;239m)[38;2;94;191;237m)[38;2;95;192;239m)[38;2;94;191;237m)[38;2;95;192;239m)[38;2;94;191;237m)[38;2;93;187;233m([38;2;51;84;122mZ[38;2;41;54;89mk[38;2;76;59;88mq[38;2;248;100;100mjjjjj[38;2;245;98;98mrrrr[38;2;124;70;91m0[38;2;35;48;82mh          [0m
                                           [38;2;30;40;70mo[38;2;37;50;85mh[38;2;41;57;93mb[38;2;37;50;85mh[38;2;69;128;170mX[38;2;98;196;242m1[38;2;97;196;242m1[38;2;98;196;242m1[38;2;97;196;242m1[38;2;98;196;242m1[38;2;97;196;242m1[38;2;98;196;242m1[38;2;97;196;242m1[38;2;95;194;240m)[38;2;87;173;218mt[38;2;36;49;84mh[38;2;37;50;85mh[38;2;240;96;97mx[38;2;248;100;100mj[38;2;245;98;98mr[38;2;248;100;100mjjjjj[38;2;40;51;86mk[38;2;38;52;87mk          [0m
                                         [38;2;33;44;77ma[38;2;37;50;85mh[38;2;93;104;130mJ [38;2;253;253;253m.[38;2;37;50;85mh[38;2;36;49;84mh[38;2;96;194;241m1[38;2;97;196;242m1[38;2;98;196;242m1[38;2;97;196;242m1[38;2;98;196;242m1[38;2;97;196;242m1[38;2;98;196;242m1[38;2;97;196;242m1[38;2;95;194;240m)[38;2;96;194;241m1[38;2;95;194;240m)[38;2;77;150;192mn[38;2;36;49;84mh[38;2;37;50;85mh[38;2;230;94;95mn[38;2;248;100;100mjjjjj[38;2;38;51;87mk[38;2;37;50;85mh          [0m
                                       [38;2;38;52;87mk[38;2;37;50;85mh[38;2;138;146;166mj [38;2;253;253;253m. [38;2;104;113;137mX[38;2;37;50;85mh[38;2;82;163;206mj[38;2;98;196;242m1[38;2;97;196;242m1[38;2;98;196;242m1[38;2;97;196;242m1[38;2;98;196;242m1[38;2;97;196;242m1[38;2;98;196;242m1[38;2;97;196;242m1[38;2;95;194;240m)[38;2;96;194;241m1[38;2;95;194;240m)[38;2;96;194;241m1[38;2;95;194;240m)[38;2;88;176;221mt[38;2;36;49;84mh[38;2;37;50;85mh[38;2;45;52;86mk[38;2;248;100;100mjj[38;2;40;51;86mk[38;2;38;51;87mk           [0m
                                     [38;2;38;52;87mk[38;2;38;51;87mk[38;2;104;113;137mX[38;2;170;175;189m}[38;2;231;233;236m;[38;2;192;196;207m-[38;2;53;65;98mp[38;2;37;50;85mh[38;2;36;49;84mh[38;2;95;192;239m)[38;2;95;194;240m)[38;2;98;196;242m1[38;2;97;196;242m1[38;2;98;196;242m1[38;2;97;196;242m1[38;2;98;196;242m1[38;2;97;196;242m1[38;2;98;196;242m1[38;2;97;196;242m1[38;2;95;194;240m)[38;2;96;194;241m1[38;2;95;194;240m)[38;2;96;194;241m1[38;2;95;194;240m)[38;2;96;194;241m1[38;2;95;194;240m)[38;2;96;194;241m1[38;2;73;137;179mc[38;2;38;52;87mk[38;2;38;51;87mk[38;2;38;52;87mk[38;2;28;38;65m*           [0m
                                    [38;2;35;48;82mh[38;2;36;49;84mh[38;2;77;150;192mn[38;2;38;53;89mk[38;2;41;54;89mkkk[38;2;48;78;116mw[38;2;94;191;237m)[38;2;98;196;242m111[38;2;95;192;239m)[38;2;94;191;237m)[38;2;95;192;239m)[38;2;94;191;237m)[38;2;95;192;239m)[38;2;94;191;237m)[38;2;95;192;239m)[38;2;94;191;237m)[38;2;98;196;242m11111111[38;2;94;191;237m)[38;2;95;192;239m)[38;2;35;48;82mh[38;2;36;49;84mh            [0m
                                  [38;2;35;48;82mh[38;2;36;49;84mh[38;2;91;183;228m|[38;2;95;192;239m)[38;2;94;191;237m)[38;2;95;192;239m)[38;2;98;196;242m11111111[38;2;95;192;239m)[38;2;94;191;237m)[38;2;95;192;239m)[38;2;94;191;237m)[38;2;95;192;239m)[38;2;94;191;237m)[38;2;95;192;239m)[38;2;94;191;237m)[38;2;98;196;242m11111111[38;2;94;191;237m)[38;2;36;49;84mh[38;2;35;48;82mh             [0m
                                [38;2;35;48;82mh[38;2;36;49;84mh[38;2;77;150;192mn[38;2;95;192;239m)[38;2;94;191;237m)[38;2;95;192;239m)[38;2;94;191;237m)[38;2;95;192;239m)[38;2;98;196;242m11111111[38;2;95;192;239m)[38;2;94;191;237m)[38;2;95;192;239m)[38;2;94;191;237m)[38;2;95;192;239m)[38;2;94;191;237m)[38;2;95;192;239m)[38;2;94;191;237m)[38;2;98;196;242m1111111[38;2;71;134;175mz[38;2;35;48;82mh[38;2;36;49;84mh              [0m
                              [38;2;41;54;89mkk[38;2;46;74;111mq[38;2;95;192;239m)[38;2;94;191;237m)[38;2;95;192;239m)[38;2;94;191;237m)[38;2;95;192;239m)[38;2;94;191;237m)[38;2;95;192;239m)[38;2;98;196;242m11111111[38;2;95;192;239m)[38;2;94;191;237m)[38;2;95;192;239m)[38;2;94;191;237m)[38;2;95;192;239m)[38;2;94;191;237m)[38;2;95;192;239m)[38;2;94;191;237m)[38;2;98;196;242m111111[38;2;41;57;93mb[38;2;41;54;89mk[38;2;34;46;79ma               [0m
                             [38;2;36;49;84mh[38;2;37;50;85mh[38;2;95;194;240m)[38;2;98;196;242m1[38;2;97;196;242m1[38;2;98;196;242m1[38;2;97;196;242m1[38;2;98;196;242m1[38;2;97;196;242m1[38;2;98;196;242m1[38;2;97;196;242m1[38;2;95;194;240m)[38;2;96;194;241m1[38;2;95;194;240m)[38;2;96;194;241m1[38;2;95;194;240m)[38;2;96;194;241m1[38;2;95;194;240m)[38;2;96;194;241m1[38;2;97;196;242m1[38;2;98;196;242m1[38;2;97;196;242m1[38;2;98;196;242m1[38;2;97;196;242m1[38;2;98;196;242m1[38;2;97;196;242m1[38;2;98;196;242m1[38;2;96;194;241m1[38;2;95;194;240m)[38;2;96;194;241m1[38;2;95;194;240m)[38;2;95;192;239m)[38;2;36;49;84mh[38;2;37;50;85mh                 [0m
                           [38;2;36;49;84mh[38;2;37;50;85mh[38;2;88;176;221mt[38;2;96;194;241m1[38;2;95;194;240m)[38;2;98;196;242m1[38;2;97;196;242m1[38;2;98;196;242m1[38;2;97;196;242m1[38;2;98;196;242m1[38;2;97;196;242m1[38;2;98;196;242m1[38;2;97;196;242m1[38;2;95;194;240m)[38;2;96;194;241m1[38;2;95;194;240m)[38;2;96;194;241m1[38;2;95;194;240m)[38;2;96;194;241m1[38;2;95;194;240m)[38;2;96;194;241m1[38;2;97;196;242m1[38;2;98;196;242m1[38;2;97;196;242m1[38;2;98;196;242m1[38;2;97;196;242m1[38;2;98;196;242m1[38;2;97;196;242m1[38;2;98;196;242m1[38;2;96;194;241m1[38;2;95;194;240m)[38;2;96;194;241m1[38;2;36;49;84mh[38;2;37;50;85mh                   [0m
                         [38;2;26;35;61m*[38;2;37;50;85mh[38;2;50;85;123mZ[38;2;96;194;241m1[38;2;95;194;240m)[38;2;96;194;241m1[38;2;95;194;240m)[38;2;98;196;242m1[38;2;97;196;242m1[38;2;98;196;242m1[38;2;97;196;242m1[38;2;98;196;242m1[38;2;97;196;242m1[38;2;98;196;242m1[38;2;97;196;242m1[38;2;95;194;240m)[38;2;96;194;241m1[38;2;95;194;240m)[38;2;96;194;241m1[38;2;95;194;240m)[38;2;96;194;241m1[38;2;95;194;240m)[38;2;96;194;241m1[38;2;97;196;242m1[38;2;98;196;242m1[38;2;97;196;242m1[38;2;98;196;242m1[38;2;97;196;242m1[38;2;98;196;242m1[38;2;97;196;242m1[38;2;98;196;242m1[38;2;95;194;240m)[38;2;36;49;84mh[38;2;37;50;85mh[38;2;19;26;45mW                    [0m
                       [38;2;31;43;74mo[38;2;37;50;85mh[38;2;36;49;84mh[38;2;96;194;241m1[38;2;95;194;240m)[38;2;96;194;241m1[38;2;95;194;240m)[38;2;96;194;241m1[38;2;95;194;240m)[38;2;98;196;242m1[38;2;97;196;242m1[38;2;98;196;242m1[38;2;97;196;242m1[38;2;98;196;242m1[38;2;97;196;242m1[38;2;98;196;242m1[38;2;97;196;242m1[38;2;95;194;240m)[38;2;96;194;241m1[38;2;94;191;237m)[38;2;62;111;151mC[38;2;95;194;240m)[38;2;96;194;241m1[38;2;95;194;240m)[38;2;96;194;241m1[38;2;97;196;242m1[38;2;98;196;242m1[38;2;97;196;242m1[38;2;98;196;242m1[38;2;97;196;242m1[38;2;98;196;242m1[38;2;56;96;135m0[38;2;38;52;87mk[38;2;37;50;85mh                       [0m
                        [38;2;41;54;89mkk[38;2;60;108;148mC[38;2;98;196;242m11111[38;2;95;192;239m)[38;2;94;191;237m)[38;2;95;192;239m)[38;2;94;191;237m)[38;2;95;192;239m)[38;2;94;191;237m)[38;2;95;192;239m)[38;2;94;191;237m)[38;2;98;196;242m11[38;2;41;57;93mb[38;2;41;54;89mk[38;2;98;196;242m1111[38;2;94;191;237m)[38;2;95;192;239m)[38;2;94;191;237m)[38;2;95;192;239m)[38;2;82;163;206mj[38;2;36;49;84mh[38;2;35;48;82mh                         [0m
                        [38;2;41;54;89mkkkk[38;2;60;108;148mC[38;2;98;196;242m111[38;2;95;192;239m)[38;2;94;191;237m)[38;2;95;192;239m)[38;2;94;191;237m)[38;2;95;192;239m)[38;2;94;191;237m)[38;2;95;192;239m)[38;2;114;202;242m{[38;2;250;251;252m^[38;2;242;243;246m,[38;2;41;54;89mk[38;2;63;114;155mJ[38;2;98;196;242m1111[38;2;94;191;237m)[38;2;95;192;239m)[38;2;60;108;148mC[38;2;36;49;84mh[38;2;35;48;82mh                           [0m
                      [38;2;31;43;74mo[38;2;36;49;84mh[38;2;41;54;89mk   kk[38;2;60;108;148mC[38;2;98;196;242m1[38;2;95;192;239m)[38;2;94;191;237m)[38;2;95;192;239m)[38;2;94;191;237m)[38;2;95;192;239m))[38;2;253;253;253m.[38;2;250;251;252m^ [38;2;41;54;89mkk[38;2;98;196;242m1111[38;2;84;165;210mj[38;2;41;62;98md[38;2;36;49;84mh[38;2;33;44;77ma                             [0m
                     [38;2;36;49;84mh[38;2;35;48;82mh[38;2;253;253;253m.      [38;2;41;54;89mkk[38;2;36;49;84mh[38;2;94;191;237m)[38;2;95;192;239m)[38;2;94;191;237m)[38;2;250;251;252m^^[38;2;231;233;236m;[38;2;35;48;82mh[38;2;41;54;89mk[38;2;54;94;133m0[38;2;98;196;242m111[38;2;49;81;119mm[38;2;41;54;89mkk[38;2;20;27;47mW                               [0m
                      [38;2;38;52;87mk[38;2;38;51;87mk[38;2;37;50;85mh [38;2;253;253;253m. . .[38;2;174;179;192m{[38;2;38;51;87mk[38;2;38;52;87mk[38;2;54;92;131m0[38;2;38;52;87mk [38;2;100;109;135mY[38;2;38;51;87mk[38;2;45;69;107mq[38;2;90;179;224m/[38;2;95;194;240m)[38;2;96;194;241m1[38;2;64;119;158mU[38;2;37;50;85mh[38;2;36;49;84mh                                  [0m
                   [38;2;190;76;76mY    [38;2;23;31;53m#[38;2;37;50;85mhh [38;2;253;253;253m. .   [38;2;38;51;87mk[38;2;38;52;87mk[38;2;38;51;87mk[38;2;38;53;89mk[38;2;97;196;242m1[38;2;98;196;242m1[38;2;95;194;240m)[38;2;36;49;84mh[38;2;37;50;85mh[38;2;32;45;76ma              [38;2;48;98;121m0[38;2;96;194;241m1[38;2;85;170;214mf                   [0m
                 [38;2;205;82;82mz[38;2;248;100;100mj       [38;2;23;31;53m#[38;2;37;50;85mhh [38;2;253;253;253m.   [38;2;46;62;97md[38;2;38;52;87mk[38;2;38;51;87mk[38;2;38;52;87mk[38;2;38;51;87mk[38;2;38;52;87mk[38;2;37;50;85mh                  [38;2;96;194;241m1                    [0m
               [38;2;245;98;98mr[38;2;248;100;100mj           [38;2;23;31;53m#[38;2;37;50;85mhhh[38;2;38;51;87mk[38;2;38;52;87mk                                              [0m
              [38;2;248;100;100mj       [38;2;205;82;82mz[38;2;136;54;54mZ      [38;2;41;54;89mk[38;2;22;29;51mM                                                [0m
                    [38;2;151;60;60m0[38;2;245;98;98mr                                                          [0m
              [38;2;248;100;100mj    [38;2;245;98;98mr                                                            [0m
                                                                                [0m
                                                                                [0m
                                                                                [0m
                                                                                [0m
                                                                                [0m
