                                                                                [0m
                                                                                [0m
                                                                                [0m
                                                                                [0m
                                      [38;2;179;97;147mvv[38;2;89;47;88mp[38;2;112;44;95mww                                     [0m
                                   [38;2;215;137;178m([38;2;255;180;213m~~~~~[38;2;215;137;178m([38;2;153;73;105mC[38;2;177;110;148mn[38;2;255;180;213m~~[38;2;189;122;158mj                                 [0m
                        [38;2;178;94;146mv[38;2;255;180;213m~[38;2;222;143;184m1[38;2;106;49;90mw     [38;2;186;101;151mn[38;2;217;139;181m)[38;2;255;180;213m~~~~~~[38;2;241;167;201m?[38;2;107;50;103mww[38;2;183;101;161mn[38;2;255;180;213m~[38;2;253;175;210m+[38;2;103;47;88mq                                [0m
                          [38;2;222;143;184m1[38;2;255;180;213m~[38;2;188;107;155mx[38;2;210;115;164mf[38;2;241;167;201m?[38;2;253;175;210m+[38;2;255;180;213m~~~~~~~~~~~~[38;2;253;175;210m+[38;2;238;131;180m))[38;2;112;44;95mw                                [0m
                           [38;2;223;122;170m/[38;2;255;180;213m~~~~~~~~~[38;2;246;150;186m][38;2;238;131;180m)))))))))[38;2;112;44;95mw                                [0m
                         [38;2;247;156;197m[[38;2;255;180;213m~~~~~~~[38;2;247;156;197m[[38;2;238;131;180m)[38;2;247;156;197m[[38;2;255;180;213m~~[38;2;137;95;115mY[38;2;119;65;90mOO[38;2;238;131;180m)))))[38;2;107;58;100mm                                 [0m
                      [38;2;172;91;139mc[38;2;255;183;216m~[38;2;255;180;213m~~~~~~~[38;2;254;179;200m+[38;2;238;131;180m))[38;2;121;67;92m0[38;2;89;47;88mp[38;2;121;60;101mO[38;2;255;180;213m~[38;2;254;179;200m++[38;2;252;166;199m-[38;2;255;180;213m~[38;2;253;175;210m+[38;2;107;58;100mm[38;2;114;54;96mm                                   [0m
                      [38;2;250;170;205m-[38;2;255;180;213m~~~~~~~~[38;2;238;131;180m)[38;2;240;132;182m)[38;2;89;47;88mp    [38;2;119;57;99mZ[38;2;240;132;182m))[38;2;106;49;90mw                                      [0m
                     [38;2;217;139;181m)[38;2;255;180;213m~~~~~~~~~[38;2;240;132;182m)[38;2;103;47;88mq                                               [0m
                    [38;2;107;58;100mm[38;2;252;166;199m-[38;2;255;180;213m~~~~~~~~~[38;2;255;183;216m~[38;2;106;49;90mw                                               [0m
                  [38;2;188;107;155mx[38;2;250;170;205m-[38;2;255;183;216m~[38;2;255;180;213m~~~~~~~~~~[38;2;255;183;216m~[38;2;106;49;90mw                                               [0m
                 [38;2;188;107;155mx[38;2;255;180;213m~~~~~~~~~~~~~~~[38;2;106;49;90mw                                              [0m
                [38;2;179;93;147mv[38;2;255;180;213m~~~~~~~~[38;2;253;175;210m+[38;2;247;156;197m[[38;2;255;180;213m~~~~~[38;2;255;183;216m~[38;2;106;49;90mw                                              [0m
               [38;2;149;76;120mJ[38;2;255;180;213m~~~[38;2;247;156;197m[[[38;2;172;90;135mz[38;2;167;90;132mz[38;2;238;131;180m)))[38;2;172;90;135mz[38;2;254;179;200m+[38;2;255;180;213m~~~[38;2;255;183;216m~[38;2;252;166;199m-[38;2;106;49;90mw                                              [0m
                [38;2;172;91;139mc[38;2;238;131;180m))))[38;2;125;86;105mC  [38;2;106;49;90mw[38;2;172;90;135mz[38;2;167;90;132mz[38;2;254;179;200m+[38;2;255;180;213m~~~[38;2;253;175;210m+[38;2;240;132;182m)[38;2;106;49;90mw                                              [0m
                  [38;2;179;94;140mv[38;2;238;131;180m)))[38;2;8;4;6m@  @[38;2;167;90;132mz[38;2;231;118;163m/[38;2;240;136;183m1[38;2;250;138;187m}[38;2;238;131;180m)[38;2;240;132;182m)[38;2;8;5;6m@                                               [0m
                   [38;2;8;4;6m@[38;2;238;131;180m))[38;2;255;133;183m}[38;2;8;4;6m@ [38;2;107;58;100mm[38;2;238;131;180m)[38;2;107;58;100mm[38;2;239;136;183m1[38;2;238;131;180m))[38;2;8;4;6m@                                                [0m
                  [38;2;177;110;148mn[38;2;247;171;206m-[38;2;226;124;172m|[38;2;68;32;57ma   [38;2;106;49;90mw[38;2;178;94;139mv[38;2;238;131;180m)[38;2;107;58;100mm[38;2;238;131;180m)[38;2;121;60;101mO                                                 [0m
                [38;2;187;92;154mv[38;2;255;180;213m~~[38;2;241;167;201m?[38;2;106;49;90mw     [38;2;119;65;90mO[38;2;107;58;100mm[38;2;240;136;183m11[38;2;238;131;180m)[38;2;106;49;90mw                                                [0m
              [38;2;179;97;147mv[38;2;255;183;216m~[38;2;255;180;213m~~[38;2;181;115;152mx       [38;2;172;90;135mz[38;2;107;58;100mm[38;2;255;180;213m~~[38;2;250;170;205m-[38;2;112;44;95mw                                                [0m
              [38;2;247;171;206m-[38;2;255;180;213m~[38;2;247;201;228mi[38;2;112;44;95mw        [38;2;172;90;135mz[38;2;107;58;100mm[38;2;255;180;213m~~~[38;2;112;44;95mw                                                [0m
             [38;2;217;139;181m)[38;2;189;122;158mj[38;2;181;115;152mx[38;2;112;44;95mw         [38;2;149;76;120mJ[38;2;114;54;96mm[38;2;255;180;213m~~[38;2;247;156;197m[[38;2;112;44;95mw                                                [0m
              [38;2;8;4;6m@            [38;2;252;166;199m-[38;2;255;180;213m~~[38;2;107;50;103mw                                                 [0m
                           [38;2;247;171;206m-[38;2;255;180;213m~~[38;2;107;50;103mw                                                 [0m
                           [38;2;255;187;219m<[38;2;97;43;84mp[38;2;180;114;151mx[38;2;106;49;90mw                                                 [0m
                            [38;2;112;44;95mw[38;2;142;73;118mC[38;2;107;58;100mm                                                 [0m
                             [38;2;177;110;148mn[38;2;255;183;216m~[38;2;112;44;95mw                                                [0m
                              [38;2;254;179;200m++[38;2;106;49;90mw               [38;2;179;97;147mv[38;2;255;180;213m~[38;2;247;171;206m-[38;2;121;60;101mO                            [0m
                              [38;2;106;49;90mw[38;2;255;205;234m![38;2;255;196;216m>[38;2;106;49;90mw             [38;2;179;97;147mv[38;2;255;180;213m~[38;2;255;212;237ml[38;2;255;180;213m~[38;2;107;50;103mw                            [0m
                               [38;2;112;44;95mw[38;2;180;114;151mx[38;2;250;170;205m-[38;2;150;89;132mY            [38;2;179;97;147mv[38;2;255;212;237ml[38;2;255;196;216m>[38;2;255;180;213m~[38;2;107;50;103mw                            [0m
                                  [38;2;177;110;148mn[38;2;255;183;216m~[38;2;121;60;101mO        O[38;2;241;167;201m?[38;2;255;180;213m~~~[38;2;177;110;148mn                             [0m
                                    [38;2;114;54;96mm[38;2;121;67;92m0[38;2;226;124;172m|[38;2;237;122;170m|[38;2;250;138;187m}[38;2;106;49;90mww[38;2;238;131;180m)[38;2;226;124;172m|[38;2;247;156;197m[[38;2;255;180;213m~[38;2;240;136;183m1[38;2;106;49;90mw[38;2;119;57;99mZ                              [0m
                                        [38;2;106;49;90mwwwww[38;2;68;32;57ma                                  [0m
                                                                                [0m
                                                                                [0m
                                                                                [0m
