                                                                                [0m
                                                                                [0m
                                                                                [0m
                                           [38;2;179;97;148mvv                                   [0m
                                          [38;2;217;139;181m)[38;2;255;183;216m~[38;2;176;95;145mv[38;2;255;180;213m~[38;2;187;92;154mv                                 [0m
                              [38;2;215;137;178m([38;2;217;139;181m)))[38;2;205;125;170mt[38;2;180;114;151mx[38;2;210;115;165mf[38;2;223;122;170m/[38;2;210;115;164mf [38;2;122;49;104mm  [38;2;215;137;178m([38;2;201;100;118mn[38;2;228;125;147m/[38;2;230;143;171m1[38;2;217;139;181m)[38;2;179;97;148mv                               [0m
                           [38;2;187;102;153mn[38;2;255;180;213m~[38;2;215;137;178m(        [38;2;106;49;90mww[38;2;237;122;170m|[38;2;227;124;173m|[38;2;120;59;100mZ  [38;2;217;139;181m)[38;2;255;180;213m~~[38;2;255;183;216m~[38;2;172;92;140mc                              [0m
                         [38;2;188;107;155mx[38;2;249;171;206m_[38;2;183;101;161mn          [38;2;179;97;148mv[38;2;106;49;90mw  [38;2;179;94;140mv[38;2;227;124;173m|[38;2;106;49;90mw [38;2;247;171;206m-[38;2;255;180;213m~~~[38;2;114;54;96mm                             [0m
                        [38;2;179;93;147mv[38;2;255;183;216m~[38;2;217;139;181m)          )[38;2;255;180;213m~[38;2;255;183;216m~[38;2;255;205;234m![38;2;106;49;90mw [38;2;241;138;185m}[38;2;237;122;170m|[38;2;106;49;90mw[38;2;179;97;148mv[38;2;255;197;216m>[38;2;255;180;213m~~[38;2;177;110;148mn                             [0m
                       [38;2;217;139;181m)[38;2;255;183;216m~[38;2;179;97;148mv             [38;2;218;125;161m/[38;2;228;125;147m/[38;2;210;115;164mf[38;2;106;49;90mw [38;2;107;58;100mm[38;2;200;115;157mj[38;2;8;5;6m@ [38;2;217;139;181m)[38;2;255;180;213m~[38;2;252;166;199m-[38;2;107;58;100mm                            [0m
                      [38;2;241;167;201m??[38;2;179;97;148mv               [38;2;106;49;90mw[38;2;255;180;213m~~[38;2;119;65;90mO [38;2;171;89;134mz[38;2;195;101;161mn [38;2;104;47;89mq[38;2;241;167;201m?[38;2;255;180;213m~~[38;2;104;47;89mq                           [0m
                     [38;2;215;137;178m([38;2;255;180;213m~[38;2;179;97;148mv                 [38;2;107;50;103mw[38;2;255;180;213m~[38;2;253;175;209m+[38;2;8;5;6m@[38;2;120;59;100mZ[38;2;227;124;173m|[38;2;150;89;132mY  [38;2;8;5;6m@@[38;2;238;131;180m)[38;2;227;124;173m|[38;2;238;131;180m)[38;2;8;5;6m@@                       [0m
                     [38;2;217;139;181m)[38;2;188;107;155mx                    [38;2;195;101;161mn[38;2;240;132;182m)[38;2;171;89;134mz[38;2;255;183;216m~[38;2;238;131;180m)[38;2;104;47;89mq    [38;2;171;89;134mz[38;2;238;131;180m)))[38;2;240;132;182m)[38;2;171;89;134mz                     [0m
                    [38;2;188;107;155mx[38;2;217;139;181m)                     [38;2;106;49;90mw[38;2;238;131;180m)[38;2;171;89;134mz[38;2;254;179;200m+[38;2;255;180;213m~[38;2;255;183;216m~[38;2;106;49;90mw  [38;2;149;76;120mJ[38;2;238;131;180m)))))))[38;2;106;49;90mw                   [0m
                   [38;2;179;97;148mv[38;2;255;180;213m~[38;2;215;137;178m(                     [38;2;106;49;90mw[38;2;238;131;180m)[38;2;172;92;140mc[38;2;252;166;199m-[38;2;255;180;213m~~~~[38;2;255;183;216m~[38;2;255;180;213m~[38;2;240;132;182m)[38;2;238;131;180m))))))[38;2;240;123;171m([38;2;98;44;84mp                  [0m
                   [38;2;254;179;200m+[38;2;247;171;206m-[38;2;179;97;148mv                      [38;2;106;49;90mw[38;2;248;157;198m[[38;2;249;171;206m_[38;2;255;180;213m~~~~~~~~[38;2;238;131;180m)))))[38;2;107;58;100mm                   [0m
                   [38;2;247;171;206m--[38;2;179;97;148mv                       [38;2;217;139;181m)[38;2;255;180;213m~[38;2;255;213;238mII[38;2;255;180;213m~~~~~~~[38;2;238;131;180m)))[38;2;240;132;182m)[38;2;106;49;90mw                   [0m
                   [38;2;247;171;206m-[38;2;255;180;213m~[38;2;217;139;181m)                       [38;2;177;110;148mn[38;2;249;171;206m_[38;2;255;180;213m~~~~[38;2;253;175;209m+[38;2;255;180;213m~~~~[38;2;255;183;216m~[38;2;238;131;180m))[38;2;107;58;100mm                    [0m
                   [38;2;247;201;228mi[38;2;255;183;216m~[38;2;217;139;181m)                        [38;2;254;179;200m+[38;2;255;180;213m~~~~~~~~~~[38;2;238;131;180m))[38;2;107;58;100mm                    [0m
                   [38;2;247;171;206m-[38;2;255;183;216m~[38;2;255;180;213m~[38;2;188;107;155mx                        x[38;2;255;183;216m~[38;2;255;180;213m~~~~~~~~[38;2;238;131;180m)[38;2;210;115;164mf[38;2;114;54;96mm                    [0m
                   [38;2;247;186;207m~[38;2;255;180;213m~~[38;2;240;132;182m)[38;2;179;97;148mv                        [38;2;179;93;147mv[38;2;255;183;216m~[38;2;255;180;213m~~~~~~[38;2;255;183;216m~[38;2;238;131;180m)[38;2;171;89;134mz                     [0m
                    [38;2;222;143;184m1[38;2;255;180;213m~[38;2;240;136;183m1[38;2;179;97;148mv                         [38;2;107;59;100mZ[38;2;233;148;189m{[38;2;255;180;213m~~~~[38;2;248;157;198m[[38;2;238;131;180m))[38;2;189;104;149mn[38;2;8;5;6m@                    [0m
                     [38;2;171;89;134mz[38;2;237;122;170m|[38;2;104;47;89mq                     [38;2;172;92;140mc[38;2;188;107;155mxx[38;2;106;49;90mw[38;2;114;54;96mm[38;2;103;49;87mq[38;2;227;128;175m|[38;2;238;131;180m)))))))[38;2;8;5;6m@[38;2;238;131;180m))[38;2;253;175;209m+[38;2;255;180;213m~[38;2;255;183;216m~[38;2;114;54;96mm[38;2;179;97;148mv             [0m
                                             [38;2;188;107;155mxx[38;2;104;47;89mq[38;2;98;44;84mp[38;2;240;136;183m1[38;2;238;131;180m)[38;2;107;59;100mZ[38;2;238;131;180m)))[38;2;240;132;182m)[38;2;238;131;180m)))[38;2;107;58;100mm[38;2;172;92;140mc[38;2;119;57;99mZ                  [0m
                                                  [38;2;142;73;118mC[38;2;103;47;88mq[38;2;238;131;180m)))))))[38;2;107;58;100mm                    [0m
                                                  [38;2;8;5;6m@[38;2;238;131;180m))))))[38;2;210;115;164mf[38;2;150;89;132mY                     [0m
                                               [38;2;179;97;148mv[38;2;179;93;147mv[38;2;255;186;218m<[38;2;255;196;226mi[38;2;255;180;213m~~~~~[38;2;240;132;182m)[38;2;255;180;213m~[38;2;247;171;206m--[38;2;254;179;200m+[38;2;179;97;148mv                  [0m
                                             [38;2;210;115;164mf[38;2;238;131;180m))[38;2;232;127;177m([38;2;240;136;183m1[38;2;255;180;213m~~~~~~~[38;2;253;175;209m+[38;2;238;131;180m)))[38;2;179;94;140mv                  [0m
                                              [38;2;238;131;180m)[38;2;255;183;216m~[38;2;255;180;213m~~~~~~~~[38;2;255;183;216m~[38;2;238;131;180m)))[38;2;237;122;170m|[38;2;106;49;90mw                  [0m
                                               [38;2;179;97;148mv[38;2;255;183;216m~[38;2;255;180;213m~~~~~~[38;2;248;157;198m[[38;2;238;131;180m)[38;2;171;89;134mz[38;2;197;99;150mn[38;2;238;131;180m)[38;2;237;122;170m|[38;2;106;49;90mw                  [0m
                                               [38;2;106;49;90mw[38;2;255;133;182m}[38;2;121;60;101mO[38;2;187;207;243m~[38;2;114;54;96mm[38;2;238;131;180m)))[38;2;240;132;182m)[38;2;104;47;89mq[38;2;20;61;109mk[38;2;145;162;188m|[38;2;227;128;175m|[38;2;106;49;90mw                   [0m
                                                 [38;2;120;59;100mZ[38;2;118;57;98mZ[38;2;179;97;148mv[38;2;240;136;183m1[38;2;238;131;180m))))[38;2;227;124;173m|[38;2;114;54;96mm                     [0m
                                                    [38;2;104;47;89mq[38;2;106;49;90mwwww                       [0m
                                                                                [0m
                                                                                [0m
                                                                                [0m
                                                                                [0m
                                                                                [0m
                                                                                [0m
                                                                                [0m
