                                                                                [0m
                                                                                [0m
                                                                                [0m
                                                                                [0m
                               [38;2;179;97;147mvv[38;2;187;92;154mv[38;2;255;183;216m~~~~~~~[38;2;179;97;147mvv                                     [0m
                            [38;2;186;101;151mn[38;2;236;158;197m][38;2;222;143;184m1[38;2;181;115;152mx [38;2;210;115;165mf      [38;2;106;49;90mw[38;2;210;115;165mf[38;2;177;110;148mn[38;2;215;137;178m([38;2;247;171;206m-[38;2;205;125;170mt[38;2;121;60;101mO                                 [0m
                          [38;2;222;143;184m1[38;2;246;182;212m+[38;2;254;179;200m+                 [38;2;237;122;170m|[38;2;240;132;182m)[38;2;107;58;100mm                               [0m
                       [38;2;179;97;147mv[38;2;249;171;206m_[38;2;246;182;212m+[38;2;222;143;184m1                     [38;2;97;43;84mp[38;2;237;122;170m|[38;2;106;49;90mw[38;2;179;97;147mv[38;2;106;49;90mw                           [0m
                      [38;2;247;214;228ml[38;2;255;212;237ml[38;2;246;182;212m+[38;2;247;171;206m-[38;2;179;97;147mv                      [38;2;107;58;100mm[38;2;210;115;164mf[38;2;247;171;206m-[38;2;246;182;212m+[38;2;181;115;152mx                          [0m
                     [38;2;217;139;181m)[38;2;246;182;212m+[38;2;248;157;198m[[38;2;240;132;182m)[38;2;149;76;120mJ                        [38;2;171;90;135mz[38;2;186;101;151mn[38;2;230;143;171m1[38;2;215;137;178m([38;2;118;57;99mZ                         [0m
                    [38;2;188;107;155mx[38;2;246;182;212m+[38;2;253;175;209m+[38;2;240;132;182m)[38;2;172;92;139mc                          [38;2;178;94;146mv[38;2;242;139;163m1[38;2;230;143;171m1[38;2;107;50;103mw                         [0m
                    [38;2;188;107;155mx[38;2;252;166;199m-[38;2;238;131;180m)[38;2;97;43;84mp                   [38;2;254;179;200m+[38;2;246;182;212m+[38;2;180;114;151mx     [38;2;118;57;99mZ[38;2;188;107;155mx[38;2;246;182;212m+[38;2;238;131;180m)[38;2;8;5;6m@                        [0m
                    [38;2;107;58;100mm[38;2;238;131;180m)[38;2;240;132;182m)[38;2;106;49;90mw                   [38;2;179;97;147mv[38;2;201;100;118mn[38;2;246;182;212m+[38;2;107;50;103mw    [38;2;106;49;90mw[38;2;238;131;180m)[38;2;217;139;181m)[38;2;255;183;216m~[38;2;8;5;6m@                        [0m
                     [38;2;122;49;104mm                      [38;2;218;125;161m/[38;2;242;151;193m][38;2;178;95;146mv     [38;2;172;92;139mc[38;2;217;139;181m)[38;2;246;182;212m+[38;2;240;132;182m)[38;2;8;5;6m@                       [0m
                                             [38;2;217;139;181m)[38;2;246;182;212m+[38;2;97;43;84mp    [38;2;114;54;96mm[38;2;210;115;165mf[38;2;249;171;206m_[38;2;240;136;183m1[38;2;118;57;99mZ                       [0m
                                             [38;2;188;107;155mx[38;2;247;171;206m-[38;2;255;183;216m~[38;2;8;5;6m@    [38;2;181;115;152mx[38;2;249;171;206m_[38;2;97;43;84mp[38;2;240;136;183m1[38;2;238;131;180m))[38;2;118;57;99mZ                    [0m
                                              [38;2;179;97;147mv[38;2;255;183;216m~~[38;2;106;49;90mw[38;2;103;47;88mq[38;2;106;49;90mw[38;2;8;5;6m@[38;2;217;139;181m)[38;2;104;47;88mq [38;2;89;47;88mp[38;2;238;131;180m)))[38;2;237;122;170m|[38;2;106;49;90mw                  [0m
                                               [38;2;181;115;152mx[38;2;255;183;216m~[38;2;242;151;193m][38;2;238;131;180m))[38;2;107;50;103mw[38;2;218;147;182m1[38;2;121;67;92m0 [38;2;180;114;151mx[38;2;246;182;212m+++[38;2;249;171;206m_[38;2;238;131;180m)[38;2;187;102;153mn                 [0m
                                                 [38;2;107;58;100mm[38;2;240;136;183m1[38;2;227;128;175m|[38;2;183;101;161mn[38;2;181;115;152mx[38;2;118;57;99mZ[38;2;255;183;216m~[38;2;246;182;212m++++[38;2;249;171;206m_[38;2;238;131;180m))[38;2;179;97;147mv                [0m
                                                 [38;2;188;107;155mx[38;2;246;182;212m+[38;2;253;175;209m+[38;2;246;182;212m+[38;2;254;179;200m+[38;2;246;182;212m++++++[38;2;253;175;209m+[38;2;238;131;180m))[38;2;104;47;88mq                [0m
                                                  [38;2;217;139;181m)[38;2;255;212;237mll[38;2;246;182;212m+++++[38;2;255;183;216m~[38;2;240;136;183m1[38;2;238;131;180m))[38;2;107;58;100mm                 [0m
                                                  [38;2;210;115;164mf[38;2;249;171;206m_[38;2;246;182;212m+++++[38;2;253;175;209m+[38;2;241;138;185m}[38;2;238;131;180m))[38;2;149;76;120mJ                  [0m
                                                   [38;2;227;125;173m|[38;2;246;182;212m++++++[38;2;240;132;182m)[38;2;238;131;180m))[38;2;8;5;6m@                  [0m
                                                   [38;2;179;97;147mv[38;2;246;182;212m+++++++[38;2;240;136;183m1[38;2;238;131;180m)[38;2;8;5;6m@                  [0m
                                                   [38;2;179;97;147mv[38;2;246;182;212m+++++++[38;2;240;136;183m1[38;2;106;49;90mw                   [0m
                                                   [38;2;215;137;178m([38;2;246;182;212m++++++[38;2;248;157;198m[[38;2;178;95;146mv                    [0m
                                                   [38;2;247;171;206m-[38;2;246;182;212m++++++[38;2;242;151;193m][38;2;8;5;6m@                    [0m
                                                  [38;2;215;137;178m([38;2;246;182;212m++++++[38;2;247;168;214m-[38;2;8;5;6m@                     [0m
                                       [38;2;179;97;147mv[38;2;255;183;216m~[38;2;249;171;206m_[38;2;179;97;147mv[38;2;178;94;146mvv[38;2;179;97;147mv[38;2;178;94;146mv[38;2;87;32;87mk [38;2;195;101;161mn[38;2;217;139;181m)[38;2;97;43;84mp[38;2;255;183;216m~[38;2;246;182;212m++[38;2;238;131;180m)[38;2;8;5;6m@                       [0m
                                       [38;2;179;97;147mv[38;2;255;183;216m~[38;2;246;182;212m+[38;2;255;183;216m~~[38;2;246;182;212m++++[38;2;215;137;178m([38;2;222;143;184m1[38;2;246;150;186m][38;2;238;131;180m)[38;2;227;125;173m|[38;2;186;101;151mn[38;2;238;131;180m)))))[38;2;179;94;140mv[38;2;180;114;151mx                   [0m
                                       [38;2;188;107;155mx[38;2;255;183;216m~[38;2;246;182;212m+++++++[38;2;255;183;216m~[38;2;240;132;182m)[38;2;238;131;180m))[38;2;237;122;170m|[38;2;150;89;132mY[38;2;238;131;180m)[38;2;8;5;6m@[38;2;106;49;90mwwww[38;2;247;171;206m-[38;2;215;137;178m(                  [0m
                                      [38;2;114;54;96mm[38;2;255;183;216m~[38;2;188;107;155mx[38;2;183;101;161mn[38;2;246;182;212m+++++[38;2;255;183;216m~[38;2;240;136;183m1[38;2;238;131;180m))))[38;2;114;54;96mm                          [0m
                                      [38;2;106;49;90mw[38;2;179;97;147mv[38;2;0;31;81mW[38;2;254;254;254m.[38;2;177;110;148mn[38;2;246;182;212m+++[38;2;188;107;155mx[38;2;254;254;254m.[38;2;0;77;231mw[38;2;254;254;254m.[38;2;171;90;135mz[38;2;238;131;180m))[38;2;171;90;135mz                          [0m
                                       [38;2;181;115;152mx[38;2;248;157;198m[[38;2;254;179;200m+[38;2;236;158;197m][38;2;246;182;212m++[38;2;248;157;198m[[38;2;196;102;135mn[38;2;143;115;204mn[38;2;187;150;211m)[38;2;246;182;212m+[38;2;238;131;180m))[38;2;227;125;173m|[38;2;149;76;120mJ                          [0m
                                         [38;2;118;57;99mZ[38;2;246;150;186m][38;2;246;182;212m+[38;2;252;166;199m-[38;2;238;131;180m))[38;2;227;125;173m|[38;2;251;138;187m}[38;2;106;49;90mww                             [0m
                                                                                [0m
                                                                                [0m
                                                                                [0m
                                                                                [0m
                                                                                [0m
