                                                                                [0m
                                                                                [0m
                                                                                [0m
                                                                                [0m
                                                                                [0m
                                                                                [0m
                                   [38;2;179;97;147mv[38;2;255;183;216m~[38;2;255;212;237ml[38;2;255;186;218m<[38;2;255;183;216m~[38;2;255;180;213m~[38;2;253;175;209m+[38;2;188;107;155mxx                                    [0m
                                     [38;2;188;107;155mxx[38;2;255;183;216m~[38;2;255;180;213m~~~[38;2;254;179;200m+[38;2;255;180;213m~[38;2;249;171;206m_[38;2;121;60;101mO                                 [0m
                                          [38;2;179;97;147mvv[38;2;255;183;216m~[38;2;255;180;213m~~[38;2;255;183;216m~[38;2;87;32;87mk                               [0m
                                              [38;2;210;115;165mf[38;2;217;139;181m)[38;2;255;180;213m~[38;2;254;179;200m+[38;2;106;49;90mw                             [0m
                                                 [38;2;107;59;100mZ[38;2;178;94;139mv                             [0m
                                                  [38;2;167;90;132mz[38;2;227;124;172m|[38;2;106;49;90mw                           [0m
                                                   [38;2;249;137;188m}[38;2;179;97;147mv                           [0m
                                                    [38;2;178;94;139mv[38;2;172;91;139mc                          [0m
                                                    [38;2;118;57;99mZ[38;2;232;127;177m([38;2;107;59;100mZ                         [0m
                                                     [38;2;181;115;152mx[38;2;188;107;155mx   [38;2;217;139;181m)[38;2;195;101;161mn[38;2;255;180;213m~                   [0m
                                                      [38;2;252;166;199m-[38;2;103;47;88mq  [38;2;217;139;181m)[38;2;255;180;213m~[38;2;254;179;200m+[38;2;106;49;90mw                  [0m
                                                     [38;2;179;97;147mv[38;2;247;171;206m-[38;2;103;47;88mq  [38;2;218;125;161m/[38;2;201;100;118mn[38;2;254;179;200m+[38;2;106;49;90mw                  [0m
                                                   [38;2;188;104;151mn[38;2;249;171;206m_[38;2;217;139;181m)[38;2;249;171;206m_[38;2;103;47;88mq  [38;2;215;137;178m([38;2;255;180;213m~[38;2;254;179;200m+[38;2;106;49;90mw                  [0m
                                                   [38;2;238;182;209m+[38;2;255;180;213m~[38;2;217;139;181m)[38;2;247;171;206m-[38;2;103;47;88mq  [38;2;215;137;178m([38;2;255;180;213m~[38;2;254;179;200m+[38;2;106;49;90mw                  [0m
                                                   [38;2;247;171;206m-[38;2;255;180;213m~[38;2;217;139;181m)[38;2;247;171;206m-[38;2;103;47;88mq  [38;2;215;137;178m([38;2;255;180;213m~[38;2;254;179;200m+[38;2;106;49;90mw                  [0m
                                                   [38;2;241;167;201m?[38;2;253;175;209m+[38;2;217;139;181m)[38;2;242;151;193m][38;2;103;47;88mq  [38;2;215;137;178m([38;2;255;180;213m~[38;2;254;179;200m+[38;2;106;49;90mw                  [0m
                                                   [38;2;106;49;90mw[38;2;188;107;155mx[38;2;255;180;213m~[38;2;107;59;100mZ   [38;2;215;137;178m([38;2;255;180;213m~~[38;2;8;5;6m@                  [0m
                                                   [38;2;179;97;147mv[38;2;247;171;206m-[38;2;180;114;151mx[38;2;223;122;170m/[38;2;8;5;6m@  [38;2;118;57;99mZ[38;2;107;50;103mw[38;2;232;127;177m([38;2;8;5;6m@                  [0m
                                                  [38;2;217;139;181m)[38;2;255;180;213m~[38;2;255;183;216m~[38;2;172;91;139mc[38;2;238;131;180m)[38;2;240;132;182m)[38;2;8;5;6m@  [38;2;237;122;170m|[38;2;238;131;180m)[38;2;121;67;92m0                  [0m
                                                 [38;2;222;143;184m1[38;2;255;180;213m~~[38;2;246;155;196m[[38;2;142;73;118mC[38;2;114;54;96mm[38;2;119;65;90mO[38;2;8;5;6m@[38;2;167;90;132mz[38;2;200;115;157mj[38;2;238;131;180m)))[38;2;8;5;6m@                 [0m
                                                [38;2;179;94;140mv[38;2;255;213;238mI[38;2;255;196;216m>[38;2;255;180;213m~[38;2;238;131;180m))))))))))[38;2;107;59;100mZ                 [0m
                                    [38;2;179;97;147mv[38;2;215;137;178m([38;2;247;171;206m-[38;2;178;95;146mv       [38;2;179;97;147mv[38;2;255;180;213m~~~~[38;2;253;175;209m+[38;2;238;131;180m)[38;2;240;132;182m)[38;2;238;131;180m))))))[38;2;167;90;132mz                  [0m
                                [38;2;179;97;147mv[38;2;178;95;146mv[38;2;179;97;147mv[38;2;237;122;170m|[38;2;240;132;182m)[38;2;255;180;213m~~~[38;2;179;97;147mv     v[38;2;255;183;216m~[38;2;255;180;213m~~~~[38;2;253;175;209m+[38;2;238;131;180m))))))[38;2;255;133;183m}[38;2;106;49;90mw                   [0m
                           [38;2;215;137;178m(([38;2;205;125;170mt[38;2;255;186;218m<[38;2;255;183;216m~[38;2;255;180;213m~~~~~~~[38;2;238;131;180m)[38;2;167;90;132mz    [38;2;195;101;161mn[38;2;253;175;209m+[38;2;255;180;213m~~~~~[38;2;253;175;209m+[38;2;238;131;180m))))[38;2;227;124;172m|[38;2;114;54;96mm                     [0m
                           [38;2;254;179;200m+[38;2;195;101;161mn[38;2;255;180;213m~~~~~~[38;2;118;57;99mZ[38;2;245;247;238m'[38;2;149;180;245m{[38;2;106;49;90mw[38;2;240;132;182m)[38;2;238;131;180m)[38;2;227;124;172m|[38;2;118;57;99mZ [38;2;183;101;161mn[38;2;255;180;213m~~~~~~[38;2;249;171;206m_[38;2;238;131;180m))))[38;2;255;134;198m}[38;2;8;5;6m@                      [0m
                           [38;2;179;97;147mv[38;2;241;167;201m?[38;2;181;153;173m([38;2;118;57;99mZ[38;2;255;183;216m~[38;2;255;180;213m~~~[38;2;241;167;201m?[38;2;48;113;223mU[38;2;231;137;186m1[38;2;238;131;180m))))[38;2;172;91;139mc[38;2;179;97;147mv[38;2;255;183;216m~[38;2;255;180;213m~~~[38;2;255;183;216m~[38;2;107;50;103mw[38;2;179;97;147mv[38;2;238;131;180m))))[38;2;8;5;6m@                        [0m
                           [38;2;179;97;147mv[38;2;255;183;216m~[38;2;125;113;169mc [38;2;179;97;147mv[38;2;255;183;216m~[38;2;255;180;213m~~[38;2;240;136;183m1[38;2;238;131;180m)[38;2;240;132;182m)[38;2;238;131;180m))))[38;2;125;86;105mC[38;2;255;183;216m~~~~~~[38;2;238;131;180m)[38;2;167;90;132mz[38;2;237;122;170m|[38;2;238;131;180m))[38;2;8;5;6m@                         [0m
                            [38;2;188;107;155mx[38;2;246;155;196m[[[38;2;167;90;132mz[38;2;210;115;165mf[38;2;167;90;132mzz[38;2;153;73;105mCC[38;2;188;104;151mn[38;2;238;131;180m)[38;2;167;90;132mzz[38;2;178;94;139mv[38;2;238;131;180m))))[38;2;125;86;105mC[38;2;167;90;132mzz[38;2;121;60;101mO[38;2;200;115;157mj[38;2;238;131;180m)[38;2;227;124;172m|[38;2;68;32;57ma                          [0m
                              [38;2;106;49;90mw[38;2;8;5;6m@[38;2;240;123;171m([38;2;237;122;170m|[38;2;232;127;177m([38;2;238;131;180m))))))))))))))))[38;2;8;5;6m@                            [0m
                              [38;2;106;49;90mww[38;2;255;183;216m~[38;2;240;136;183m1[38;2;238;131;180m)[38;2;106;49;90mw[38;2;8;5;6m@@[38;2;231;118;163m/[38;2;238;131;180m)))))[38;2;227;124;172m|[38;2;107;59;100mZ[38;2;8;5;6m@                                 [0m
                               [38;2;104;47;88mq[38;2;106;49;90mww                                              [0m
                                                                                [0m
                                                                                [0m
                                                                                [0m
