                                                                                [0m
                                                                                [0m
                                                                                [0m
                                                                                [0m
                                                                                [0m
                                                                                [0m
                                                                                [0m
                                                                                [0m
                                                                                [0m
                                                                                [0m
                                                                                [0m
                                                [38;2;179;97;147mv[38;2;255;180;213m~~[38;2;253;175;210m+[38;2;179;97;147mv                           [0m
                                                 [38;2;188;107;155mx[38;2;255;183;216m~[38;2;255;180;213m~~[38;2;177;110;148mn                          [0m
                                                   [38;2;215;137;178m([38;2;255;180;213m~~[38;2;189;122;158mj                         [0m
                                                    [38;2;188;104;151mn[38;2;255;180;213m~~[38;2;97;43;84mp                        [0m
                                                     [38;2;217;139;180m([38;2;255;180;213m~[38;2;241;132;182m1[38;2;106;49;90mw                       [0m
                                                      [38;2;247;186;207m~[38;2;255;180;213m~[38;2;238;131;180m)                       [0m
                                                      [38;2;179;97;147mv[38;2;255;183;216m~[38;2;241;132;182m1[38;2;106;49;90mw                      [0m
                                                       [38;2;179;97;147mv[38;2;241;132;182m1[38;2;106;49;90mw                      [0m
                         [38;2;179;97;147mvvvv v[38;2;186;101;151mn[38;2;179;97;147mvv                     v[38;2;241;132;182m1[38;2;106;49;90mw                      [0m
                    [38;2;179;97;147mvv[38;2;232;127;177m([38;2;255;183;216m~~[38;2;172;92;139mc[38;2;131;174;248m)[38;2;242;254;251m^[38;2;187;92;154mv[38;2;255;180;213m~~[38;2;178;95;146mvv[38;2;255;183;216m~[38;2;180;114;151mx                    [38;2;179;97;147mv[38;2;241;132;182m1[38;2;106;49;90mw                      [0m
                   [38;2;249;170;205m-[38;2;255;180;213m~~~~~~~~~~[38;2;252;166;199m-[38;2;238;131;180m))[38;2;231;118;163m/[38;2;106;49;90mw                    [38;2;179;97;147mv[38;2;255;187;219m<[38;2;106;49;90mw                      [0m
                   [38;2;249;170;205m-[38;2;255;180;213m~[38;2;249;170;205m-[38;2;254;179;200m+[38;2;255;180;213m~[38;2;107;58;100mmm[38;2;238;131;180m)))))))[38;2;241;132;182m1[38;2;171;89;134mz                   [38;2;179;97;147mv[38;2;255;180;213m~[38;2;255;187;219m<[38;2;106;49;90mw                      [0m
                   [38;2;186;101;151mn[38;2;240;136;183m1[38;2;167;90;132mz[38;2;191;92;116mv[38;2;247;145;171m{[38;2;253;149;172m][38;2;121;60;101mO[38;2;238;131;180m)))))))[38;2;227;124;173m|[38;2;121;60;101mO                   [38;2;179;97;147mv[38;2;255;183;216m~[38;2;104;47;88mq                       [0m
                    [38;2;107;58;100mm[38;2;238;131;180m)))))))))))[38;2;241;132;182m1[38;2;106;49;90mw                    [38;2;179;97;147mv[38;2;255;183;216m~[38;2;104;47;88mq                       [0m
                     [38;2;149;76;120mJ[38;2;172;92;139mc[38;2;241;132;182m1[38;2;238;131;180m)))))[38;2;227;124;173m|[38;2;179;94;140mv[38;2;172;92;139mc[38;2;104;47;88mq                     [38;2;186;101;151mn[38;2;255;183;216m~[38;2;104;47;88mq                       [0m
                          [38;2;121;67;92m0[38;2;238;131;180m)))[38;2;188;107;155mx[38;2;186;102;152mn[38;2;107;58;100mmm[38;2;107;50;103mw[38;2;241;167;201m??[38;2;114;54;96mm                [38;2;249;170;205m-[38;2;103;47;88mq                        [0m
                      [38;2;249;170;205m---[38;2;254;179;200m+[38;2;171;90;135mz[38;2;238;131;180m))))))))[38;2;114;54;96mm[38;2;121;60;101mO                [38;2;181;115;152mx[38;2;106;49;90mw                         [0m
                       [38;2;106;49;90mw[38;2;89;47;88mp[38;2;249;137;188m}[38;2;171;90;135mz[38;2;238;131;180m))))))[38;2;223;122;170m/[38;2;104;47;88mq                 [38;2;107;50;103mw[38;2;255;183;216m~[38;2;107;59;100mZ                         [0m
                           [38;2;232;127;177m([38;2;238;131;180m)))))))[38;2;179;97;147mv               [38;2;177;110;148mn[38;2;253;175;210m+[38;2;180;114;151mx        [38;2;185;99;133mu[38;2;215;137;178m([38;2;255;180;213m~~[38;2;181;115;152mx             [0m
                           [38;2;255;180;213m~[38;2;253;175;210m+[38;2;238;131;180m)))))))))[38;2;188;104;151mn[38;2;103;49;87mq        [38;2;179;97;147mv[38;2;188;104;151mn[38;2;249;170;205m-[38;2;188;107;155mx   xx[38;2;183;101;161mn[38;2;255;180;213m~~[38;2;249;170;205m-[38;2;205;106;129mx[38;2;249;170;205m-[38;2;252;166;199m-[38;2;255;187;219m<[38;2;106;49;90mw              [0m
                           [38;2;114;54;96mm[38;2;255;180;213m~[38;2;248;157;198m[[38;2;238;131;180m))))))))))))[38;2;242;151;193m][38;2;249;170;205m-[38;2;254;179;200m+[38;2;106;49;90mw[38;2;254;179;200m+[38;2;240;136;183m11[38;2;246;150;186m][38;2;255;180;213m~~~~~~~[38;2;253;175;210m+[38;2;179;94;140mv[38;2;107;50;103mw[38;2;107;58;100mm[38;2;118;57;98mZ                  [0m
                            [38;2;188;107;155mx[38;2;255;180;213m~~[38;2;238;131;180m)))))))))))[38;2;241;132;182m1[38;2;255;180;213m~~~~~~[38;2;255;183;216m~[38;2;1;1;1m$   [38;2;103;47;88mqq[38;2;68;32;57ma[38;2;255;183;216m~[38;2;255;180;213m~[38;2;255;183;216m~[38;2;106;49;90mw                   [0m
                             [38;2;205;125;170mt[38;2;253;175;210m+[38;2;255;180;213m~~[38;2;246;155;196m[[38;2;238;131;180m))))))))))))))))[38;2;119;65;90mO[38;2;246;155;196m[[[[[38;2;248;157;198m[[38;2;177;110;148mn[38;2;180;114;151mx[38;2;150;89;132mY                     [0m
                               [38;2;179;97;147mv[38;2;255;183;216m~[38;2;241;167;201m?[38;2;255;180;213m~[38;2;238;131;180m))))[38;2;232;127;177m([38;2;238;131;180m)))))))))[38;2;232;127;177m([38;2;68;32;57ma[38;2;106;49;90mww                           [0m
                                  [38;2;106;49;90mw[38;2;238;131;180m)[38;2;171;90;135mz[38;2;1;1;1m$$$[38;2;106;49;90mw[38;2;114;54;96mm[38;2;238;131;180m))))))[38;2;241;132;182m1[38;2;106;49;90mw                              [0m
                                    [38;2;106;49;90mw[38;2;172;92;139mc[38;2;241;132;182m1[38;2;254;133;182m}[38;2;1;1;1m$[38;2;106;49;90mw ww[38;2;104;47;88mq[38;2;106;49;90mw[38;2;104;47;88mq                                [0m
                                                                                [0m
                                                                                [0m
                                                                                [0m
