                                                                                [0m
                                                                                [0m
                                  [38;2;36;26;15mW[38;2;62;36;24mo[38;2;65;30;18mo[38;2;74;39;25mhh[38;2;62;36;24mo[38;2;36;26;15mW                                       [0m
                              [38;2;88;36;21mhh[38;2;82;33;19ma[38;2;86;35;19mh[38;2;82;33;19ma[38;2;86;35;19mh[38;2;82;33;19ma[38;2;86;35;19mh[38;2;82;33;19ma[38;2;86;35;19mh[38;2;88;36;21mhhhh[38;2;45;31;22m#                                   [0m
                            [38;2;36;16;9m&[38;2;86;35;19mhhh[38;2;88;36;21mhhh[38;2;74;39;25mh[38;2;83;50;34md[38;2;83;40;25mk[38;2;82;33;19ma[38;2;88;36;21mh[38;2;86;35;19mhhhhh[38;2;83;50;34md                                  [0m
                           [38;2;55;30;20m*[38;2;86;35;19mhh[38;2;136;104;76mY[38;2;230;183;135m?[38;2;232;186;137m----[38;2;202;162;119m)[38;2;210;165;121m1[38;2;191;146;106mt[38;2;214;170;125m{[38;2;230;183;135m?[38;2;232;186;137m-[38;2;225;180;132m[[38;2;82;33;19ma[38;2;86;35;19mhh[38;2;82;33;19ma                                 [0m
                           [38;2;86;35;19mh[38;2;105;70;48mm[38;2;202;162;119m)[38;2;232;186;137m-[38;2;230;183;135m?[38;2;232;186;137m------[38;2;215;173;129m{[38;2;232;186;137m-[38;2;230;183;135m?[38;2;232;186;137m-[38;2;230;183;135m?[38;2;232;186;137m-[38;2;175;135;98mr[38;2;86;35;19mhh[38;2;65;30;18mo                                [0m
                           [38;2;108;75;53mO[38;2;232;186;137m-[38;2;230;183;135m?[38;2;232;186;137m-[38;2;230;183;135m?[38;2;232;186;137m---[38;2;171;152;132m/    [38;2;253;253;253m.[38;2;169;155;139m/[38;2;230;183;135m?[38;2;232;186;137m-[38;2;230;183;135m?[38;2;136;104;76mY[38;2;86;35;19mhh                                [0m
                           [38;2;169;155;139m/    [38;2;182;175;167m}[38;2;230;183;135m??[38;2;196;192;188m?[38;2;253;253;253m.[38;2;121;122;126mc[38;2;253;253;253m.[38;2;250;250;250m^ [38;2;233;233;232m;[38;2;232;186;137m----[38;2;88;36;21mhh                                [0m
                             [38;2;213;211;210m<  [38;2;253;253;253m.[38;2;183;150;113m/[38;2;230;183;135m??[38;2;187;182;176m][38;2;250;250;250m^[38;2;253;253;253m.[38;2;250;250;250m^[38;2;203;200;196m_[38;2;232;186;137m------[38;2;90;73;58mm                                [0m
                               [38;2;211;207;204m~[38;2;178;151;123m/[38;2;230;183;135m?[38;2;225;180;132m[[[38;2;230;183;135m????[38;2;232;186;137m------                                  [0m
                            [38;2;161;131;98mx[38;2;232;186;137m---[38;2;230;183;135m????????[38;2;232;186;137m-----                                   [0m
                             [38;2;60;43;31ma[38;2;230;183;135m?[38;2;232;186;137m----[38;2;201;156;114m([38;2;145;97;68mU[38;2;197;150;109m|[38;2;232;186;137m---[38;2;230;183;135m?[38;2;232;186;137m-[38;2;230;183;135m?                                    [0m
                                [38;2;81;66;53mq[38;2;232;186;137m--------[38;2;126;108;71mY[38;2;235;238;96mi[38;2;231;234;94mi[38;2;235;238;96mi[38;2;231;234;94mi[38;2;116;117;46mU                                 [0m
                                    [38;2;224;227;92m<[38;2;235;238;96miiii[38;2;231;234;94mi[38;2;234;237;98mi[38;2;231;234;94mi[38;2;235;238;96mi[38;2;231;234;94mi[38;2;235;238;96mi[38;2;231;234;94mi[38;2;235;238;96mi                               [0m
                                    [38;2;235;238;96mi[38;2;129;131;52mc[38;2;235;238;96miii[38;2;167;170;69m/[38;2;235;237;101mi[38;2;234;237;98mi[38;2;235;237;101mi[38;2;188;190;78m}[38;2;235;238;96mi[38;2;231;234;94mi[38;2;235;238;96mii[38;2;195;197;80m]                             [0m
                                   [38;2;98;100;41mQ[38;2;231;234;94mii[38;2;92;93;37m0[38;2;231;234;94mi[38;2;235;238;96mi[38;2;168;170;69m/[38;2;235;237;101miii[38;2;168;170;69m/[38;2;235;238;96mii[38;2;231;234;94miii[38;2;204;206;83m?                            [0m
                                   [38;2;231;234;94miii[38;2;92;93;37m0[38;2;65;66;26md[38;2;235;238;96mi[38;2;204;206;83m?[38;2;235;237;101miii[38;2;168;170;69m/[38;2;235;238;96mii[38;2;231;234;94miiiii                           [0m
                                   [38;2;231;234;94miii   [38;2;235;237;101miiii[38;2;185;185;79m1[38;2;235;238;96mii[38;2;231;234;94miiiii[38;2;224;227;92m<                          [0m
                                   [38;2;86;71;56mw[38;2;232;189;153m--    [38;2;236;193;156m++[38;2;190;163;114m([38;2;235;238;96miii[38;2;231;234;94miiiiii[38;2;83;84;36mZ                         [0m
                                    [38;2;236;193;156m++    [38;2;232;189;153m-[38;2;236;193;156m+[38;2;190;168;109m)[38;2;235;238;96mi[38;2;231;234;94mi[38;2;235;238;96miiiiiiii                         [0m
                                    [38;2;236;193;156m++    [38;2;232;189;153m-[38;2;236;193;156m+[38;2;190;168;109m)[38;2;235;238;96mi[38;2;231;234;94mi[38;2;235;238;96miiiiiiii[38;2;108;110;44mJ                        [0m
                                    [38;2;236;193;156m++    [38;2;232;189;153m-[38;2;236;193;156m+[38;2;190;168;109m)[38;2;235;238;96mi[38;2;231;234;94mi[38;2;235;238;96miiiiiiiii[38;2;92;93;37m0                       [0m
                                    [38;2;236;193;156m++    [38;2;232;189;153m-[38;2;236;193;156m+[38;2;190;168;109m)[38;2;235;238;96mi[38;2;231;234;94mi[38;2;235;238;96miiiiiiiii[38;2;224;227;92m<                       [0m
                                    [38;2;232;189;153m--    -[38;2;236;193;156m+[38;2;190;174;101m1[38;2;235;238;96miii[38;2;231;234;94miiiiii[38;2;151;153;61mr[38;2;0;21;73m&[38;2;1;24;80m&                       [0m
                                    [38;2;232;189;153m--    [38;2;170;139;111mj[38;2;236;193;156m+[38;2;190;174;101m1[38;2;235;238;96mii[38;2;229;231;98m>[38;2;185;185;79m1[38;2;108;110;44mJ[38;2;36;38;40m*[38;2;0;22;77m&&&&&[38;2;1;24;80m&                       [0m
                                    [38;2;232;189;153m--    [38;2;143;122;108mv[38;2;236;193;156m+[38;2;91;90;97mQ[38;2;1;24;80m&&&[38;2;0;22;77m&&&&&&&[38;2;0;15;52m%                        [0m
                                    [38;2;232;189;153m-- [38;2;0;22;77m&[38;2;1;24;80m&&[38;2;159;137;118mr[38;2;236;193;156m+[38;2;168;145;122mf[38;2;1;24;80m&&&[38;2;0;22;77m&&&&&[38;2;0;3;13m$                          [0m
                                   [38;2;170;139;111mj[38;2;236;193;156m+[38;2;216;176;142m][38;2;186;154;123m|[38;2;1;24;80m&&[38;2;0;22;77m&[38;2;236;193;156m+[38;2;232;189;153m-[38;2;195;160;128m([38;2;176;146;120mt[38;2;1;24;80m&[38;2;0;22;77m&[38;2;1;24;80m&&&[38;2;0;13;45m%                            [0m
                                   [38;2;0;22;77m&[38;2;1;24;80m&&&&&[38;2;0;22;77m&[38;2;1;24;80m&[38;2;0;22;77m&[38;2;153;124;97mu[38;2;136;111;90mz[38;2;40;47;74mh[38;2;0;22;77m&[38;2;1;24;80m&                               [0m
                                 [38;2;0;22;77m&[38;2;1;24;80m&&&&[38;2;0;22;77m&[38;2;0;8;30mB[38;2;1;24;80m&[38;2;0;22;77m&[38;2;1;24;80m&[38;2;0;22;77m&[38;2;1;24;80m&[38;2;0;22;77m&[38;2;0;6;23m@                                 [0m
                                 [38;2;0;6;23m@[38;2;1;24;80m&&&& &&[38;2;0;22;77m&[38;2;1;24;80m&[38;2;0;22;77m&                                    [0m
                                  [38;2;0;11;39mB[38;2;0;22;77m&&&& [38;2;3;24;73m&[38;2;1;24;80m&&&[38;2;0;13;45m%                                   [0m
                                   [38;2;0;8;30mB[38;2;0;22;77m&&&&[38;2;0;11;39mB[38;2;0;15;52m%[38;2;1;24;80m&&&[38;2;0;17;59m8                                  [0m
                                     [38;2;0;22;77m&&&[38;2;1;24;80m&[38;2;0;13;45m%[38;2;0;11;39mB[38;2;1;24;80m&&&[38;2;0;22;77m&                                 [0m
                                      [38;2;0;22;77m&&[38;2;1;24;80m&&[38;2;0;11;39mB[38;2;0;6;23m@[38;2;1;24;80m&&&&[38;2;0;3;13m$                               [0m
                                       [38;2;1;24;80m&[38;2;0;22;77m&[38;2;25;38;75m*  [38;2;0;8;30mB[38;2;1;24;80m&[38;2;0;22;77m&[38;2;1;24;80m&&                               [0m
                                        [38;2;108;111;119mY[38;2;231;236;252m::[38;2;159;162;173m|   [38;2;197;201;211m__                               [0m
                                     [38;2;231;236;252m:::::::[38;2;95;98;106mC[38;2;231;236;252m:::::[38;2;102;102;108mJ                             [0m
                                                                                [0m
