                                                                                [0m
                                                                                [0m
                                  [38;2;36;26;15mW[38;2;62;36;24mo[38;2;65;30;18mo[38;2;74;31;18mo[38;2;74;39;25mh[38;2;62;42;26ma[38;2;45;31;22m#                                       [0m
                              [38;2;88;36;21mhh[38;2;82;33;19ma[38;2;86;35;19mh[38;2;82;33;19ma[38;2;86;35;19mh[38;2;82;33;19ma[38;2;86;35;19mh[38;2;82;33;19ma[38;2;86;35;19mh[38;2;88;36;21mhhhh[38;2;60;43;31ma                                   [0m
                            [38;2;36;16;9m&[38;2;86;35;19mhhh[38;2;88;36;21mhhh[38;2;74;39;25mh[38;2;91;56;38mp[38;2;82;47;31mb[38;2;74;39;25mh[38;2;88;36;21mh[38;2;86;35;19mhhhhh[38;2;82;47;31mb                                  [0m
                           [38;2;49;21;13mM[38;2;86;35;19mhh[38;2;128;96;68mJ[38;2;230;183;135m?[38;2;232;186;137m----[38;2;214;170;125m{{[38;2;197;150;109m|[38;2;210;165;121m1[38;2;230;183;135m?[38;2;232;186;137m-[38;2;230;183;135m?[38;2;81;38;23mh[38;2;86;35;19mhhh                                 [0m
                           [38;2;86;35;19mh[38;2;98;65;45mw[38;2;201;156;114m([38;2;232;186;137m-[38;2;230;183;135m?[38;2;232;186;137m------[38;2;210;165;121m1[38;2;232;186;137m-[38;2;230;183;135m?[38;2;232;186;137m-[38;2;230;183;135m?[38;2;232;186;137m-[38;2;201;156;114m([38;2;86;35;19mhh[38;2;74;31;18mo                                [0m
                           [38;2;98;65;45mw[38;2;232;186;137m-[38;2;230;183;135m?[38;2;232;186;137m-[38;2;230;183;135m?[38;2;232;186;137m---[38;2;168;145;122mf    [38;2;253;253;253m.[38;2;174;162;149m([38;2;230;183;135m?[38;2;232;186;137m-[38;2;230;183;135m?[38;2;155;117;84mv[38;2;86;35;19mhh[38;2;25;12;7m%                               [0m
                           [38;2;169;155;139m/    [38;2;203;200;196m_[38;2;230;183;135m??[38;2;179;169;158m1[38;2;253;253;253m.[38;2;109;108;111mU[38;2;253;253;253m.[38;2;250;250;250m^  [38;2;232;186;137m----[38;2;88;36;21mhh[38;2;8;4;1m@                               [0m
                             [38;2;196;192;188m?  [38;2;253;253;253m.[38;2;170;139;111mj[38;2;230;183;135m??[38;2;179;169;158m1[38;2;250;250;250m^[38;2;253;253;253m.[38;2;250;250;250m^[38;2;211;207;204m~[38;2;232;186;137m------[38;2;115;91;69mL                                [0m
                            [38;2;253;253;253m.  [38;2;203;200;196m_[38;2;178;151;123m/[38;2;230;183;135m?[38;2;221;177;130m][38;2;225;180;132m[[38;2;230;183;135m????[38;2;232;186;137m------                                  [0m
                            [38;2;175;135;98mr[38;2;232;186;137m---[38;2;230;183;135m????????[38;2;232;186;137m-----                                   [0m
                              [38;2;230;183;135m?[38;2;232;186;137m----[38;2;201;156;114m([38;2;145;97;68mU[38;2;189;141;102mf[38;2;232;186;137m---[38;2;230;183;135m?[38;2;232;186;137m-[38;2;230;183;135m?[38;2;45;31;22m#                                   [0m
                                [38;2;76;60;44mp[38;2;232;186;137m--------[38;2;137;110;77mX[38;2;235;238;96mi[38;2;231;234;94mi[38;2;235;238;96mi[38;2;231;234;94mi[38;2;151;153;61mr                                 [0m
                                    [38;2;235;238;96miiiii[38;2;231;234;94mi[38;2;234;237;98mi[38;2;231;234;94mi[38;2;235;238;96mi[38;2;231;234;94mi[38;2;235;238;96mi[38;2;231;234;94mi[38;2;235;238;96mi                               [0m
                                    [38;2;235;238;96mi[38;2;137;139;56mu[38;2;235;238;96miii[38;2;168;170;69m/[38;2;235;237;101mi[38;2;234;237;98mi[38;2;235;237;101mi[38;2;188;190;78m}[38;2;235;238;96mi[38;2;231;234;94mi[38;2;235;238;96mii[38;2;168;170;69m/                             [0m
                                   [38;2;98;100;41mQ[38;2;231;234;94mii[38;2;108;110;44mJ[38;2;231;234;94mi[38;2;235;238;96mi[38;2;168;170;69m/[38;2;235;237;101miii[38;2;168;170;69m/[38;2;235;238;96mii[38;2;231;234;94miii[38;2;168;170;69m/                            [0m
                                   [38;2;231;234;94miii[38;2;76;77;30mw[38;2;98;100;41mQ[38;2;235;238;96mi[38;2;174;176;71m([38;2;235;237;101miii[38;2;174;176;71m([38;2;235;238;96mii[38;2;231;234;94miiii[38;2;224;227;92m<                           [0m
                                   [38;2;231;234;94miii   [38;2;235;237;101miiii[38;2;229;231;98m>[38;2;235;238;96mii[38;2;231;234;94miiiii[38;2;188;190;78m}                          [0m
                                   [38;2;86;71;56mw[38;2;232;189;153m--    [38;2;236;193;156m++[38;2;203;166;131m1[38;2;235;238;96miii[38;2;231;234;94miiiiii[38;2;53;53;21mh                         [0m
                                    [38;2;236;193;156m++    [38;2;232;189;153m-[38;2;236;193;156m+[38;2;191;159;119m([38;2;235;238;96mi[38;2;231;234;94mi[38;2;235;238;96miiiiiiii                         [0m
                                    [38;2;236;193;156m++    [38;2;232;189;153m-[38;2;236;193;156m+[38;2;191;159;119m([38;2;235;238;96mi[38;2;231;234;94mi[38;2;235;238;96miiiiiiii[38;2;83;84;36mZ                        [0m
                                    [38;2;236;193;156m++    [38;2;232;189;153m-[38;2;236;193;156m+[38;2;190;163;114m([38;2;235;238;96mi[38;2;231;234;94mi[38;2;235;238;96miiiiiiiii[38;2;83;84;36mZ                       [0m
                                    [38;2;236;193;156m++    [38;2;209;170;138m{[38;2;236;193;156m+[38;2;190;163;114m([38;2;235;238;96mi[38;2;231;234;94mi[38;2;235;238;96miiiiiiiii[38;2;224;227;92m<                       [0m
                                    [38;2;232;189;153m--    [38;2;170;139;111mj[38;2;236;193;156m+[38;2;190;163;114m([38;2;235;238;96miii[38;2;231;234;94miiiiii[38;2;129;131;52mc[38;2;0;22;77m&[38;2;1;24;80m&                       [0m
                                    [38;2;232;189;153m--    [38;2;141;115;93mc[38;2;236;193;156m+[38;2;190;163;114m([38;2;235;238;96mi[38;2;231;234;94mi[38;2;219;221;89m~[38;2;174;176;71m([38;2;103;104;43mL[38;2;31;32;34m#[38;2;0;22;77m&&&&&[38;2;1;24;80m&[38;2;0;5;18m@                      [0m
                                    [38;2;232;189;153m--    [38;2;104;94;97mC[38;2;236;193;156m+[38;2;126;109;103mX[38;2;1;24;80m&&&[38;2;0;22;77m&&&&&&&[38;2;0;15;52m%                        [0m
                                    [38;2;232;189;153m-- [38;2;0;22;77m&[38;2;1;24;80m&&[38;2;126;109;103mX[38;2;236;193;156m+[38;2;212;173;140m{[38;2;1;24;80m&&&[38;2;0;22;77m&&&&&[38;2;0;3;13m$                          [0m
                                   [38;2;170;139;111mj[38;2;236;193;156m+[38;2;216;176;142m][38;2;195;160;128m([38;2;1;24;80m&&[38;2;0;22;77m&[38;2;236;193;156m+[38;2;232;189;153m-[38;2;186;154;123m|[38;2;136;111;90mz[38;2;1;24;80m&[38;2;0;22;77m&[38;2;1;24;80m&&&[38;2;0;13;45m%                            [0m
                                   [38;2;0;22;77m&[38;2;1;24;80m&&&&&[38;2;0;22;77m&[38;2;1;24;80m&[38;2;0;22;77m&[38;2;223;182;147m?[38;2;136;111;90mz[38;2;43;51;81mk[38;2;0;22;77m&[38;2;1;24;80m&                               [0m
                                 [38;2;0;21;73m&[38;2;1;24;80m&&&&[38;2;0;22;77m&[38;2;0;6;23m@[38;2;1;24;80m&[38;2;0;22;77m&[38;2;1;24;80m&[38;2;0;22;77m&[38;2;1;24;80m&[38;2;0;22;77m&[38;2;0;6;23m@                                 [0m
                                  [38;2;1;24;80m&&&& &&[38;2;0;22;77m&[38;2;1;24;80m&[38;2;0;22;77m&                                    [0m
                                  [38;2;0;8;30mB[38;2;0;22;77m&&&& [38;2;0;15;52m%[38;2;1;24;80m&&&[38;2;0;19;66m8                                   [0m
                                   [38;2;0;6;23m@[38;2;0;22;77m&&&&[38;2;0;13;45m%[38;2;0;11;39mB[38;2;1;24;80m&&&[38;2;3;24;73m&                                  [0m
                                     [38;2;0;22;77m&&&[38;2;1;24;80m&[38;2;0;15;52m%[38;2;4;11;30mB[38;2;1;24;80m&&&&                                 [0m
                                      [38;2;0;22;77m&&[38;2;1;24;80m&&[38;2;0;13;45m% [38;2;1;24;80m&&&&[38;2;0;5;18m@                               [0m
                                       [38;2;1;24;80m&[38;2;0;22;77m&[38;2;43;51;81mk  [38;2;0;8;30mB[38;2;1;24;80m&[38;2;0;22;77m&[38;2;1;24;80m&&                               [0m
                                        [38;2;108;111;119mY[38;2;231;236;252m::[38;2;159;162;173m|   [38;2;197;201;211m__                               [0m
                                     [38;2;231;236;252m:::::::[38;2;95;98;106mC[38;2;231;236;252m:::::[38;2;102;102;108mJ                             [0m
                                                                                [0m
