                                                                                [0m
                                                                                [0m
                                  [38;2;65;30;18mo[38;2;86;35;19mh[38;2;82;33;19ma[38;2;86;35;19mh[38;2;82;33;19ma[38;2;86;35;19mh[38;2;88;36;21mhh[38;2;81;38;23mh[38;2;62;42;26ma                                    [0m
                               [38;2;88;36;21mh[38;2;82;33;19ma[38;2;86;35;19mh[38;2;82;33;19ma[38;2;86;35;19mh[38;2;82;33;19ma[38;2;86;35;19mh[38;2;82;33;19ma[38;2;86;35;19mh[38;2;88;36;21mhhhhhh[38;2;83;50;34md                                 [0m
                             [38;2;9;7;5m@[38;2;86;35;19mhh[38;2;88;36;21mhh[38;2;98;65;45mw[38;2;175;135;98mr[38;2;232;186;137m----[38;2;210;165;121m1[38;2;128;96;68mJ[38;2;82;33;19ma[38;2;86;35;19mhhhh[38;2;82;33;19ma[38;2;64;52;39mk                               [0m
                             [38;2;86;35;19mh[38;2;82;33;19ma[38;2;225;180;132m[[38;2;232;186;137m--------[38;2;230;183;135m?[38;2;215;173;129m{[38;2;230;183;135m?[38;2;232;186;137m-[38;2;230;183;135m?[38;2;81;38;23mh[38;2;86;35;19mhh[38;2;88;36;21mh[38;2;78;58;36md                              [0m
                            [38;2;62;36;24mo[38;2;108;75;53mO[38;2;232;186;137m-[38;2;230;183;135m?[38;2;232;186;137m------[38;2;203;166;131m1[38;2;178;162;146m([38;2;174;162;149m([38;2;176;146;120mt[38;2;230;183;135m?[38;2;232;186;137m-[38;2;230;183;135m?[38;2;232;186;137m-[38;2;128;96;68mJ[38;2;86;35;19mh[38;2;88;36;21mhh                              [0m
                            [38;2;50;41;32mo[38;2;224;223;222m! [38;2;253;253;253m. [38;2;161;146;129mf[38;2;232;186;137m---   [38;2;253;253;253m. .[38;2;191;159;119m([38;2;230;183;135m?[38;2;232;186;137m-[38;2;230;183;135m?[38;2;82;47;31mb[38;2;88;36;21mhh                              [0m
                            [38;2;253;253;253m.   .[38;2;250;250;250m^[38;2;178;162;146m([38;2;230;183;135m??[38;2;250;250;250m^^^   [38;2;178;151;123m/[38;2;232;186;137m---[38;2;128;96;68mJ[38;2;82;33;19ma[38;2;86;35;19mh                              [0m
                            [38;2;196;192;188m?   [38;2;253;253;253m.[38;2;250;250;250m^[38;2;157;127;100mn[38;2;230;183;135m??[38;2;225;180;132m[[38;2;213;211;210m<[38;2;250;250;250m^ [38;2;247;247;247m'[38;2;195;160;128m([38;2;232;186;137m-----[38;2;230;183;135m?[38;2;49;21;13mM                              [0m
                             [38;2;232;186;137m-[38;2;191;159;119m([38;2;170;139;111mj[38;2;214;170;125m{[38;2;230;183;135m???[38;2;197;150;109m|[38;2;230;183;135m???[38;2;232;186;137m--------[38;2;137;110;77mX                               [0m
                              [38;2;232;186;137m--[38;2;230;183;135m????????[38;2;232;186;137m------[38;2;101;82;66m0                                 [0m
                               [38;2;232;186;137m----[38;2;225;180;132m[[38;2;171;128;92mx[38;2;190;143;103mt[38;2;202;162;119m)[38;2;232;186;137m--[38;2;230;183;135m?[38;2;232;186;137m-[38;2;230;183;135m?[38;2;232;186;137m-[38;2;86;71;56mw                                  [0m
                                  [38;2;127;103;81mU[38;2;232;186;137m------[38;2;178;139;101mj[38;2;139;139;58mu[38;2;231;234;94mi[38;2;235;238;96mi[38;2;231;234;94mi[38;2;235;238;96mi[38;2;231;234;94mi[38;2;92;93;37m0                               [0m
                                   [38;2;235;238;96miiiiii[38;2;231;234;94mi[38;2;235;238;96mi[38;2;231;234;94mi[38;2;235;238;96mi[38;2;231;234;94mi[38;2;235;238;96mi[38;2;231;234;94mi[38;2;219;221;89m~                               [0m
                                   [38;2;235;238;96miiiiii[38;2;231;234;94mi[38;2;235;238;96mi[38;2;167;170;69m/[38;2;235;237;101mi[38;2;234;237;98miii[38;2;211;214;86m_                               [0m
                                   [38;2;231;234;94mii[38;2;162;164;66mt[38;2;231;234;94mii[38;2;235;238;96miii[38;2;168;170;69m/[38;2;235;237;101miiii[38;2;185;185;79m1[38;2;76;77;30mw                              [0m
                                   [38;2;231;234;94mii[38;2;98;100;41mQ[38;2;231;234;94mii[38;2;235;238;96miii[38;2;168;170;69m/[38;2;235;237;101miiii[38;2;195;197;80m][38;2;231;234;94mi                              [0m
                                   [38;2;231;234;94miiiii[38;2;235;238;96miii[38;2;168;170;69m/[38;2;235;237;101miiii[38;2;195;197;80m][38;2;231;234;94mii                             [0m
                                    [38;2;232;189;153m-- [38;2;231;234;94mi[38;2;235;238;96miiii[38;2;223;182;147m?[38;2;236;193;156m++[38;2;235;238;96mi[38;2;231;234;94miiii                            [0m
                                    [38;2;236;193;156m++ [38;2;231;234;94mii[38;2;235;238;96mi[38;2;231;234;94mi[38;2;235;238;96mi[38;2;191;159;119m([38;2;236;193;156m+[38;2;232;189;153m-[38;2;235;238;96miiiiii                           [0m
                                    [38;2;236;193;156m++  [38;2;76;77;30mw[38;2;235;238;96mi[38;2;231;234;94mi[38;2;235;238;96mi[38;2;190;163;114m([38;2;236;193;156m+[38;2;232;189;153m-[38;2;235;238;96miiiiiii[38;2;162;164;66mt                         [0m
                                    [38;2;236;193;156m++   [38;2;76;77;30mw[38;2;231;234;94mi[38;2;235;238;96mi[38;2;190;168;109m)[38;2;236;193;156m+[38;2;232;189;153m-[38;2;235;238;96miiiiiiiiii                       [0m
                                    [38;2;236;193;156m++     [38;2;235;238;96mi[38;2;190;174;101m1[38;2;236;193;156m+[38;2;232;189;153m-[38;2;235;238;96miiiiiii[38;2;211;214;86m_[38;2;1;24;80m&&[38;2;0;22;77m&[38;2;0;19;66m8                     [0m
                                    [38;2;232;189;153m--      [38;2;189;180;92m1[38;2;236;193;156m++[38;2;235;238;96mi[38;2;231;234;94miiii[38;2;224;227;92m<[38;2;10;25;57mW[38;2;0;22;77m&&[38;2;1;24;80m&&&                     [0m
                                    [38;2;232;189;153m--      [38;2;25;38;75m*[38;2;236;193;156m++[38;2;44;47;45ma[38;2;36;38;40m*[38;2;0;21;73m&[38;2;0;22;77m&&&&&&[38;2;1;24;80m&&                      [0m
                                    [38;2;212;173;140m{[38;2;232;189;153m-   [38;2;0;5;18m@[38;2;1;24;80m&&[38;2;3;24;73m&[38;2;236;193;156m++[38;2;1;24;80m&[38;2;0;22;77m&&&&&&&[38;2;0;19;66m8[38;2;0;6;23m@                       [0m
                                    [38;2;153;124;97mu[38;2;232;189;153m-[38;2;81;66;53mq[38;2;0;22;77m&[38;2;1;24;80m&&&&[38;2;232;189;153m-[38;2;236;193;156m++[38;2;223;182;147m?[38;2;40;47;74mh[38;2;0;22;77m&&&&[38;2;0;6;23m@                          [0m
                                    [38;2;236;193;156m+[38;2;162;133;108mx[38;2;176;146;120mt[38;2;1;24;80m&&[38;2;0;22;77m&[38;2;1;24;80m&[38;2;0;22;77m&[38;2;154;129;111mn[38;2;54;57;81md[38;2;136;111;90mz[38;2;178;151;123m/[38;2;145;118;96mc[38;2;1;24;80m&&[38;2;0;19;66m8                            [0m
                                   [38;2;0;15;52m%[38;2;1;24;80m&&&&&[38;2;0;22;77m&[38;2;0;1;8m$[38;2;0;22;77m&[38;2;1;24;80m&[38;2;0;22;77m&[38;2;69;70;87mw[38;2;70;71;75mw[38;2;59;63;86mp[38;2;0;15;52m%                              [0m
                                   [38;2;1;24;80m&&&&[38;2;0;15;52m%  [38;2;1;24;80m&[38;2;0;22;77m&[38;2;1;24;80m&[38;2;0;22;77m&&                                 [0m
                                    [38;2;1;24;80m&&&&[38;2;0;21;73m& [38;2;0;22;77m&&[38;2;1;24;80m&[38;2;0;22;77m&[38;2;0;3;13m$                                 [0m
                                    [38;2;0;13;45m%[38;2;0;22;77m&&&[38;2;1;24;80m&  &&&&                                 [0m
                                     [38;2;0;21;73m&[38;2;0;22;77m&&[38;2;1;24;80m&& [38;2;0;19;66m8[38;2;1;24;80m&&&[38;2;0;6;23m@                                [0m
                                      [38;2;0;22;77m&&[38;2;1;24;80m&&[38;2;4;11;30mB [38;2;1;24;80m&&&&[38;2;0;6;23m@                               [0m
                                       [38;2;0;22;77m&[38;2;1;24;80m&&[38;2;0;17;59m8  [38;2;1;24;80m&&&[38;2;0;22;77m&                               [0m
                                        [38;2;70;71;75mw[38;2;197;201;211m_[38;2;129;132;141mn  [38;2;0;22;77m&&[38;2;1;24;80m&&                               [0m
                                        [38;2;108;111;119mY[38;2;231;236;252m::[38;2;159;162;173m|   [38;2;197;201;211m__                               [0m
                                     [38;2;231;236;252m:::::::[38;2;95;98;106mC[38;2;231;236;252m:::::[38;2;102;102;108mJ                             [0m
                                                                                [0m
