                                                                                [0m
                                                                                [0m
                                  [38;2;65;30;18mo[38;2;86;35;19mh[38;2;82;33;19ma[38;2;86;35;19mh[38;2;82;33;19ma[38;2;86;35;19mh[38;2;88;36;21mhh[38;2;83;40;25mk[38;2;45;31;22m#                                    [0m
                               [38;2;88;36;21mh[38;2;82;33;19ma[38;2;86;35;19mh[38;2;82;33;19ma[38;2;86;35;19mh[38;2;82;33;19ma[38;2;86;35;19mh[38;2;82;33;19ma[38;2;86;35;19mh[38;2;88;36;21mhhhhhh[38;2;78;58;36md                                 [0m
                             [38;2;25;12;7m%[38;2;86;35;19mhh[38;2;88;36;21mhh[38;2;98;65;45mw[38;2;153;124;97mu[38;2;232;186;137m---[38;2;221;177;130m][38;2;186;148;109mt[38;2;119;84;60mQ[38;2;82;33;19ma[38;2;86;35;19mhhhh[38;2;83;40;25mk[38;2;50;41;32mo                               [0m
                             [38;2;86;35;19mh[38;2;82;33;19ma[38;2;230;183;135m?[38;2;232;186;137m--------[38;2;230;183;135m?[38;2;202;162;119m)[38;2;230;183;135m?[38;2;232;186;137m-[38;2;230;183;135m?[38;2;82;33;19ma[38;2;86;35;19mhh[38;2;88;36;21mh[38;2;64;52;39mk                              [0m
                            [38;2;65;30;18mo[38;2;119;84;60mQ[38;2;232;186;137m-[38;2;230;183;135m?[38;2;232;186;137m------[38;2;202;162;119m)[38;2;178;162;146m(([38;2;183;150;113m/[38;2;230;183;135m?[38;2;232;186;137m-[38;2;230;183;135m?[38;2;232;186;137m-[38;2;108;75;53mO[38;2;86;35;19mh[38;2;88;36;21mhh                              [0m
                            [38;2;78;58;36md[38;2;216;215;213m> [38;2;253;253;253m. [38;2;168;145;122mf[38;2;232;186;137m---   [38;2;253;253;253m. .[38;2;221;177;130m][38;2;230;183;135m?[38;2;232;186;137m-[38;2;230;183;135m?[38;2;65;30;18mo[38;2;88;36;21mhh                              [0m
                                [38;2;253;253;253m.[38;2;250;250;250m^[38;2;168;145;122mf[38;2;230;183;135m?[38;2;214;170;125m{[38;2;250;250;250m^[38;2;242;242;241m,[38;2;250;250;250m^   [38;2;170;139;111mj[38;2;232;186;137m---[38;2;114;80;56m0[38;2;82;33;19ma[38;2;86;35;19mh                              [0m
                            [38;2;233;233;232m;   [38;2;253;253;253m.[38;2;250;250;250m^[38;2;161;131;98mx[38;2;230;183;135m??[38;2;210;165;121m1[38;2;233;233;232m;[38;2;250;250;250m^ [38;2;233;233;232m;[38;2;203;166;131m1[38;2;232;186;137m-----[38;2;230;183;135m?[38;2;49;21;13mM                              [0m
                             [38;2;232;186;137m-[38;2;170;139;111mjj[38;2;202;162;119m)[38;2;230;183;135m???[38;2;191;146;106mt[38;2;230;183;135m???[38;2;232;186;137m-------[38;2;230;183;135m?[38;2;105;87;57m0                               [0m
                             [38;2;37;30;23m#[38;2;232;186;137m--[38;2;230;183;135m????????[38;2;232;186;137m------[38;2;76;60;44mp                                 [0m
                               [38;2;232;186;137m----[38;2;225;180;132m[[38;2;171;128;92mx[38;2;178;139;101mj[38;2;214;170;125m{[38;2;232;186;137m--[38;2;230;183;135m?[38;2;232;186;137m-[38;2;230;183;135m?[38;2;232;186;137m-[38;2;64;52;39mk                                  [0m
                                  [38;2;146;114;83mc[38;2;232;186;137m------[38;2;181;142;105mf[38;2;139;139;58mu[38;2;231;234;94mi[38;2;235;238;96mi[38;2;231;234;94mi[38;2;235;238;96mi[38;2;231;234;94mi[38;2;65;66;26md                               [0m
                                   [38;2;235;238;96miiiiii[38;2;231;234;94mi[38;2;235;238;96mi[38;2;231;234;94mi[38;2;235;238;96mi[38;2;231;234;94mi[38;2;235;238;96mi[38;2;231;234;94mi[38;2;224;227;92m<                               [0m
                                   [38;2;235;238;96miiiiii[38;2;231;234;94mi[38;2;235;238;96mi[38;2;167;170;69m/[38;2;235;237;101mi[38;2;234;237;98miii[38;2;204;206;83m?                               [0m
                                   [38;2;231;234;94mii[38;2;117;118;50mY[38;2;231;234;94mii[38;2;235;238;96miii[38;2;168;170;69m/[38;2;235;237;101miiii[38;2;167;170;69m/[38;2;116;117;46mU                              [0m
                                   [38;2;231;234;94mii[38;2;92;93;37m0[38;2;231;234;94mii[38;2;235;238;96miii[38;2;168;170;69m/[38;2;235;237;101miiii[38;2;167;170;69m/[38;2;231;234;94mi                              [0m
                                   [38;2;231;234;94miiiii[38;2;235;238;96miii[38;2;177;179;74m([38;2;235;237;101miiii[38;2;167;170;69m/[38;2;231;234;94mii                             [0m
                                    [38;2;232;189;153m-- [38;2;231;234;94mi[38;2;235;238;96miiii[38;2;236;193;156m+++[38;2;235;238;96mi[38;2;231;234;94miiii                            [0m
                                    [38;2;236;193;156m++ [38;2;168;170;69m/[38;2;231;234;94mi[38;2;235;238;96mi[38;2;231;234;94mi[38;2;235;238;96mi[38;2;232;189;153m-[38;2;236;193;156m+[38;2;232;189;153m-[38;2;235;238;96miiiiii                           [0m
                                    [38;2;236;193;156m++   [38;2;235;238;96mi[38;2;231;234;94mi[38;2;235;238;96mi[38;2;209;170;138m{[38;2;236;193;156m+[38;2;232;189;153m-[38;2;235;238;96miiiiiii[38;2;151;153;61mr                         [0m
                                    [38;2;236;193;156m++    [38;2;231;234;94mi[38;2;235;238;96mi[38;2;190;163;114m([38;2;236;193;156m+[38;2;223;182;147m?[38;2;235;238;96miiiiiiiiii                       [0m
                                    [38;2;236;193;156m++     [38;2;235;238;96mi[38;2;190;168;109m)[38;2;236;193;156m+[38;2;209;170;138m{[38;2;235;238;96miiiiiii[38;2;224;227;92m<[38;2;1;24;80m&&[38;2;0;22;77m&[38;2;0;13;45m%                     [0m
                                    [38;2;232;189;153m--      [38;2;190;174;101m1[38;2;236;193;156m+[38;2;209;170;138m{[38;2;235;238;96mi[38;2;231;234;94miiiii[38;2;10;25;57mW[38;2;0;22;77m&&[38;2;1;24;80m&&&                     [0m
                                    [38;2;232;189;153m--      [38;2;79;79;86mZ[38;2;236;193;156m+[38;2;186;154;123m|[38;2;62;62;48md[38;2;44;47;45ma[38;2;0;19;66m8[38;2;0;22;77m&&&&&&[38;2;1;24;80m&&                      [0m
                                    [38;2;223;182;147m?[38;2;232;189;153m-   [38;2;0;5;18m@[38;2;1;24;80m&&[38;2;43;51;81mk[38;2;236;193;156m+[38;2;168;145;122mf[38;2;1;24;80m&[38;2;0;22;77m&&&&&&&[38;2;0;17;59m8[38;2;0;5;18m@                       [0m
                                    [38;2;157;127;100mn[38;2;232;189;153m-[38;2;62;54;47mb[38;2;0;22;77m&[38;2;1;24;80m&&&&[38;2;236;193;156m+++[38;2;176;146;120mt[38;2;3;24;73m&[38;2;0;22;77m&&&&[38;2;0;6;23m@                          [0m
                                    [38;2;236;193;156m+[38;2;154;129;111mn[38;2;186;154;123m|[38;2;1;24;80m&&[38;2;0;22;77m&[38;2;1;24;80m&[38;2;0;22;77m&[38;2;117;101;98mUU[38;2;157;127;100mn[38;2;223;182;147m?[38;2;162;133;108mx[38;2;1;24;80m&&[38;2;0;17;59m8                            [0m
                                   [38;2;0;15;52m%[38;2;1;24;80m&&&&&[38;2;0;22;77m&[38;2;0;3;13m$[38;2;0;22;77m&[38;2;1;24;80m&[38;2;0;22;77m&[38;2;104;94;97mC[38;2;70;71;75mw[38;2;59;63;86mp[38;2;0;13;45m%                              [0m
                                   [38;2;1;24;80m&&&&[38;2;4;11;30mB [38;2;0;8;30mB[38;2;1;24;80m&[38;2;0;22;77m&[38;2;1;24;80m&[38;2;0;22;77m&&                                 [0m
                                    [38;2;1;24;80m&&&&[38;2;0;15;52m% [38;2;1;24;80m&[38;2;0;22;77m&[38;2;1;24;80m&[38;2;0;22;77m&                                  [0m
                                    [38;2;0;17;59m8[38;2;0;22;77m&&&[38;2;1;24;80m& [38;2;4;11;30mB[38;2;1;24;80m&&&[38;2;0;19;66m8                                 [0m
                                     [38;2;0;22;77m&&&[38;2;1;24;80m&& &&&&                                 [0m
                                      [38;2;0;22;77m&&[38;2;1;24;80m&&[38;2;4;11;30mB [38;2;1;24;80m&&&&[38;2;0;5;18m@                               [0m
                                       [38;2;0;22;77m&[38;2;1;24;80m&&[38;2;0;17;59m8 [38;2;0;6;23m@[38;2;1;24;80m&&&[38;2;0;22;77m&                               [0m
                                        [38;2;79;79;86mZ[38;2;197;201;211m_[38;2;121;122;126mc  [38;2;1;24;80m&[38;2;0;22;77m&[38;2;1;24;80m&&                               [0m
                                        [38;2;108;111;119mY[38;2;231;236;252m::[38;2;159;162;173m|   [38;2;197;201;211m__                               [0m
                                     [38;2;231;236;252m:::::::[38;2;95;98;106mC[38;2;231;236;252m:::::[38;2;102;102;108mJ                             [0m
                                                                                [0m
