                                                                                [0m
                                                                                [0m
                                  [38;2;45;31;22m#[38;2;62;36;24mo[38;2;74;31;18mooo[38;2;74;39;25mh[38;2;60;43;31ma                                       [0m
                              [38;2;88;36;21mhh[38;2;82;33;19ma[38;2;86;35;19mh[38;2;82;33;19ma[38;2;86;35;19mh[38;2;82;33;19ma[38;2;86;35;19mh[38;2;82;33;19ma[38;2;86;35;19mh[38;2;88;36;21mhhhh[38;2;78;58;36md                                   [0m
                            [38;2;25;12;7m%[38;2;86;35;19mhhh[38;2;88;36;21mhh[38;2;82;33;19ma[38;2;83;50;34md[38;2;105;70;48mm[38;2;98;65;45mw[38;2;83;50;34md[38;2;82;33;19ma[38;2;86;35;19mhhhhh[38;2;82;33;19ma                                  [0m
                           [38;2;25;12;7m%[38;2;86;35;19mhh[38;2;120;95;61mC[38;2;230;183;135m?[38;2;232;186;137m----[38;2;230;183;135m?[38;2;225;180;132m[[38;2;221;177;130m][38;2;189;141;102mf[38;2;230;183;135m?[38;2;232;186;137m-[38;2;230;183;135m?[38;2;91;56;38mp[38;2;86;35;19mhhh                                 [0m
                           [38;2;86;35;19mh[38;2;83;50;34md[38;2;189;141;102mf[38;2;232;186;137m-[38;2;230;183;135m?[38;2;232;186;137m------[38;2;183;150;113m/[38;2;232;186;137m-[38;2;230;183;135m?[38;2;232;186;137m-[38;2;230;183;135m?[38;2;232;186;137m-[38;2;230;183;135m?[38;2;86;35;19mhhh[38;2;36;26;15mW                               [0m
                           [38;2;83;40;25mk[38;2;232;186;137m-[38;2;201;156;114m([38;2;202;162;119m)[38;2;230;183;135m?[38;2;232;186;137m---[38;2;191;159;119m(    [38;2;253;253;253m.[38;2;216;215;213m>[38;2;230;183;135m?[38;2;232;186;137m-[38;2;230;183;135m?[38;2;225;180;132m[[38;2;86;35;19mhh[38;2;49;21;13mM                               [0m
                           [38;2;143;122;108mv    [38;2;250;250;250m^[38;2;230;183;135m??[38;2;171;152;132m/[38;2;253;253;253m.[38;2;77;77;81mm[38;2;253;253;253m.[38;2;250;250;250m^  [38;2;232;186;137m----[38;2;88;36;21mhh[38;2;36;16;9m&                               [0m
                             [38;2;171;167;163m)  [38;2;253;253;253m.[38;2;159;137;118mr[38;2;230;183;135m??[38;2;161;146;129mf[38;2;250;250;250m^[38;2;253;253;253m.[38;2;250;250;250m^[38;2;233;233;232m;[38;2;232;186;137m------[38;2;181;142;105mf                                [0m
                            [38;2;213;211;210m<  [38;2;203;200;196m_[38;2;178;151;123m/[38;2;230;183;135m?[38;2;201;156;114m([38;2;230;183;135m?????[38;2;232;186;137m------[38;2;64;52;39mk                                 [0m
                            [38;2;191;159;119m([38;2;232;186;137m---[38;2;230;183;135m????????[38;2;232;186;137m-----                                   [0m
                              [38;2;230;183;135m?[38;2;232;186;137m----[38;2;201;156;114m([38;2;145;97;68mU[38;2;171;128;92mx[38;2;232;186;137m---[38;2;230;183;135m?[38;2;232;186;137m-[38;2;230;183;135m?[38;2;64;52;39mk                                   [0m
                                 [38;2;225;180;132m[[38;2;232;186;137m-------[38;2;146;114;83mc[38;2;231;234;94mii[38;2;235;238;96mi[38;2;231;234;94mi[38;2;195;197;80m]                                 [0m
                                    [38;2;235;238;96miiiii[38;2;231;234;94mi[38;2;234;237;98mi[38;2;231;234;94mi[38;2;235;238;96mi[38;2;231;234;94mi[38;2;235;238;96mi[38;2;231;234;94mi[38;2;235;238;96mi                               [0m
                                    [38;2;235;238;96mi[38;2;162;164;66mt[38;2;235;238;96miii[38;2;231;234;94mi[38;2;235;237;101mi[38;2;234;237;98mi[38;2;235;237;101mi[38;2;219;221;89m~[38;2;235;238;96mi[38;2;231;234;94mi[38;2;235;238;96mii[38;2;98;100;41mQ                             [0m
                                   [38;2;116;117;46mU[38;2;231;234;94mii[38;2;188;190;78m}[38;2;231;234;94mi[38;2;235;238;96mi[38;2;204;206;83m?[38;2;235;237;101miiii[38;2;235;238;96mii[38;2;231;234;94miii[38;2;76;77;30mw                            [0m
                                   [38;2;231;234;94miii[38;2;46;47;18ma[38;2;211;214;86m_[38;2;235;238;96mi[38;2;168;170;69m/[38;2;235;237;101miiii[38;2;235;238;96mii[38;2;231;234;94miiii[38;2;98;100;41mQ                           [0m
                                   [38;2;231;234;94miii   [38;2;168;170;69m/[38;2;235;237;101miiii[38;2;235;238;96mii[38;2;231;234;94miiiii[38;2;76;77;30mw                          [0m
                                   [38;2;81;66;53mq[38;2;232;189;153m--   [38;2;83;84;36mZ[38;2;236;193;156m+++[38;2;235;238;96miii[38;2;231;234;94miiiiii                          [0m
                                    [38;2;236;193;156m++    [38;2;203;166;131m1[38;2;236;193;156m+[38;2;232;189;153m-[38;2;235;238;96mi[38;2;231;234;94mi[38;2;235;238;96miiiiiii[38;2;162;164;66mt                         [0m
                                    [38;2;236;193;156m++    [38;2;157;127;100mn[38;2;236;193;156m+[38;2;232;189;153m-[38;2;235;238;96mi[38;2;231;234;94mi[38;2;235;238;96miiiiiiii                         [0m
                                    [38;2;236;193;156m++    [38;2;127;103;81mU[38;2;236;193;156m+[38;2;232;189;153m-[38;2;235;238;96mi[38;2;231;234;94mi[38;2;235;238;96miiiiiiiii[38;2;53;53;21mh                       [0m
                                    [38;2;236;193;156m++    [38;2;94;76;60mZ[38;2;236;193;156m+[38;2;232;189;153m-[38;2;235;238;96mi[38;2;231;234;94mi[38;2;235;238;96miiiiiiiii[38;2;224;227;92m<                       [0m
                                    [38;2;232;189;153m--     [38;2;236;193;156m++[38;2;235;238;96miii[38;2;231;234;94miiiiii[38;2;76;77;30mw[38;2;0;22;77m&[38;2;1;24;80m&[38;2;0;11;39mB                      [0m
                                    [38;2;232;189;153m--     [38;2;236;193;156m++[38;2;211;214;86m__[38;2;204;206;83m?[38;2;151;153;61mr[38;2;93;94;42m0[38;2;10;25;57mW[38;2;0;22;77m&&&&&[38;2;1;24;80m&[38;2;4;11;30mB                      [0m
                                    [38;2;232;189;153m--    [38;2;11;29;72mM[38;2;236;193;156m++[38;2;1;24;80m&&&[38;2;0;22;77m&&&&&&&[38;2;0;13;45m%                        [0m
                                    [38;2;232;189;153m-- [38;2;0;22;77m&[38;2;1;24;80m&&[38;2;54;57;81md[38;2;236;193;156m++[38;2;25;38;75m*[38;2;1;24;80m&&[38;2;0;22;77m&&&&&[38;2;0;5;18m@                          [0m
                                   [38;2;157;127;100mn[38;2;236;193;156m+[38;2;203;166;131m1[38;2;223;182;147m?[38;2;1;24;80m&&[38;2;0;22;77m&[38;2;236;193;156m+[38;2;232;189;153m--[38;2;145;118;96mc[38;2;40;47;74mh[38;2;0;22;77m&[38;2;1;24;80m&&&[38;2;0;13;45m%                            [0m
                                   [38;2;0;21;73m&[38;2;1;24;80m&&&&&[38;2;0;22;77m&[38;2;1;24;80m&[38;2;0;22;77m&[38;2;143;122;108mv[38;2;176;146;120mt[38;2;40;47;74mh[38;2;0;22;77m&[38;2;1;24;80m&[38;2;0;5;18m@                              [0m
                                 [38;2;0;17;59m8[38;2;1;24;80m&&&&[38;2;0;22;77m& [38;2;0;21;73m&[38;2;0;22;77m&[38;2;1;24;80m&[38;2;0;22;77m&[38;2;1;24;80m&[38;2;0;22;77m&[38;2;0;8;30mB                                 [0m
                                  [38;2;1;24;80m&&&&[38;2;0;6;23m@[38;2;0;11;39mB[38;2;1;24;80m&[38;2;0;22;77m&[38;2;1;24;80m&[38;2;0;22;77m&                                    [0m
                                   [38;2;0;22;77m&&&& [38;2;0;5;18m@[38;2;1;24;80m&&&&                                   [0m
                                    [38;2;0;22;77m&&&&[38;2;3;24;73m& [38;2;1;24;80m&&&&                                  [0m
                                     [38;2;0;22;77m&&&[38;2;1;24;80m&[38;2;3;24;73m& [38;2;1;24;80m&&&&                                 [0m
                                      [38;2;0;21;73m&[38;2;0;22;77m&[38;2;1;24;80m&&[38;2;0;15;52m% [38;2;1;24;80m&&&&[38;2;0;6;23m@                               [0m
                                       [38;2;0;21;73m&[38;2;0;22;77m&[38;2;69;70;87mw[38;2;70;71;75mw [38;2;0;5;18m@[38;2;1;24;80m&[38;2;0;22;77m&[38;2;1;24;80m&&                               [0m
                                        [38;2;108;111;119mY[38;2;231;236;252m::[38;2;159;162;173m|   [38;2;197;201;211m__                               [0m
                                     [38;2;231;236;252m:::::::[38;2;95;98;106mC[38;2;231;236;252m:::::[38;2;102;102;108mJ                             [0m
                                                                                [0m
