                                                                                [0m
                                                                                [0m
                                                                                [0m
                                                                                [0m
                                                                                [0m
                                                                                [0m
                                                                                [0m
                                              [38;2;84;85;108m00000                             [0m
                              [38;2;84;85;108m00000           0[38;2;79;80;101mO[38;2;32;31;31m#[38;2;32;32;32m#[38;2;32;31;31m#[38;2;84;85;108m000   00                     [0m
                           [38;2;84;85;108m0[38;2;86;87;111mQQ[38;2;84;85;108m00                0[38;2;58;59;70md[38;2;32;31;31m#[38;2;32;32;32m###[38;2;86;87;111mQQQ[38;2;32;32;32m##[38;2;84;85;108m00                   [0m
                         [38;2;79;80;101mO[38;2;79;80;100mZ[38;2;32;32;31m#[38;2;32;32;32m#[38;2;38;38;40m*[38;2;84;85;108m00                  0[38;2;38;38;40m*[38;2;32;32;32m#######[38;2;84;85;108m00                   [0m
                     [38;2;84;85;108m0[38;2;30;30;29mM[38;2;32;32;31m###[38;2;32;32;32m##[38;2;38;38;40m*[38;2;84;85;108m0                     0[38;2;38;38;40m*[38;2;32;32;32m######[38;2;30;30;29mM[38;2;58;59;70md[38;2;84;85;108m0                  [0m
                   [38;2;84;85;108m0[38;2;79;80;101mO[38;2;32;32;31m#[38;2;32;32;32m####[38;2;32;32;31m#[38;2;84;85;108m00                     00[38;2;38;38;40m*[38;2;32;32;32m########[38;2;30;30;29mM[38;2;84;85;108m00                [0m
                   [38;2;84;85;108m0[38;2;79;80;101mO[38;2;32;32;32m#####[38;2;32;32;31m#[38;2;84;85;108m00                   000[38;2;30;30;29mM[38;2;32;32;32m#########[38;2;32;31;31m#[38;2;84;85;108m00                [0m
                [38;2;84;85;108m000[38;2;32;32;32m#######[38;2;32;32;31m#[38;2;84;85;108m00 00                   0[38;2;38;38;40m*[38;2;32;32;32m###########[38;2;84;85;108m0  [38;2;38;38;40m**           [0m
                [38;2;84;85;108m0[38;2;37;37;26m*[38;2;32;31;31m#[38;2;32;32;32m########[38;2;30;30;29mM[38;2;37;37;39m*[38;2;84;85;108m0[38;2;30;30;29mM[38;2;37;37;39m*[38;2;84;85;108m00                0[38;2;32;32;32m#############[38;2;84;85;108m0     000       [0m
                 [38;2;84;85;108m00[38;2;32;32;32m############[38;2;38;38;40m*[38;2;84;85;108m00              00[38;2;86;87;111mQ[38;2;32;32;32m#############[38;2;84;85;108m0    0[38;2;30;30;29mM[38;2;32;32;32m#[38;2;32;32;31m#[38;2;79;80;101mO[38;2;84;85;108m0     [0m
                 [38;2;84;85;108m00[38;2;32;32;32m##########[38;2;38;38;40m*[38;2;84;85;108m00             0[38;2;79;80;101mO[38;2;74;75;107mZ[38;2;32;32;32m##############[38;2;84;85;108m00[38;2;79;80;101mO[38;2;84;85;108m00  0[38;2;37;37;39m*[38;2;38;38;40m**[38;2;79;80;101mO[38;2;84;85;108m0     [0m
                 [38;2;61;61;74mp[38;2;58;59;70md[38;2;32;32;31m#[38;2;32;32;32m########[38;2;38;38;40m*[38;2;84;85;108m0               [38;2;84;85;124mQ[38;2;58;59;70md[38;2;55;56;66mb[38;2;32;32;32m##############[38;2;58;59;70mdd[38;2;32;32;32m#[38;2;79;80;101mO[38;2;84;85;108m0   [38;2;58;59;70md[38;2;61;61;74mp[38;2;85;86;127mQ       [0m
           [38;2;84;85;108m000   00[38;2;30;30;29mM[38;2;32;32;32m#######[38;2;86;87;111mQ[38;2;84;85;108m0 0[38;2;79;80;100mZ[38;2;32;32;31m#[38;2;58;59;70md[38;2;84;85;108m0   00[38;2;32;32;31m#       [38;2;84;85;108m0[38;2;61;61;74mp[38;2;32;32;32m##############[38;2;84;85;108m0               [0m
          [38;2;84;85;108m0[38;2;32;32;31m#[38;2;32;32;32m##[38;2;79;80;101mO[38;2;84;85;108m0 000[38;2;79;80;101mO[38;2;32;32;32m######[38;2;84;85;108m00 0[38;2;79;80;101mO[38;2;32;32;32m#[38;2;58;59;71md[38;2;84;85;108m0  0[38;2;37;37;39m*[38;2;32;32;32m##[38;2;79;80;100mZ[38;2;84;85;108m0   000[38;2;58;59;70md[38;2;32;32;32m#############[38;2;30;30;29mM[38;2;84;85;108m0               [0m
          [38;2;84;85;108m0[38;2;32;31;31m#[38;2;30;30;29mMM[38;2;78;79;99mZ[38;2;84;85;108m0   0[38;2;79;80;101mO[38;2;32;32;32m#####[38;2;32;32;31m#[38;2;84;85;108m000[38;2;32;32;31m#[38;2;32;32;32m##[38;2;32;32;31m##[38;2;84;85;108m000[38;2;38;38;40m*[38;2;32;32;32m###[38;2;32;32;31m#[38;2;86;87;111mQ[38;2;84;85;108m000[38;2;79;80;101mO[38;2;32;31;31m#[38;2;32;32;32m############[38;2;32;31;31m#[38;2;84;85;108m00     0[38;2;86;87;111mQ[38;2;84;85;108m0        [0m
                [38;2;32;32;32m#[38;2;74;75;107mZ[38;2;79;80;101mO  O[38;2;32;31;31m#[38;2;32;32;32m####[38;2;38;38;40m*[38;2;37;37;39m*[38;2;32;32;32m#####[38;2;32;32;31m#[38;2;38;38;40m*[38;2;37;37;39m*[38;2;32;32;32m########[38;2;37;37;39m*[38;2;38;38;40m**[38;2;32;32;32m############[38;2;55;56;66mb[38;2;79;80;101mO     [38;2;84;85;108m0[38;2;78;79;100mZ[38;2;32;32;32m#[38;2;79;80;114mO[38;2;79;80;101mO        [0m
                      [38;2;84;85;108m0[38;2;86;87;111mQ[38;2;32;32;31m#[38;2;32;32;32m################################[38;2;86;87;111mQ[38;2;84;85;108m00[38;2;86;87;111mQ                   [0m
                      [38;2;84;85;108m00000[38;2;32;32;31m#[38;2;32;32;32m########################[38;2;78;79;100mZ[38;2;84;85;108m0000                       [0m
                [38;2;58;59;70mddd  [38;2;32;32;32m#  [38;2;97;98;125mC[38;2;84;85;108m00[38;2;32;32;31m#[38;2;32;32;32m##[38;2;146;146;145mj[38;2;129;133;134mu[38;2;33;38;42m*[38;2;35;35;36m*[38;2;32;32;32m##[38;2;88;88;88m0[38;2;144;144;144mjj[38;2;146;146;145mj[38;2;33;38;42m*[38;2;32;32;32m########[38;2;45;45;51ma[38;2;58;59;70mdd[38;2;81;82;104mO[38;2;84;85;108m0       [38;2;97;98;125mC                  [0m
                [38;2;32;32;32m###[38;2;79;80;114mO[38;2;78;79;99mZ [38;2;32;32;32m##   [38;2;78;79;100mZ[38;2;74;75;107mZ[38;2;30;30;29mM[38;2;254;254;254m..[38;2;34;43;51mo[38;2;33;38;42m*[38;2;32;32;32m##[38;2;146;146;145mj[38;2;254;254;254m...[38;2;34;43;51mo[38;2;32;32;32m########[38;2;35;35;36m*[38;2;38;38;40m*[38;2;32;32;32m#[38;2;38;38;40m******[38;2;37;37;39m*[38;2;79;80;101mOO                   [0m
                           [38;2;84;85;108m0[38;2;78;79;100mZ[38;2;32;32;32m#[38;2;27;35;35m####[38;2;32;32;32m##[38;2;31;32;32m#[38;2;27;35;35m####[38;2;31;32;32m#[38;2;32;32;32m#############[38;2;38;38;40m*[38;2;84;85;108m000                     [0m
                             [38;2;84;85;108m0[38;2;30;30;29mM[38;2;32;31;31m##[38;2;32;32;32m############[38;2;30;30;29mMM[38;2;32;32;32m##[38;2;58;59;70md[38;2;84;85;108m000000                        [0m
                              [38;2;84;85;108m000[38;2;61;61;74mp[38;2;38;38;40m**********[38;2;43;43;35mo[38;2;84;85;108m000000                             [0m
                                                                     [38;2;32;32;32m#          [0m
                                                                   [38;2;32;32;32m###          [0m
                                                                                [0m
                                [38;2;32;32;32m#                                               [0m
                                                                                [0m
                                                                                [0m
                                                                                [0m
                                                                                [0m
                                                                                [0m
                                                                                [0m
                                                                                [0m
