                                                                                [0m
                                                                                [0m
                                                                                [0m
                                                                                [0m
                                                                                [0m
                                                                                [0m
                                                                                [0m
                                                                                [0m
                                                                                [0m
                                                                                [0m
                                                                                [0m
                                                                                [0m
                                                                                [0m
                                                                                [0m
                              [38;2;84;85;108m000       000[38;2;38;38;41m*[38;2;37;37;39m**[38;2;84;85;108m00                                [0m
                              [38;2;84;85;108m0[38;2;78;79;99mZ[38;2;31;31;31m#[38;2;59;60;72md[38;2;84;85;108m0   00[38;2;31;31;31m#[38;2;78;79;100mZ[38;2;86;87;111mQ[38;2;31;31;31m#[38;2;32;32;32m##[38;2;84;85;108m00                                [0m
                              [38;2;84;85;108m0[38;2;78;79;99mZ[38;2;32;32;32m##[38;2;31;31;31m#[38;2;84;85;108m00000[38;2;32;32;32m##[38;2;31;31;31m#[38;2;84;85;108m000                                  [0m
                             [38;2;79;80;101mO[38;2;32;32;31m#[38;2;32;32;32m###############[38;2;79;80;114mO[38;2;79;80;101mO[38;2;78;79;99mZ[38;2;79;80;101mO                              [0m
                           [38;2;58;59;71md[38;2;55;56;66mb[38;2;32;32;32m####################[38;2;45;45;51ma[38;2;58;59;71md                             [0m
                          [38;2;84;85;108m0[38;2;32;32;31m###[38;2;32;32;32m#[38;2;32;32;31m#[38;2;32;32;32m###################[38;2;31;31;31m#[38;2;78;79;99mZ[38;2;84;85;108m0                          [0m
                           [38;2;84;85;108m0[38;2;79;80;101mO[38;2;32;32;32m#  [38;2;34;43;51mo[38;2;33;38;42m*[38;2;32;32;32m##[38;2;144;144;144mj   [38;2;34;43;51mo[38;2;35;35;36m*[38;2;32;32;32m##########[38;2;78;79;100mZ[38;2;84;85;108m0                          [0m
                 [38;2;84;85;108m0000     0[38;2;32;32;31m###  [38;2;34;43;52mo[38;2;33;38;42m*[38;2;32;32;32m##[38;2;144;144;144mj   [38;2;34;43;51mo[38;2;35;35;36m*[38;2;32;32;32m############[38;2;86;87;111mQ[38;2;84;85;108m0                        [0m
                [38;2;84;85;108m0[38;2;38;38;41m*[38;2;32;32;32m##[38;2;38;38;41m*[38;2;84;85;108m0     [38;2;78;79;99mZ[38;2;73;74;105mm[38;2;32;32;32m#[38;2;31;32;32m#[38;2;29;33;33m#[38;2;32;32;31m#[38;2;32;32;32m###################[38;2;73;74;105mm[38;2;78;79;99mZ[38;2;37;37;39m*[38;2;38;38;41m**[38;2;84;85;108m000     [38;2;32;32;32m####           [0m
                 [38;2;84;85;108m0000      000[38;2;31;31;31m#[38;2;32;32;32m###########[38;2;31;31;31m#[38;2;86;87;111mQ[38;2;79;80;114mO[38;2;32;32;32m########[38;2;32;31;31m#[38;2;32;32;32m#[38;2;38;38;41m*[38;2;86;87;111mQ[38;2;30;30;29mM[38;2;31;31;31m##[38;2;58;59;71md[38;2;84;85;108m0   [38;2;32;32;32m####           [0m
                          [38;2;84;85;108m00[38;2;78;79;99mZ[38;2;32;32;31m#[38;2;84;85;108m000[38;2;58;59;71md[38;2;32;32;32m########[38;2;31;31;31m#[38;2;86;87;111mQ[38;2;84;85;108m00[38;2;31;31;31m#[38;2;32;32;32m##########[38;2;84;85;108m0000                   [0m
                        [38;2;97;98;125mC[38;2;84;85;108m00[38;2;32;32;31m#[38;2;32;32;32m###[38;2;35;35;36m*[38;2;58;59;71md[38;2;71;72;89mw[38;2;84;85;108m0 [38;2;97;98;125mC [38;2;61;61;74mp[38;2;58;59;71mdd[38;2;61;61;74mp[38;2;58;59;71mdd[38;2;61;61;74mp[38;2;84;85;108m0[38;2;58;59;71md[38;2;55;56;66mb[38;2;32;32;32m##########[38;2;32;32;31m#[38;2;84;85;108m00                   [0m
                        [38;2;84;85;108m0[38;2;61;61;74mp[38;2;38;38;41m*[38;2;32;32;32m####[38;2;38;38;41m*[38;2;84;85;108m00      [38;2;78;79;100mZ[38;2;78;79;99mZZZZ [38;2;84;85;108m0[38;2;83;84;107m0[38;2;78;79;99mZ[38;2;55;56;66mb[38;2;32;32;32m#########[38;2;38;38;41m*[38;2;61;61;74mp[38;2;84;85;108m0   00[38;2;32;32;32m#[38;2;38;38;41m*[38;2;84;85;108m0          [0m
                        [38;2;84;85;108m0[38;2;58;59;71md[38;2;32;32;32m#####[38;2;38;38;41m*[38;2;84;85;108m00            000[38;2;58;59;71md[38;2;32;32;32m###########[38;2;31;31;31m#[38;2;84;85;108m00 [38;2;32;32;32m#####[38;2;84;85;108m00        [0m
           [38;2;32;32;32m##    #### [38;2;84;85;108m00[38;2;32;32;31m#[38;2;32;32;32m######[38;2;38;38;41m*[38;2;86;87;111mQ[38;2;84;85;108m00          0[38;2;31;31;31m#[38;2;32;32;32m#############[38;2;61;61;74mp[38;2;84;85;108m000 00[38;2;31;31;31m###[38;2;84;85;108m00        [0m
                      [38;2;84;85;108m00[38;2;32;32;32m#########[38;2;55;56;66mb[38;2;79;80;101mO          [38;2;78;79;99mZ[38;2;32;32;31m#[38;2;32;32;32m#############[38;2;55;56;66mb[38;2;78;79;100mZ[38;2;84;85;108m00   [38;2;79;80;101mOO[38;2;84;85;108m0          [0m
                      [38;2;84;85;108m00[38;2;32;32;32m###########[38;2;31;31;31m##        [38;2;84;85;108m0000[38;2;58;59;71md[38;2;32;32;32m###########[38;2;32;31;31m#[38;2;84;85;108m00                [0m
                     [38;2;84;85;108m0[38;2;31;31;31m#[38;2;32;31;31m#[38;2;32;32;32m#########[38;2;58;59;71md[38;2;84;85;108m000           0[38;2;58;59;71md[38;2;32;32;32m###########[38;2;32;32;31m#[38;2;84;85;108m00                [0m
                [38;2;84;85;108m0     000[38;2;58;59;71md[38;2;32;32;32m#####[38;2;37;37;39m*[38;2;84;85;108m00                0[38;2;32;32;32m#########[38;2;58;59;71md[38;2;84;85;108m0                  [0m
              [38;2;84;85;108m00[38;2;32;32;32m#[38;2;55;56;66mb[38;2;58;59;71md     [38;2;84;85;108m0[38;2;61;61;74mp[38;2;32;32;32m#####[38;2;38;38;41m*[38;2;84;85;108m00                0[38;2;32;32;32m########[38;2;58;59;71md[38;2;67;67;83mq[38;2;84;85;122m0  [38;2;32;32;32m#[38;2;55;56;66mb[38;2;58;59;71md             [0m
                 [38;2;78;79;99mZ[38;2;79;80;101mO     [38;2;84;85;108m0[38;2;81;82;104mO[38;2;79;80;101mO[38;2;32;32;31m#[38;2;32;32;32m###[38;2;38;38;41m*[38;2;84;85;108m00                 [38;2;79;80;101mO[38;2;38;38;41m*[38;2;32;32;32m####[38;2;79;80;114mO[38;2;79;80;101mO[38;2;84;85;108m00   [38;2;79;80;101mO               [0m
                          [38;2;84;85;108m0[38;2;32;32;31m#[38;2;32;32;32m###[38;2;38;38;41m*[38;2;84;85;108m00                 0[38;2;38;38;41m*[38;2;32;32;32m####[38;2;84;85;108m00   [38;2;32;32;32m##                [0m
                     [38;2;78;79;100mZ     [38;2;84;85;108m0[38;2;79;80;101mO[38;2;37;37;39m*[38;2;38;38;41m**[38;2;32;32;32m#[38;2;58;59;71md[38;2;84;85;108m0                0[38;2;38;38;41m*[38;2;32;32;32m##[38;2;37;37;39m*[38;2;84;85;108m0  [38;2;78;79;100mZ[38;2;79;80;101mO[38;2;78;79;99mZ                  [0m
                     [38;2;58;59;71md[38;2;32;32;31m#[38;2;32;32;32m#     [38;2;97;98;125mCC[38;2;78;79;99mZ[38;2;61;61;74mp[38;2;58;59;71mdd                d[38;2;37;37;39m*[38;2;32;32;32m#[38;2;58;59;71md[38;2;61;61;74mp[38;2;84;85;108m0[38;2;31;31;31m#[38;2;32;32;32m##[38;2;45;45;51ma[38;2;58;59;71md                  [0m
                                  [38;2;84;85;108m000             [38;2;83;84;107m0[38;2;32;32;32m#[38;2;78;79;100mZ[38;2;84;85;108m0   0000                   [0m
                                                  [38;2;84;85;108m00                            [0m
                                                                                [0m
