                                                                                [0m
                                                                                [0m
                     [38;2;131;143;152mr[38;2;227;236;243m;;;[38;2;179;189;197m[                                                      [0m
                  [38;2;131;143;152mr[38;2;227;236;243m;;;;;;[38;2;179;189;197m[[38;2;227;236;243m;;   [38;2;39;9;8m8[38;2;87;27;29maaaa                                            [0m
                  [38;2;227;236;243m;;;[38;2;144;102;81mY[38;2;200;159;115m([38;2;84;97;107mLL[38;2;200;159;115m([38;2;131;143;152mrr[38;2;39;9;8m888888[38;2;27;8;8m%[38;2;87;27;29ma[38;2;70;14;16mM[38;2;27;8;8m%                                          [0m
                   [38;2;241;227;207mIIII[38;2;178;176;159m}[38;2;200;159;115m([38;2;77;52;25mbb[38;2;131;143;152mr[38;2;39;9;8m8888[38;2;87;27;29ma[38;2;70;14;16mMMM[38;2;39;9;8m8[38;2;27;8;8m%                                          [0m
                   [38;2;20;15;30m8[38;2;200;159;115m([38;2;241;227;207mIII[38;2;200;159;115m([38;2;144;102;81mYY[38;2;87;27;29ma[38;2;39;9;8m8[38;2;87;27;29ma[38;2;70;14;16mM[38;2;27;8;8m%[38;2;241;227;207mIIII[38;2;39;9;8m8[38;2;27;8;8m%                                          [0m
               [38;2;86;15;13m*[38;2;177;30;22mw [38;2;27;8;8m%[38;2;39;9;8m8[38;2;77;52;25mb[38;2;241;227;207mII[38;2;144;102;81mY[38;2;230;98;85mn[38;2;52;8;7m&[38;2;86;15;13m*[38;2;177;30;22mw[38;2;39;9;8m8[38;2;27;8;8m%[38;2;39;9;8m8[38;2;241;227;207mIII[38;2;77;52;25mb[38;2;144;102;81mYY[38;2;27;8;8m%                             [38;2;39;9;8m8[38;2;87;27;29ma[38;2;27;8;8m%          [0m
            [38;2;86;15;13m*[38;2;52;8;7m&[38;2;230;98;85mn[38;2;52;8;7m&[38;2;86;15;13m*[38;2;52;8;7m&[38;2;241;227;207mI[38;2;200;159;115m([38;2;39;9;8m88[38;2;77;52;25mb[38;2;115;18;16ma[38;2;230;98;85mnn[38;2;177;30;22mwww[38;2;59;56;45mb[38;2;107;102;92mJ[38;2;144;102;81mYYY[38;2;200;159;115m(([38;2;77;52;25mb[38;2;144;102;81mY[38;2;70;14;16mMM                        [38;2;87;27;29ma[38;2;27;8;8m%              [0m
           [38;2;86;15;13m*[38;2;115;18;16maa[38;2;86;15;13m*[38;2;200;159;115m([38;2;144;102;81mY[38;2;241;227;207mI[38;2;77;52;25mb[38;2;144;102;81mY[38;2;107;102;92mJ[38;2;144;102;81mYYY[38;2;86;15;13m*[38;2;52;8;7m&[38;2;86;15;13m*[38;2;177;30;22mw[38;2;115;18;16ma[38;2;52;8;7m&[38;2;177;30;22mw[38;2;107;102;92mJ[38;2;241;227;207mI[38;2;200;159;115m([38;2;144;102;81mYYYY[38;2;86;15;13m*[38;2;70;14;16mMMM                  [38;2;39;9;8m8[38;2;27;8;8m%[38;2;86;15;13m**                [0m
          [38;2;86;15;13m*[38;2;177;30;22mw[38;2;115;18;16ma[38;2;86;15;13m*[38;2;52;8;7m&[38;2;86;15;13m*[38;2;144;102;81mYYYYY[38;2;178;176;159m}[38;2;241;227;207mI[38;2;178;176;159m}[38;2;200;159;115m([38;2;241;227;207mI[38;2;86;15;13m**[38;2;115;18;16ma[38;2;230;98;85mn[38;2;177;30;22mww[38;2;86;15;13m*[38;2;77;52;25mbbb[38;2;144;102;81mY[38;2;107;102;92mJ[38;2;86;15;13m*[38;2;27;8;8m%[38;2;70;14;16mMMMM              [38;2;27;8;8m%[38;2;86;15;13m**[38;2;52;8;7m&&&                [0m
          [38;2;177;30;22mww[38;2;86;15;13m***[38;2;200;159;115m(([38;2;39;9;8m8[38;2;77;52;25mb[38;2;34;52;62mh[38;2;29;31;30mM[38;2;92;101;245mXX[38;2;77;52;25mbbb[38;2;144;102;81mY[38;2;86;15;13m***[38;2;177;30;22mww[38;2;200;159;115m([38;2;241;227;207mII[38;2;200;159;115m([38;2;77;52;25mbb[38;2;86;15;13m**[38;2;27;8;8m%[38;2;70;14;16mMMMMM[38;2;27;8;8m%        [38;2;86;15;13m********[38;2;52;8;7m&                [0m
          [38;2;200;159;115m([38;2;144;102;81mY[38;2;77;52;25mb[38;2;144;102;81mYYYYY  [38;2;34;52;62mhh[38;2;67;85;95mZ[38;2;107;102;92mJ[38;2;144;102;81mYYYYY[38;2;77;52;25mb[38;2;144;102;81mY[38;2;200;159;115m([38;2;144;102;81mY[38;2;241;227;207mIII[38;2;144;102;81mYY[38;2;86;15;13m*****[38;2;27;8;8m%[38;2;70;14;16mMMMMMMM[38;2;86;15;13m************                 [0m
          [38;2;77;52;25mb[38;2;144;102;81mYY[38;2;200;159;115m([38;2;144;102;81mY       [38;2;178;176;159m}[38;2;107;102;92mJJ[38;2;144;102;81mYY[38;2;77;52;25mb[38;2;144;102;81mYY[38;2;77;52;25mbbb[38;2;241;227;207mI[38;2;77;52;25mb[38;2;144;102;81mYYY[38;2;86;15;13m************************[38;2;52;8;7m&                 [0m
                       [38;2;178;176;159m}[38;2;107;102;92mJ[38;2;77;52;25mb[38;2;144;102;81mYYYYYYYYYYYY[38;2;86;15;13m***********************[38;2;52;8;7m&                  [0m
                        [38;2;178;176;159m}[38;2;77;52;25mb[38;2;241;227;207mII[38;2;200;159;115m([38;2;241;227;207mII[38;2;200;159;115m(([38;2;77;52;25mb[38;2;200;159;115m([38;2;144;102;81mYY[38;2;77;52;25mb[38;2;86;15;13m*[38;2;115;18;16ma[38;2;86;15;13m*******************                     [0m
                         [38;2;200;159;115m([38;2;241;227;207mIIIIIII[38;2;200;159;115m([38;2;144;102;81mY[38;2;200;159;115m([38;2;144;102;81mY[38;2;77;52;25mb[38;2;86;15;13m*[38;2;115;18;16maaa[38;2;86;15;13m*******************                   [0m
                        [38;2;69;53;48mb[38;2;250;250;227m'[38;2;59;56;45mb[38;2;241;227;207mIIII[38;2;10;18;19m%[38;2;66;76;78mw[38;2;144;102;81mY[38;2;241;227;207mII[38;2;144;102;81mY[38;2;59;56;45mb[38;2;86;15;13m**[38;2;115;18;16maaa[38;2;86;15;13m******************                   [0m
                       [38;2;166;126;74mnn[38;2;42;57;55mk[38;2;199;211;197m~[38;2;142;98;82mY[38;2;199;211;197m~[38;2;69;53;48mb[38;2;142;98;82mY[38;2;38;46;47ma[38;2;66;76;78mwww[38;2;69;53;48mbbb[38;2;50;33;28m*[38;2;86;15;13m***[38;2;115;18;16maa[38;2;86;15;13m*****************                   [0m
                     [38;2;142;98;82mY[38;2;50;33;28m*[38;2;142;98;82mYY[38;2;67;51;30mk[38;2;78;85;77mZ[38;2;166;126;74mnnn[38;2;142;98;82mYY[38;2;145;96;71mU[38;2;10;18;19m%[38;2;66;76;78mwww[38;2;42;57;55mk[38;2;50;33;28m* [38;2;86;15;13m****[38;2;115;18;16ma[38;2;86;15;13m****************                   [0m
                   [38;2;142;98;82mYYYY[38;2;93;63;53mw[38;2;69;53;48mbb[38;2;50;33;28m*[38;2;142;98;82mY[38;2;69;53;48mb[38;2;32;21;9m&[38;2;67;51;30mkkk[38;2;98;69;42mmm[38;2;38;46;47ma[38;2;42;57;55mk[38;2;98;69;42mmm   [38;2;86;15;13m****[38;2;115;18;16ma[38;2;86;15;13m**************                   [0m
                [38;2;250;250;227m'''[38;2;107;102;92mJ[38;2;142;98;82mYYY[38;2;69;53;48mbb[38;2;93;63;53mw[38;2;50;33;28m*[38;2;69;53;48mbbbbbbb[38;2;93;63;53mw[38;2;69;53;48mb[38;2;98;69;42mmmmm[38;2;221;166;105m}    [38;2;115;18;16ma[38;2;86;15;13m****************                  [0m
              [38;2;250;250;227m''[38;2;178;176;159m}[38;2;250;250;227m'''[38;2;178;176;159m}[38;2;93;63;53mw[38;2;69;53;48mb[38;2;144;102;81mY[38;2;69;53;48mbbbbbbbb[38;2;93;63;53mww[38;2;142;98;82mYYY[38;2;69;53;48mb[38;2;98;69;42mm[38;2;145;96;71mU[38;2;98;69;42mmm[38;2;221;166;105m}    [38;2;52;8;7m&[38;2;115;18;16maaa[38;2;86;15;13m************                 [0m
            [38;2;250;250;227m''''''[38;2;178;176;159m}}[38;2;107;102;92mJJ[38;2;69;53;48mbbb      b[38;2;93;63;53mw[38;2;142;98;82mYYYY[38;2;93;63;53mw[38;2;50;33;28m*[38;2;69;53;48mb[38;2;145;96;71mU[38;2;221;166;105m}[38;2;98;69;42mmm[38;2;221;166;105m}     [38;2;115;18;16maaaaaa[38;2;86;15;13m********                [0m
          [38;2;107;102;92mJJ[38;2;250;250;227m'''''[38;2;107;102;92mJJJJJ          [38;2;93;63;53mw[38;2;142;98;82mYYYYY[38;2;69;53;48mbb[38;2;50;33;28m* [38;2;145;96;71mU[38;2;221;166;105m}}}}       [38;2;52;8;7m&[38;2;115;18;16maaa aaa[38;2;52;8;7m&                 [0m
         [38;2;142;98;82mYYY[38;2;93;63;53mw[38;2;142;98;82mY[38;2;250;250;227m'[38;2;107;102;92mJJJJ              [38;2;142;98;82mYYYYY[38;2;93;63;53mw[38;2;69;53;48mbb                                       [0m
        [38;2;142;98;82mYYYYY[38;2;69;53;48mbb[38;2;107;102;92mJ                  [38;2;142;98;82mYYYYY[38;2;93;63;53mw[38;2;69;53;48mb                                       [0m
       [38;2;50;33;28m*[38;2;69;53;48mbbbbbb                    [38;2;50;33;28m**[38;2;144;102;81mY[38;2;241;227;207mI[38;2;142;98;82mY[38;2;93;63;53mw[38;2;69;53;48mbb                                      [0m
       [38;2;50;33;28m*[38;2;69;53;48mbbbbbb                      [38;2;93;63;53mw[38;2;142;98;82mYY[38;2;93;63;53mww[38;2;69;53;48mbbb                                    [0m
      [38;2;93;63;53mw[38;2;69;53;48mbbbbbbb                       bbbb[38;2;50;33;28m*[38;2;69;53;48mbbb                                   [0m
    [38;2;69;53;48mb[38;2;142;98;82mYY[38;2;93;63;53mw[38;2;69;53;48mbbbbbbb                       bbbbbbbb[38;2;93;63;53mww[38;2;50;33;28m*                               [0m
     [38;2;69;53;48mbb[38;2;142;98;82mYY[38;2;69;53;48mb[38;2;93;63;53mww[38;2;69;53;48mb[38;2;50;33;28m*                         *[38;2;69;53;48mbbbbbbbb[38;2;93;63;53mw                               [0m
      [38;2;69;53;48mbb[38;2;93;63;53mw[38;2;69;53;48mbbbb                           [38;2;50;33;28m*[38;2;93;63;53mww[38;2;69;53;48mbbbbbb[38;2;50;33;28m*                              [0m
      [38;2;69;53;48mbbbbbb[38;2;52;8;7m&                            [38;2;69;53;48mbbbbbbbbb[38;2;50;33;28m*                             [0m
      [38;2;86;15;13m******                               [38;2;69;53;48mbbbbbbb[38;2;86;15;13m**                            [0m
      [38;2;177;30;22mw[38;2;52;8;7m&[38;2;86;15;13m***                                   ***[38;2;107;102;92mJ[38;2;86;15;13m***                           [0m
     [38;2;107;102;92mJ[38;2;177;30;22mw[38;2;52;8;7m&&[38;2;86;15;13m**                                    [38;2;52;8;7m&&[38;2;59;56;45mbb[38;2;115;18;16ma[38;2;86;15;13m*[38;2;52;8;7m&                          [0m
   [38;2;52;8;7m&[38;2;177;30;22mw[38;2;178;176;159m}[38;2;59;56;45mb[38;2;115;18;16ma[38;2;86;15;13m****                                     *[38;2;178;176;159m}[38;2;86;15;13m*[38;2;115;18;16ma[38;2;59;56;45mb[38;2;86;15;13m*                         [0m
[38;2;177;30;22mw[38;2;230;98;85mn[38;2;177;30;22mwww[38;2;115;18;16ma[38;2;86;15;13m*[38;2;52;8;7m&[38;2;86;15;13m***[38;2;107;102;92mJ                                      [38;2;86;15;13m*[38;2;115;18;16ma[38;2;86;15;13m**[38;2;115;18;16ma                         [0m
[38;2;86;15;13m**[38;2;115;18;16ma[38;2;86;15;13m****[38;2;107;102;92mJ[38;2;59;56;45mb                                         [38;2;86;15;13m**[38;2;115;18;16ma[38;2;177;30;22mww[38;2;86;15;13m*                        [0m
 [38;2;59;56;45mb[38;2;107;102;92mJJJJ                                            [38;2;86;15;13m*[38;2;177;30;22mwwww[38;2;115;18;16ma[38;2;86;15;13m*                       [0m
                                                  [38;2;86;15;13m*******                       [0m
                                                   [38;2;59;56;45mb[38;2;107;102;92mJJ[38;2;59;56;45mb                         [0m
