                                                                                [0m
                                                                                [0m
                                                                                [0m
                                                                                [0m
                                                                                [0m
                                                                                [0m
                                                                                [0m
                                                                                [0m
                                                                                [0m
                                                                                [0m
                                                                                [0m
                                                                                [0m
                                                                                [0m
                                                             [38;2;245;84;43mv[38;2;247;88;42mu                 [0m
                                                             [38;2;249;105;38mr[38;2;239;105;31mx[38;2;157;74;18mQ                [0m
                                                  [38;2;135;43;25mq[38;2;228;67;45mY[38;2;244;69;51mz[38;2;228;67;45mY[38;2;211;61;43mJ                         [0m
                                               [38;2;211;61;43mJJ[38;2;221;62;46mU[38;2;244;71;50mc[38;2;244;69;51mzz[38;2;244;71;50mc[38;2;244;69;51mzz[38;2;228;67;45mY                       [0m
                                            [38;2;228;67;45mY[38;2;245;74;48mc[38;2;244;71;50mcc[38;2;245;74;48mc[38;2;244;71;50mcc[38;2;245;74;48mc[38;2;244;71;50mcc[38;2;245;74;48mc[38;2;244;71;50mcc[38;2;245;74;48mc[38;2;244;71;50mc                     [0m
                                           [38;2;228;74;41mz[38;2;245;76;47mc[38;2;244;74;48mc[38;2;245;76;47mcc[38;2;244;74;48mc[38;2;245;76;47mcc[38;2;244;74;48mc[38;2;245;76;47mc[38;2;245;74;48mc[38;2;244;74;48mc[38;2;245;76;47mc[38;2;245;74;48mc[38;2;244;74;48mc[38;2;245;74;48mcc[38;2;211;61;43mJ                   [0m
                                         [38;2;228;74;41mz[38;2;246;79;46mv[38;2;243;78;46mcc[38;2;246;79;46mv[38;2;243;78;46mcc[38;2;246;79;46mv[38;2;243;78;46mcc[38;2;246;79;46mv[38;2;243;78;46mcc[38;2;246;79;46mv[38;2;243;78;46mcc[38;2;246;79;46mv[38;2;243;78;46mcc[38;2;246;79;46mv                   [0m
                                        [38;2;220;74;39mX[38;2;243;78;46mc[38;2;246;81;45mv[38;2;243;78;46mcc[38;2;246;81;45mv[38;2;243;78;46mcc[38;2;246;81;45mv[38;2;243;78;46mcc[38;2;246;81;45mv[38;2;243;78;46mcc[38;2;246;81;45mv[38;2;243;78;46mcc[38;2;246;81;45mv[38;2;243;78;46mcc[38;2;246;81;45mv                   [0m
                                     [38;2;165;64;24mQ[38;2;228;81;37mz[38;2;246;82;44mv[38;2;246;83;44mvv[38;2;246;82;44mv[38;2;246;83;44mvv[38;2;246;82;44mv[38;2;246;83;44mvv[38;2;246;82;44mv[38;2;246;83;44mv[38;2;246;81;45mvv[38;2;246;83;44mv[38;2;246;81;45mvv[38;2;246;83;44mv[38;2;246;81;45mvv[38;2;246;83;44mv[38;2;246;81;45mvv[38;2;149;48;27mm                  [0m
                                   [38;2;232;91;34mv[38;2;247;88;42mu[38;2;245;84;43mv[38;2;247;88;42muu[38;2;245;84;43mvv[38;2;247;86;42mu[38;2;245;84;43mvv[38;2;247;86;42mu[38;2;245;84;43mvv[38;2;247;86;42mu[38;2;245;84;43mvv[38;2;247;86;42mu[38;2;245;84;43mvv[38;2;247;86;42mu[38;2;245;84;43mvv[38;2;247;86;42mu[38;2;245;84;43mvv[38;2;247;86;42mu[38;2;182;64;30mL                  [0m
                                 [38;2;241;89;38mu[38;2;245;84;43mv[38;2;247;88;42muu[38;2;245;84;43mv[38;2;247;88;42muu[38;2;245;84;43mvv[38;2;247;88;42mu[38;2;245;84;43mvv[38;2;247;88;42mu[38;2;245;84;43mvv[38;2;247;88;42mu[38;2;245;84;43mvv[38;2;247;88;42mu[38;2;245;84;43mvv[38;2;247;88;42mu[38;2;245;84;43mvv[38;2;247;88;42mu[38;2;245;84;43mvv[38;2;247;88;42mu[38;2;149;65;19mO                  [0m
                              [38;2;228;90;33mv[38;2;247;90;40mu[38;2;247;89;40muu[38;2;247;90;40mu[38;2;247;89;40muu[38;2;247;90;40mu[38;2;247;89;40muu[38;2;247;90;40muu[38;2;247;89;40mu[38;2;247;90;40muu[38;2;247;89;40mu[38;2;247;90;40muu[38;2;247;89;40mu[38;2;247;88;42mu[38;2;247;89;40muu[38;2;247;88;42mu[38;2;247;89;40muu[38;2;247;88;42mu[38;2;247;89;40muu[38;2;247;88;42mu[38;2;247;89;40muu                   [0m
                           [38;2;209;89;28mz[38;2;239;98;34mn[38;2;247;96;40mn[38;2;248;94;39mn[38;2;247;92;38mn[38;2;247;96;40mn[38;2;248;94;39mn[38;2;247;92;38mn[38;2;247;96;40mn[38;2;248;94;39mn[38;2;247;92;38mn[38;2;247;96;40mn[38;2;248;94;39mn[38;2;247;92;38mn[38;2;241;89;38mu[38;2;248;94;39mn[38;2;247;89;40mu[38;2;241;89;38mu[38;2;248;94;39mn[38;2;247;89;40mu[38;2;241;89;38mu[38;2;248;94;39mn[38;2;247;89;40mu[38;2;241;89;38mu[38;2;248;94;39mn[38;2;247;89;40mu[38;2;241;89;38mu[38;2;248;94;39mn[38;2;247;89;40mu[38;2;241;89;38mu[38;2;248;94;39mn[38;2;247;89;40mu[38;2;241;89;38mu[38;2;248;94;39mn                   [0m
                          [38;2;200;88;25mX[38;2;247;96;40mn[38;2;247;92;38mn[38;2;247;96;40mnn[38;2;247;92;38mn[38;2;247;96;40mnn[38;2;247;92;38mn[38;2;247;96;40mnn[38;2;241;89;38mu[38;2;247;96;40mnn[38;2;241;89;38mu[38;2;247;92;38mn[38;2;247;96;40mn[38;2;241;89;38mu[38;2;247;92;38mn[38;2;247;96;40mn[38;2;241;89;38mu[38;2;247;92;38mn[38;2;247;96;40mn[38;2;241;89;38mu[38;2;247;92;38mn[38;2;247;96;40mn[38;2;241;89;38mu[38;2;247;92;38mn[38;2;247;96;40mn[38;2;241;89;38mu[38;2;247;92;38mn[38;2;247;96;40mn[38;2;241;89;38mu[38;2;247;92;38mn[38;2;249;105;38mr                   [0m
                        [38;2;251;111;29mj[38;2;248;100;35mx[38;2;248;100;34mxx[38;2;248;100;35mx[38;2;248;100;34mxx[38;2;248;100;35mxx[38;2;248;100;34mx[38;2;248;100;35mx[38;2;248;98;36mnn[38;2;248;100;35mx[38;2;248;98;36mnnnn[38;2;247;95;37mn[38;2;248;98;36mnn[38;2;247;95;37mn[38;2;248;98;36mnn[38;2;247;95;37mn[38;2;247;96;40mn[38;2;247;95;37mnn[38;2;247;96;40mn[38;2;247;95;37mnn[38;2;247;96;40mn[38;2;247;95;37mnn[38;2;247;96;40mn[38;2;247;95;37mn[38;2;251;111;29mj                   [0m
                     [38;2;240;111;29mr[38;2;248;116;29mj[38;2;252;118;29mf[38;2;251;114;30mj[38;2;251;111;29mj[38;2;251;115;34mj[38;2;251;114;30mj[38;2;251;111;29mj[38;2;251;115;34mj[38;2;251;110;31mj[38;2;250;105;31mx[38;2;251;112;35mjj[38;2;250;105;31mx[38;2;251;112;35mjj[38;2;250;105;31mx[38;2;251;112;35mj[38;2;251;110;31mj[38;2;250;105;31mxx[38;2;251;112;35mj[38;2;250;105;31mxx[38;2;251;112;35mj[38;2;250;105;31mx[38;2;249;105;32mx[38;2;249;109;35mr[38;2;249;105;32mxx[38;2;249;109;35mr[38;2;249;105;32mx[38;2;248;100;34mx[38;2;250;105;33mr[38;2;249;105;32mx[38;2;248;100;34mx[38;2;250;105;33mr[38;2;249;105;32mx[38;2;250;105;31mx[38;2;252;116;28mj[38;2;251;112;35mj[38;2;230;98;31mu                 [0m
                   [38;2;239;105;31mx[38;2;251;112;35mj[38;2;252;119;25mf[38;2;253;123;23mf[38;2;252;119;25mfffffffffffffffff[38;2;252;118;27mf[38;2;252;118;29mf[38;2;252;118;27mff[38;2;252;118;29mf[38;2;252;116;28mj[38;2;252;118;27mf[38;2;252;118;29mf[38;2;252;116;28mjj[38;2;254;224;116mi[38;2;255;228;124m!![38;2;254;209;110m<[38;2;252;116;28mjjj[38;2;251;114;29mjj[38;2;252;118;27mf[38;2;251;113;29mj[38;2;251;111;29mj[38;2;251;110;31mj[38;2;251;108;31mr[38;2;182;77;24mJ               [0m
                  [38;2;232;105;30mn[38;2;251;114;36mj[38;2;251;115;34mj[38;2;253;126;21mt[38;2;255;128;22mt[38;2;253;126;21mtt[38;2;255;128;22mt[38;2;253;126;21mtt[38;2;255;128;22mt[38;2;253;126;21mtt[38;2;255;128;22mt[38;2;253;126;21mtt[38;2;255;128;22mt[38;2;253;126;21mt[38;2;253;123;23mf[38;2;255;128;22mt[38;2;253;151;49m)[38;2;254;226;123m![38;2;255;230;130ml[38;2;253;127;27mt[38;2;253;123;23mffff[38;2;253;127;27mt[38;2;253;123;23mfff[38;2;254;226;123m![38;2;255;228;124m![38;2;255;230;130ml[38;2;255;229;126ml[38;2;254;226;123m![38;2;252;141;47m([38;2;252;119;25mff[38;2;252;123;28mf[38;2;253;123;23mf[38;2;251;113;29mj[38;2;251;111;29mjj[38;2;251;108;31mrr[38;2;239;105;31mx[38;2;182;77;24mJ             [0m
                [38;2;230;105;27mn[38;2;251;114;36mj[38;2;249;109;35mr[38;2;251;114;30mj[38;2;251;117;34mf[38;2;255;128;22mt[38;2;253;126;21mt[38;2;255;132;23m//[38;2;253;126;21mt[38;2;255;132;23m//[38;2;253;126;21mt[38;2;255;132;23m//[38;2;253;126;21mt[38;2;255;132;23m//[38;2;253;126;21mt[38;2;255;145;36m([38;2;255;231;134ml[38;2;255;230;130ml[38;2;255;232;137mI[38;2;255;231;134ml[38;2;255;230;130ml[38;2;254;226;123m![38;2;255;132;23m/[38;2;253;126;21mtt[38;2;255;132;23m/[38;2;253;126;21mtt[38;2;255;132;23m/[38;2;253;126;21mt[38;2;254;226;123m![38;2;255;231;134ml[38;2;255;229;126ml[38;2;255;226;127m![38;2;255;231;134ml[38;2;255;229;126ml[38;2;253;126;21mt[38;2;255;132;23m/[38;2;253;126;21mtt[38;2;251;116;30mj[38;2;251;117;34mf[38;2;251;111;29mj[38;2;251;114;30mj[38;2;251;115;34mj[38;2;250;105;31mx[38;2;251;112;35mj[38;2;239;105;31mx[38;2;192;87;23mY           [0m
               [38;2;211;97;26mc[38;2;251;114;36mj[38;2;251;112;35mj[38;2;251;117;34mff[38;2;252;118;29mf[38;2;253;126;21mt[38;2;255;128;22mt[38;2;253;126;21mtt[38;2;255;128;22mt[38;2;253;126;21mtt[38;2;255;128;22mt[38;2;253;126;21mtt[38;2;255;128;22mt[38;2;253;126;21mt[38;2;255;184;86m-[38;2;255;228;132ml[38;2;255;231;134mllllll[38;2;255;232;137mI[38;2;255;184;86m-[38;2;255;128;22mtt[38;2;253;126;21mt[38;2;255;128;22mtt[38;2;255;151;43m)[38;2;255;230;130ml[38;2;255;231;134mllllll[38;2;255;230;130ml[38;2;255;155;47m1[38;2;255;128;22mt[38;2;252;118;29mf[38;2;251;114;29mj[38;2;251;113;29mj[38;2;251;114;30mj[38;2;251;113;29mj[38;2;251;111;29mj[38;2;251;110;31mjj[38;2;251;107;31mr[38;2;251;110;31mj[38;2;251;107;31mr[38;2;182;77;24mJ         [0m
              [38;2;230;105;27mn[38;2;251;112;35mj[38;2;251;114;36mj[38;2;251;115;34mj[38;2;251;117;34mf[38;2;251;122;32mff[38;2;253;126;21mt[38;2;255;128;22mt[38;2;253;126;21mtt[38;2;255;128;22mt[38;2;253;126;21mtt[38;2;255;128;22mt[38;2;253;126;21mtt[38;2;255;128;22mt[38;2;253;126;21mt[38;2;255;232;137mI[38;2;255;233;140mI[38;2;255;232;137mII[38;2;255;233;140mI[38;2;255;232;137mII[38;2;255;233;140mI[38;2;255;232;137mI[38;2;255;228;132ml[38;2;255;128;22mtt[38;2;253;126;21mt[38;2;255;128;22mtt[38;2;255;207;110m<[38;2;255;232;137mII[38;2;255;231;134ml[38;2;255;232;137mII[38;2;255;231;134ml[38;2;255;232;137mII[38;2;255;226;127m![38;2;255;151;43m)[38;2;252;118;29mf[38;2;251;114;29mjj[38;2;251;114;30mj[38;2;251;113;29mjjj[38;2;251;111;29mj[38;2;251;108;31mr[38;2;251;110;31mj[38;2;251;107;31mrr[38;2;239;105;31mx[38;2;182;77;24mJ       [0m
             [38;2;249;109;35mr[38;2;251;114;36mj[38;2;249;109;35mr[38;2;251;114;30mj[38;2;251;117;34mf[38;2;248;116;29mj[38;2;252;123;28mf[38;2;253;133;28m//[38;2;253;137;25m/[38;2;255;144;30m(([38;2;253;137;25m/[38;2;255;144;30m(([38;2;253;137;25m/[38;2;255;144;30m([38;2;255;136;24m/[38;2;255;184;86m-[38;2;255;234;143mII[38;2;254;229;137ml[38;2;255;234;143mII[38;2;254;229;137ml[38;2;255;234;143mII[38;2;254;229;137mll[38;2;255;234;143mI[38;2;255;228;132ml[38;2;253;126;21mt[38;2;255;132;23m/[38;2;253;126;21mtt[38;2;255;232;137mI[38;2;254;229;137mll[38;2;255;234;143mI[38;2;254;229;137mll[38;2;255;234;143mI[38;2;254;229;137mll[38;2;255;234;143mI[38;2;254;229;137ml[38;2;248;116;29mj[38;2;251;122;32mff[38;2;251;113;29mj[38;2;252;118;29mf[38;2;251;117;34mf[38;2;251;111;29mj[38;2;251;115;34mjj[38;2;250;105;31mx[38;2;251;112;35mjj[38;2;250;105;31mx[38;2;251;110;31mj[38;2;239;105;31mx      [0m
            [38;2;232;105;30mn[38;2;251;114;36mj[38;2;251;112;35mj[38;2;251;117;34mfff[38;2;252;126;31mt[38;2;252;128;29mt[38;2;253;130;26mt[38;2;253;137;25m/[38;2;255;141;26m|[38;2;255;139;25m||[38;2;255;141;26m|[38;2;255;139;25m||[38;2;255;141;26m|[38;2;255;139;25m|[38;2;254;229;137ml[38;2;255;234;147mI[38;2;255;233;144mI[38;2;254;233;146mI[38;2;255;234;147mI[38;2;255;234;143mIIIIII[38;2;255;234;147mI[38;2;255;234;143mII[38;2;255;144;30m([38;2;255;139;25m|[38;2;255;141;26m|[38;2;255;226;127m![38;2;255;234;143mIIIIIIIIIII[38;2;255;198;110m~[38;2;252;123;28mf[38;2;252;116;28mj[38;2;252;118;29mf[38;2;251;116;30mj[38;2;251;114;29mj[38;2;251;116;30mj[38;2;251;114;29mj[38;2;251;111;29mj[38;2;251;114;30mj[38;2;251;111;29mjj[38;2;251;110;31mj[38;2;251;108;31mr[38;2;250;105;31mx[38;2;251;108;31mr[38;2;232;105;30mn    [0m
           [38;2;165;75;20mL[38;2;251;112;35mj[38;2;251;114;36mj[38;2;251;115;34mj[38;2;251;117;34mf[38;2;251;122;32mff[38;2;252;126;31mt[38;2;253;133;28m/[38;2;253;133;26m/[38;2;255;139;25m|[38;2;255;141;26m|[38;2;255;139;25m||[38;2;255;141;26m|[38;2;255;139;25m||[38;2;255;141;26m|[38;2;255;144;30m([38;2;254;233;146mI[38;2;255;236;149mI[38;2;255;234;147mI[38;2;254;233;146mI[38;2;255;236;149mI[38;2;255;234;147mI[38;2;254;233;146mI[38;2;255;236;149mI[38;2;255;234;147mI[38;2;254;233;146mI[38;2;255;236;149mI[38;2;255;234;147mI[38;2;254;233;146mI[38;2;255;236;149mI[38;2;255;233;140mI[38;2;255;194;94m_[38;2;255;226;127m![38;2;255;234;147mI[38;2;254;233;146mI[38;2;255;236;149mI[38;2;255;234;147mI[38;2;255;233;144mI[38;2;255;236;149mI[38;2;255;234;147mI[38;2;255;233;144mI[38;2;255;236;149mI[38;2;255;234;147mI[38;2;255;233;144mI[38;2;255;236;149mI[38;2;255;233;140mI[38;2;255;163;61m{[38;2;252;123;28mf[38;2;252;118;29mf[38;2;252;116;28mj[38;2;251;116;30mjj[38;2;251;113;29mjj[38;2;251;114;30mj[38;2;251;111;29mjjj[38;2;251;108;31mrrr[38;2;250;105;31mx    [0m
           [38;2;251;114;36mj[38;2;249;109;35mr[38;2;251;114;30mj[38;2;251;117;34mf[38;2;248;116;29mj[38;2;251;122;32mf[38;2;252;126;31mt[38;2;253;127;27mt[38;2;253;133;26m/[38;2;255;144;30m(([38;2;253;137;25m/[38;2;255;144;30m(([38;2;253;137;25m/[38;2;255;144;30m(([38;2;252;180;85m?[38;2;255;236;151mI[38;2;255;237;154m;[38;2;255;234;147mI[38;2;255;238;157m;[38;2;255;237;154m;[38;2;255;234;147mI[38;2;255;238;157m;[38;2;255;237;154m;[38;2;255;234;147mI[38;2;255;237;154m;;[38;2;254;233;146mII[38;2;255;237;154m;[38;2;254;233;146mII[38;2;255;237;154m;[38;2;254;233;146mII[38;2;255;237;154m;[38;2;254;233;146mII[38;2;255;237;154m;[38;2;254;233;146mII[38;2;255;237;154m;[38;2;254;233;146mII[38;2;255;237;154m;[38;2;254;233;146mII[38;2;255;234;143mI[38;2;252;128;29mt[38;2;252;119;25mf[38;2;252;126;31mt[38;2;251;122;32mf[38;2;248;116;29mj[38;2;252;118;29mf[38;2;251;117;34mf[38;2;251;111;29mj[38;2;251;116;30mj[38;2;251;117;34mf[38;2;251;111;29mj[38;2;251;114;30mj[38;2;251;112;35mj[38;2;250;105;31mx[38;2;251;112;35mj[38;2;220;98;28mv   [0m
          [38;2;230;105;27mn[38;2;251;112;35mj[38;2;251;114;36mj[38;2;251;117;34mff[38;2;251;122;32mf[38;2;252;128;29mt[38;2;253;130;26mt[38;2;254;137;26m|[38;2;255;141;26m|[38;2;255;139;25m||[38;2;255;141;26m|[38;2;255;139;25m||[38;2;255;141;26m|[38;2;255;139;25m|[38;2;255;227;139ml[38;2;255;238;157m;[38;2;255;237;154m;;[38;2;255;238;157m;[38;2;255;237;154m;;[38;2;255;238;157m;[38;2;255;237;154m;;;;;;[38;2;255;238;157m;[38;2;255;237;154m;;;;;;;;;;;;;;;[38;2;255;236;151mI[38;2;255;237;154m;;[38;2;255;236;151mI[38;2;253;130;26mt[38;2;253;133;28m/[38;2;253;127;27mt[38;2;252;123;28mff[38;2;251;116;30mj[38;2;251;114;29mj[38;2;252;118;29mf[38;2;251;114;29mj[38;2;251;113;29mj[38;2;251;114;30mj[38;2;251;113;29mj[38;2;251;111;29mj[38;2;251;110;31mjj[38;2;239;105;31mx   [0m
          [38;2;230;105;27mn[38;2;251;117;34mf[38;2;251;114;30mj[38;2;248;116;29mj[38;2;252;126;31mt[38;2;252;123;28mf[38;2;253;130;26mt[38;2;255;139;27m|[38;2;253;137;25m//[38;2;255;144;30m(([38;2;253;137;25m/[38;2;255;144;30m(([38;2;253;137;25m/[38;2;255;145;36m([38;2;255;240;164m;[38;2;255;237;154m;[38;2;255;240;162m;[38;2;255;240;164m;[38;2;255;237;154m;[38;2;255;240;162m;;[38;2;255;237;154m;[38;2;255;240;162m;;[38;2;255;237;154m;[38;2;255;240;162m;;[38;2;255;237;154m;;[38;2;255;240;162m;[38;2;255;237;154m;;[38;2;255;240;162m;[38;2;255;237;154m;;[38;2;255;240;162m;[38;2;255;237;154m;;[38;2;255;240;162m;[38;2;255;237;154m;;[38;2;255;239;160m;[38;2;255;236;151mI[38;2;255;237;154m;[38;2;255;239;160m;[38;2;255;236;151mI[38;2;255;237;154m;[38;2;255;239;160m;[38;2;255;196;103m+[38;2;253;133;26m/[38;2;253;133;28m/[38;2;252;128;29mt[38;2;253;123;23mf[38;2;252;126;31mt[38;2;251;122;32mf[38;2;248;116;29mj[38;2;251;122;32mf[38;2;252;118;29mf[38;2;251;113;29mj[38;2;251;117;34mf[38;2;251;115;34mj[38;2;251;111;29mj[38;2;251;115;34mj[38;2;240;111;29mr   [0m
          [38;2;231;109;26mx[38;2;251;117;34mf[38;2;248;116;29mj[38;2;252;118;29mf[38;2;252;126;31mt[38;2;253;127;27mt[38;2;253;133;26m/[38;2;255;144;30m([38;2;253;137;25m//[38;2;255;144;30m(([38;2;253;137;25m/[38;2;255;144;30m(([38;2;253;137;25m/[38;2;255;219;129mi[38;2;255;240;164m;[38;2;255;237;159m;[38;2;255;241;166m:[38;2;255;240;164m;[38;2;255;237;159m;[38;2;255;241;166m:[38;2;255;240;164m;[38;2;255;237;159m;[38;2;255;241;166m:[38;2;255;240;164m;[38;2;255;237;159m;[38;2;255;240;164m;;[38;2;255;237;159m;;[38;2;255;240;164m;[38;2;255;237;159m;;[38;2;255;240;164m;[38;2;255;237;159m;[38;2;255;237;154m;[38;2;255;240;162m;[38;2;255;238;157m;[38;2;255;237;154m;[38;2;255;240;162m;[38;2;255;238;157m;[38;2;255;237;154m;[38;2;255;240;162m;[38;2;255;238;157m;[38;2;255;237;154m;[38;2;255;240;162m;[38;2;255;238;157m;[38;2;255;237;154m;[38;2;255;240;162m;[38;2;255;227;139ml[38;2;247;133;24mt[38;2;255;139;27m|[38;2;253;133;28m/[38;2;253;126;21mt[38;2;252;128;29mt[38;2;252;126;31mt[38;2;248;116;29mj[38;2;251;122;32mff[38;2;251;113;29mj[38;2;252;118;29mf[38;2;251;117;34mf[38;2;251;111;29mj[38;2;251;115;34mj[38;2;232;105;30mn   [0m
          [38;2;218;106;23mu[38;2;251;116;30mj[38;2;251;122;32mf[38;2;252;128;29mt[38;2;253;130;26mt[38;2;253;133;28m/[38;2;255;141;26m|[38;2;255;139;25m|[38;2;255;141;26m||[38;2;255;139;25m||[38;2;255;141;26m|[38;2;255;139;25m||[38;2;255;208;129m>[38;2;255;239;164m;[38;2;255;240;164m;[38;2;255;241;166m:[38;2;255;239;164m;[38;2;255;240;164m;[38;2;255;241;166m:[38;2;255;239;164m;[38;2;255;240;164m;[38;2;255;241;166m:[38;2;255;239;164m;[38;2;255;240;164m;[38;2;255;241;166m:[38;2;255;239;164m;[38;2;255;240;164m;;[38;2;255;241;166m:[38;2;255;239;164m;[38;2;255;240;164m;[38;2;255;241;166m:[38;2;255;239;164m;[38;2;255;240;164m;[38;2;255;241;166m:[38;2;255;239;164m;[38;2;255;240;164m;[38;2;255;241;166m:[38;2;255;239;164m;[38;2;255;240;164m;[38;2;255;241;166m:[38;2;255;239;164m;[38;2;255;240;164m;;[38;2;255;240;162m;[38;2;255;240;164m;;[38;2;255;240;162m;[38;2;255;236;151mI[38;2;255;144;30m([38;2;255;139;25m|[38;2;253;137;25m/[38;2;254;137;26m|[38;2;253;133;26m/[38;2;253;127;27mtt[38;2;252;123;28mf[38;2;252;116;28mj[38;2;252;118;29mf[38;2;251;116;30mj[38;2;251;114;29mj[38;2;251;116;30mj[38;2;251;113;29mj    [0m
           [38;2;252;126;31mt[38;2;252;123;28mf[38;2;253;127;27mt[38;2;255;139;27m|[38;2;253;137;25m//[38;2;255;144;30m([38;2;253;137;25m//[38;2;255;144;30m(([38;2;253;137;25m/[38;2;255;144;30m([38;2;255;175;75m[[38;2;255;233;161mI[38;2;255;243;172m::[38;2;255;239;164m;[38;2;255;243;172m::[38;2;255;239;164m;[38;2;255;243;172m::[38;2;255;239;164m;[38;2;255;243;172m::[38;2;255;239;164m;[38;2;255;243;172m::[38;2;255;239;164m;;[38;2;255;243;172m:[38;2;255;239;164m;;[38;2;255;243;172m:[38;2;255;239;164m;;[38;2;255;243;172m:[38;2;255;239;164m;;[38;2;255;243;172m:[38;2;255;239;164m;;[38;2;255;242;170m:[38;2;255;239;164m;;[38;2;255;242;170m:[38;2;255;239;164m;;[38;2;255;242;170m:[38;2;255;238;157m;[38;2;255;145;36m([38;2;255;144;30m(([38;2;253;137;25m/[38;2;255;139;27m|[38;2;253;133;28m/[38;2;253;130;26mt[38;2;253;133;28m/[38;2;252;126;31mt[38;2;252;118;27mf[38;2;251;122;32mf[38;2;252;118;29mf[38;2;251;114;29mj[38;2;248;116;29mj    [0m
           [38;2;239;117;25mr[38;2;252;123;28mf[38;2;253;133;26m/[38;2;255;139;27m|[38;2;253;137;25m//[38;2;255;144;30m([38;2;253;137;25m//[38;2;255;144;30m(([38;2;253;137;25m/[38;2;255;144;30m([38;2;255;219;129mi[38;2;255;242;169m:[38;2;255;244;176m:[38;2;255;243;174m:[38;2;255;242;169m:[38;2;255;244;176m:[38;2;255;243;174m:[38;2;255;241;167m:[38;2;255;244;176m:[38;2;255;243;174m:[38;2;255;241;167m:[38;2;255;244;176m:[38;2;255;243;172m:[38;2;255;241;167m:[38;2;255;243;174m:[38;2;255;243;172m:[38;2;255;241;167m::[38;2;255;243;172m:[38;2;255;241;167m::[38;2;255;243;172m:[38;2;255;241;167m:[38;2;255;239;164m;[38;2;255;243;172m:[38;2;255;241;167m:[38;2;255;239;164m;[38;2;255;243;172m:[38;2;255;241;167m:[38;2;255;239;164m;[38;2;255;243;172m:[38;2;255;241;167m:[38;2;255;239;164m;[38;2;255;243;172m:[38;2;255;239;164m;;[38;2;255;243;172m:[38;2;255;237;159m;[38;2;255;145;36m([38;2;255;144;30m(([38;2;253;137;25m/[38;2;255;144;30m([38;2;255;139;27m|[38;2;253;130;26mt[38;2;253;133;28m/[38;2;252;128;29mt[38;2;252;119;25mf[38;2;252;126;31mt[38;2;251;122;32mf[38;2;248;116;29mj[38;2;148;77;14mQ    [0m
            [38;2;247;133;24mt[38;2;255;141;26m|[38;2;255;139;25m|[38;2;255;141;26m||[38;2;255;139;25m|[38;2;255;141;26m||[38;2;255;139;25m||[38;2;255;141;26m|[38;2;255;139;25m|[38;2;255;239;164m;[38;2;255;244;176m:[38;2;255;243;174m::[38;2;255;244;176m:[38;2;255;243;174m::[38;2;255;244;176m:[38;2;255;243;174m:::[38;2;255;243;172m:[38;2;255;243;174m::[38;2;255;243;172m:[38;2;255;243;174m::[38;2;255;244;176m:[38;2;255;243;174m::[38;2;255;244;176m:[38;2;255;243;172m:[38;2;255;243;174m:[38;2;255;244;176m:[38;2;255;243;172m:[38;2;255;243;174m:[38;2;255;244;176m:[38;2;255;243;172m:[38;2;255;243;174m:[38;2;255;244;176m:[38;2;255;243;172m::[38;2;255;243;174m:[38;2;255;243;172m::[38;2;255;243;174m:[38;2;255;243;172m:[38;2;255;236;151mI[38;2;255;141;26m|[38;2;255;139;25m||[38;2;255;141;26m|[38;2;255;139;25m||[38;2;255;139;27m|[38;2;253;137;25m/[38;2;253;130;26mt[38;2;253;133;28m/[38;2;253;127;27mt[38;2;232;114;24mx      [0m
             [38;2;253;137;25m/[38;2;255;144;30m([38;2;253;137;25m//[38;2;255;144;30m([38;2;253;137;25m//[38;2;255;144;30m(([38;2;253;137;25m/[38;2;255;144;30m([38;2;255;233;161mI[38;2;255;243;177m:[38;2;255;245;182m,[38;2;255;246;184m,[38;2;255;243;177m:[38;2;255;245;182m,[38;2;255;246;184m,[38;2;255;243;174m:[38;2;255;245;181m,[38;2;255;246;184m,[38;2;255;243;174m:[38;2;255;245;181m,[38;2;255;245;182m,[38;2;255;243;174m:[38;2;255;245;181m,[38;2;255;245;182m,[38;2;255;243;174m::[38;2;255;245;181m,[38;2;255;239;172m:[38;2;255;243;174m:[38;2;255;245;181m,[38;2;255;239;172m:[38;2;255;243;174m:[38;2;255;245;181m,[38;2;255;239;172m:[38;2;255;243;174m:[38;2;255;245;181m,[38;2;255;239;172m:[38;2;255;243;174m:[38;2;255;245;181m,[38;2;255;239;172m:[38;2;255;243;174m:[38;2;255;245;181m,[38;2;255;239;172m:[38;2;255;243;174m:[38;2;255;245;181m,[38;2;255;188;95m-[38;2;253;137;25m/[38;2;255;144;30m(([38;2;253;137;25m/[38;2;255;144;30m(([38;2;253;137;25m/[38;2;255;144;30m([38;2;255;139;27m|[38;2;253;133;26m/[38;2;253;133;28m/       [0m
             [38;2;238;127;22mf[38;2;255;139;25m|[38;2;255;141;26m||[38;2;255;139;25m|[38;2;255;141;26m||[38;2;255;139;25m||[38;2;255;141;26m|[38;2;255;139;25m|[38;2;255;175;75m[[38;2;255;243;177m:[38;2;255;245;182m,[38;2;255;245;181m,[38;2;255;246;184m,[38;2;255;245;182m,[38;2;255;245;181m,[38;2;255;246;184m,[38;2;255;245;182m,[38;2;255;245;181m,[38;2;255;246;184m,[38;2;255;245;182m,[38;2;255;245;181m,[38;2;255;246;184m,[38;2;255;245;181m,[38;2;255;242;179m:[38;2;255;246;184m,[38;2;255;245;182m,[38;2;255;242;179m:[38;2;255;246;184m,[38;2;255;245;182m,[38;2;255;242;179m:[38;2;255;246;184m,[38;2;255;245;182m,[38;2;255;242;179m:[38;2;255;245;182m,[38;2;255;245;181m,[38;2;255;242;179m:[38;2;255;245;182m,[38;2;255;245;181m,[38;2;255;242;179m:[38;2;255;245;182m,[38;2;255;245;181m,[38;2;255;242;179m:[38;2;255;245;181m,,[38;2;255;243;177m:[38;2;255;139;25m|[38;2;255;141;26m|[38;2;255;139;25m||[38;2;255;141;26m|[38;2;255;139;25m||[38;2;255;141;26m|[38;2;255;139;25m||[38;2;236;125;22mj        [0m
              [38;2;233;124;21mj[38;2;255;141;26m||[38;2;255;139;25m|[38;2;255;141;26m||[38;2;255;139;25m||[38;2;255;141;26m|[38;2;255;139;25m||[38;2;255;235;172m;[38;2;255;246;184m,[38;2;255;245;185m,,,,,,[38;2;255;246;184m,,[38;2;255;245;182m,[38;2;255;246;184m,,[38;2;255;245;182m,[38;2;255;246;184m,,[38;2;255;247;188m,[38;2;255;246;184m,,,[38;2;255;245;182m,[38;2;255;246;184m,,[38;2;255;245;182m,[38;2;255;246;184m,,[38;2;255;245;182m,[38;2;255;246;184m,,[38;2;255;245;182m,[38;2;255;246;184m,,[38;2;255;245;182m,[38;2;255;246;184m,,[38;2;255;235;172m;[38;2;255;139;25m|[38;2;255;141;26m|[38;2;255;139;25m||[38;2;255;141;26m|[38;2;255;139;25m||[38;2;255;141;26m|[38;2;255;139;25m|[38;2;233;124;21mj         [0m
                [38;2;253;137;25m/[38;2;255;144;30m([38;2;253;137;25m//[38;2;255;144;30m(([38;2;253;137;25m/[38;2;255;144;30m(([38;2;253;137;25m/[38;2;255;208;129m>[38;2;255;248;194m,[38;2;255;245;185m,[38;2;255;248;191m,,[38;2;255;245;185m,[38;2;255;248;191m,,[38;2;255;245;185m,[38;2;255;248;191m,,[38;2;255;245;185m,[38;2;255;248;191m,,[38;2;255;245;185m,,[38;2;255;248;191m,[38;2;255;245;185m,,[38;2;255;248;191m,[38;2;255;245;185m,,[38;2;255;248;191m,[38;2;255;245;185m,,[38;2;255;248;191m,[38;2;255;245;182m,[38;2;255;245;185m,[38;2;255;248;191m,[38;2;255;245;182m,[38;2;255;245;185m,[38;2;255;248;191m,[38;2;255;245;182m,[38;2;255;233;161mI[38;2;255;144;30m(([38;2;253;137;25m/[38;2;255;144;30m(([38;2;253;137;25m/[38;2;255;144;30m(([38;2;253;137;25m/[38;2;233;124;21mj          [0m
                 [38;2;148;77;14mQ[38;2;242;130;23mt[38;2;255;141;26m|[38;2;255;139;25m||[38;2;255;141;26m|[38;2;255;139;25m||[38;2;255;141;26m|[38;2;255;139;25m|[38;2;255;235;172m;[38;2;255;248;194m,[38;2;255;248;191m,,[38;2;255;248;194m,[38;2;255;248;191m,,[38;2;255;248;194m,[38;2;255;248;191m,[38;2;255;246;188m,[38;2;255;248;194m,[38;2;255;248;191m,[38;2;255;246;188m,[38;2;255;248;194m,[38;2;255;248;191m,[38;2;255;246;188m,[38;2;255;248;194m,[38;2;255;248;191m,[38;2;255;246;188m,[38;2;255;248;194m,[38;2;255;248;191m,[38;2;255;246;188m,[38;2;255;248;191m,,[38;2;255;246;188m,[38;2;255;248;191m,,[38;2;255;246;188m,[38;2;255;248;191m,,[38;2;255;246;188m,[38;2;255;242;179m:[38;2;255;141;26m|[38;2;255;139;25m||[38;2;255;141;26m|[38;2;255;139;25m||[38;2;255;141;26m|[38;2;255;139;25m|[38;2;160;85;14mC            [0m
                   [38;2;238;127;22mf[38;2;253;137;25m/[38;2;255;139;25m|[38;2;255;141;26m|[38;2;255;139;25m||[38;2;255;141;26m|[38;2;255;139;25m||[38;2;255;186;96m-[38;2;255;242;179m:[38;2;255;248;194m,,,,,,,,,,,,,,,,,,,,,,,,[38;2;255;248;191m,[38;2;255;248;194m,[38;2;255;246;188m,[38;2;255;215;141mi[38;2;255;141;26m||[38;2;255;139;25m||[38;2;255;141;26m|[38;2;255;139;25m||[38;2;247;133;24mt[38;2;201;105;19mc             [0m
                     [38;2;139;71;13mO[38;2;233;124;21mj[38;2;255;141;26m|[38;2;255;144;30m([38;2;253;137;25m/[38;2;255;144;30m(([38;2;253;137;25m/[38;2;255;144;30m([38;2;255;163;61m{[38;2;255;193;108m+[38;2;255;206;119m<[38;2;255;208;129m>[38;2;255;199;117m~[38;2;255;208;129m>>>[38;2;255;215;141miiii[38;2;255;224;150m![38;2;255;219;148m![38;2;255;224;150m![38;2;255;226;160ml[38;2;255;224;150m![38;2;255;226;160ml[38;2;255;235;172m;[38;2;255;226;160ml[38;2;255;235;172m;;;;[38;2;255;242;179m:[38;2;255;219;148m![38;2;253;137;25m/[38;2;255;144;30m([38;2;253;137;25m//[38;2;255;144;30m(([38;2;253;137;25m/[38;2;242;130;23mt                [0m
                          [38;2;209;110;19mu[38;2;247;133;24mt[38;2;255;141;26m|[38;2;255;139;25m||[38;2;255;141;26m|[38;2;255;139;25m|[38;2;255;141;26m|[38;2;255;163;61m{[38;2;255;168;66m][38;2;252;168;72m][38;2;255;177;82m[[38;2;255;175;75m[[[38;2;255;177;82m[[[[38;2;255;180;87m??[38;2;252;180;85m?[38;2;255;180;87m???[38;2;255;184;93m-[38;2;255;180;87m??[38;2;255;168;66m][38;2;255;141;26m|[38;2;255;139;25m|[38;2;255;141;26m||[38;2;255;139;25m|[38;2;255;141;26m|[38;2;247;133;24mt[38;2;233;124;21mj                   [0m
                              [38;2;218;116;20mn[38;2;236;125;22mj[38;2;238;127;22mf[38;2;255;139;25m|[38;2;255;141;26m|[38;2;255;139;25m||[38;2;255;141;26m|[38;2;255;144;30m([38;2;255;151;43m)[38;2;255;155;47m111[38;2;255;159;53m}}}}}[38;2;255;151;43m)[38;2;255;145;36m([38;2;255;141;26m|[38;2;255;139;25m|[38;2;255;141;26m||[38;2;255;139;25m|[38;2;255;141;26m|[38;2;247;133;24mt[38;2;236;125;22mj[38;2;148;77;14mQ                     [0m
                                            [38;2;130;68;12mZ[38;2;148;77;14mQ[38;2;172;90;16mU[38;2;148;77;14mQ[38;2;139;71;13mO                               [0m
                                                                                [0m
