                                                                                [0m
                                                                                [0m
                                                                                [0m
                                                                                [0m
                                                                                [0m
[38;2;245;78;20mc                                                                       [38;2;245;83;20mvv[38;2;249;84;21mvvv[38;2;250;91;21muu[38;2;249;83;21mv[0m
[38;2;249;77;26mcc[38;2;237;93;14mvv                                                                 [38;2;249;77;26mc[38;2;249;83;21mv[38;2;245;83;20mv[38;2;244;100;19mnn[38;2;244;107;19mx[38;2;251;107;26mr[38;2;244;100;19mn[38;2;243;100;14mnnn[0m
[38;2;249;84;21mvv[38;2;244;84;19mvv                                                               [38;2;237;93;14mvv[38;2;245;83;20mv[38;2;244;91;19mu[38;2;244;100;19mn[38;2;236;122;12mjj[38;2;255;132;34m//[38;2;250;115;20mj[38;2;250;116;20mjj[38;2;243;107;13mx[0m
[38;2;250;115;20mj[38;2;244;107;19mx[38;2;244;100;19mnn[38;2;244;91;19mu[38;2;244;84;19mv             [38;2;249;77;26mc  ccc[38;2;232;78;32mz                         z[38;2;237;93;14mvv[38;2;249;77;26mc            [38;2;249;84;21mvv[38;2;243;100;14mn[38;2;249;124;21mf[38;2;244;131;20mt[38;2;238;149;34m||[38;2;254;169;43m{{[38;2;234;136;13mt[38;2;243;131;19mtt[38;2;250;116;20mj[0m
[38;2;244;131;19mt[38;2;249;124;20mf[38;2;244;107;19mxx[38;2;237;93;14mvvv            [38;2;249;77;21mccccc[38;2;249;77;26mcc[38;2;232;78;32mz                                        [38;2;249;84;21mvv[38;2;249;107;21mx[38;2;249;138;20m/[38;2;245;149;22m([38;2;230;149;43m||[38;2;255;182;59m[[38;2;254;169;43m{[38;2;245;149;22m([38;2;234;136;13mtt[38;2;243;131;19mt[0m
[38;2;254;150;35m)[38;2;249;138;20m/[38;2;249;124;21mff[38;2;250;108;21mr[38;2;244;91;19mu[38;2;245;91;20mu          [38;2;237;93;14mvv[38;2;249;77;26mc[38;2;249;77;21mcc[38;2;244;84;19mvv[38;2;251;99;26mx[38;2;245;92;20mu[38;2;237;93;14mv[38;2;232;78;32mzz                      [38;2;249;77;26mcccc[38;2;249;84;21mv[38;2;249;83;21mvvvv      [38;2;245;78;20mc[38;2;244;91;19muu[38;2;251;107;26mr[38;2;255;132;34m/[38;2;249;138;20m///[38;2;244;131;20mtt[38;2;234;136;13mttt[38;2;254;150;35m)[0m
[38;2;249;124;20mf[38;2;255;132;34m/[38;2;249;124;21mff[38;2;250;115;20mj[38;2;251;107;26mr[38;2;244;91;19mu         [38;2;244;84;19mvvvv[38;2;245;83;20mv[38;2;249;84;21mvvv[38;2;251;99;26mx[38;2;245;92;20mu[38;2;237;93;14mv[38;2;232;78;32mzz       [38;2;249;77;21mcccc[38;2;249;77;26mc      [38;2;244;84;19mvv  [38;2;249;77;21mcccc[38;2;249;84;21mv[38;2;250;93;26mnnn[38;2;249;83;21mv[38;2;245;83;20mvv[38;2;244;83;19mcc[38;2;246;77;21mc[38;2;249;77;21mc[38;2;245;83;20mv[38;2;249;83;21mvv[38;2;250;99;20mnn[38;2;250;108;21mr[38;2;244;92;19muu[38;2;243;100;14mn[38;2;244;107;19mx[38;2;243;107;13mx[38;2;244;131;20mtt[38;2;254;150;35m)[0m
[38;2;249;124;20mf[38;2;250;116;20mj[38;2;244;115;19mrr[38;2;250;108;21mr[38;2;244;100;19mn[38;2;244;91;19mu        [38;2;237;93;14mv[38;2;244;84;19mvvvv[38;2;249;83;21mvv[38;2;244;91;19muu[38;2;251;99;26mxx[38;2;245;91;20mu[38;2;232;78;32mzz      [38;2;237;93;14mv[38;2;245;83;20mv[38;2;249;84;21mvvv[38;2;245;83;20mv[38;2;249;83;21mv    [38;2;249;77;21mc[38;2;249;77;26mcccc[38;2;249;77;21mcccc[38;2;249;84;21mv[38;2;250;93;26mn[38;2;251;99;26mxx[38;2;244;91;19mu[38;2;244;84;19mvv[38;2;245;83;20mvv[38;2;244;83;19mc[38;2;245;83;20mvv[38;2;250;91;21muu[38;2;250;93;26mn[38;2;251;99;26mxx[38;2;244;91;19muuu[38;2;243;100;14mn[38;2;243;107;13mx[38;2;244;124;20mff[38;2;249;138;20m/[0m
[38;2;244;107;19mx[38;2;243;107;13mx[38;2;244;107;19mxx[38;2;251;107;26mr[38;2;252;107;27mr[38;2;250;93;26mn[38;2;249;84;21mvv[38;2;245;78;20mcc[38;2;249;83;21mv[38;2;244;84;19mvvv[38;2;245;91;20mu[38;2;244;91;19mu[38;2;250;91;21muuuu[38;2;245;83;20mv[38;2;250;93;26mnn[38;2;249;84;21mv[38;2;250;93;26mn[38;2;244;84;19mvvv     [38;2;249;77;26mc[38;2;245;83;20mv[38;2;250;93;26mnnnn[38;2;250;91;21muu  [38;2;249;77;21mccc[38;2;249;77;26mccc[38;2;249;77;21mcccc[38;2;245;83;20mv[38;2;250;91;21mu[38;2;249;84;21mv[38;2;250;91;21muu[38;2;245;83;20mv[38;2;249;83;21mvvvv[38;2;249;77;21mcc[38;2;245;83;20mv[38;2;250;91;21muu[38;2;250;93;26mnn[38;2;251;99;26mx[38;2;245;83;20mvv[38;2;244;91;19mu[38;2;244;100;19mn[38;2;250;108;21mr[38;2;244;115;19mrr[38;2;249;124;20mf[0m
[38;2;250;108;21mr[38;2;243;100;14mn[38;2;244;100;19mnn[38;2;251;107;26mrr[38;2;245;99;25mn[38;2;250;91;21muu[38;2;245;83;20mv[38;2;244;83;19mc[38;2;245;83;20mv[38;2;250;91;21muuuuuuuuuuuu[38;2;250;93;26mn[38;2;249;84;21mv[38;2;244;84;19mv       [38;2;244;83;19mc[38;2;245;83;20mv[38;2;250;93;26mn[38;2;251;99;26mxx[38;2;250;93;26mn[38;2;249;84;21mv [38;2;245;83;20mvv[38;2;249;77;21mc[38;2;244;84;19mv[38;2;249;84;21mvvv[38;2;249;83;21mv[38;2;245;83;20mvvvv[38;2;249;83;21mv[38;2;250;91;21mu[38;2;249;84;21mv[38;2;250;91;21muu[38;2;245;83;20mvvv[38;2;249;77;21mccc[38;2;249;77;26mc[38;2;249;77;21mccc[38;2;249;83;21mv[38;2;250;93;26mn[38;2;251;99;26mxxx[38;2;245;99;25mn[38;2;250;99;20mn[38;2;250;108;21mr[38;2;250;115;20mjjj[0m
[38;2;250;108;21mr[38;2;243;100;14mn[38;2;244;100;19mnn[38;2;244;107;19mx[38;2;251;107;26mr[38;2;244;100;19mnnn[38;2;250;99;20mnn[38;2;251;107;26mr[38;2;250;99;20mnn[38;2;244;100;19mn[38;2;250;99;20mnn[38;2;250;91;21muuuu[38;2;250;93;26mnnnnn[38;2;244;84;19mv[38;2;245;83;20mvvv[38;2;244;84;19mv[38;2;249;77;26mc[38;2;245;78;20mcc[38;2;245;83;20mvv[38;2;251;99;26mxxx[38;2;250;93;26mn[38;2;244;91;19mu[38;2;245;83;20mvvv[38;2;249;83;21mv[38;2;245;83;20mv[38;2;249;83;21mv[38;2;244;91;19muuu[38;2;250;91;21mu[38;2;244;91;19mu[38;2;250;91;21muu[38;2;250;93;26mn[38;2;249;84;21mv[38;2;250;91;21mu[38;2;249;83;21mvv[38;2;245;83;20mvvvvvv[38;2;245;78;20mcc[38;2;245;83;20mvv[38;2;249;83;21mv[38;2;251;99;26mx[38;2;251;107;26mrrrr[38;2;244;108;20mx[38;2;251;107;26mrrrr[0m
[38;2;243;100;14mnn[38;2;244;107;19mxx[38;2;250;115;20mjj[38;2;244;107;19mxxx[38;2;250;115;20mj[38;2;249;124;21mff[38;2;250;115;20mjj[38;2;244;107;19mx[38;2;244;100;19mnn[38;2;250;93;26mnnnn[38;2;250;91;21mu[38;2;249;84;21mvv[38;2;251;99;26mxx[38;2;250;93;26mn[38;2;244;84;19mvvv[38;2;249;77;26mc[38;2;244;84;19mv[38;2;245;83;20mvv[38;2;244;83;19mc[38;2;250;99;20mn[38;2;251;107;26mr[38;2;250;115;20mjjj[38;2;250;99;20mn[38;2;244;92;19muuu[38;2;237;93;14mv[38;2;244;100;19mnn[38;2;244;107;19mxx[38;2;244;108;20mx[38;2;245;99;25mnnnn[38;2;244;91;19mu[38;2;249;83;21mv[38;2;245;83;20mv[38;2;249;84;21mvv[38;2;249;83;21mv[38;2;245;83;20mvvvv[38;2;244;83;19mc[38;2;249;84;21mv[38;2;244;92;19mu[38;2;244;100;19mnn[38;2;250;108;21mrr[38;2;250;115;20mjjj[38;2;245;116;19mjj[38;2;244;107;19mxxxx[0m
[38;2;244;92;19muu[38;2;244;100;19mnn[38;2;250;115;20mj[38;2;249;124;21mf[38;2;244;123;19mffff[38;2;249;138;20m/[38;2;254;150;35m)[38;2;255;132;34m//[38;2;244;107;19mx[38;2;244;100;19mn[38;2;245;99;25mn[38;2;245;91;20muuu[38;2;245;83;20mvv[38;2;250;91;21muu[38;2;249;84;21mv[38;2;250;93;26mn[38;2;245;83;20mvvvv[38;2;237;93;14mv[38;2;245;83;20mv[38;2;237;93;14mvv[38;2;244;92;19mu[38;2;250;108;21mr[38;2;249;124;21mfff[38;2;244;123;19mf[38;2;250;108;21mr[38;2;243;100;14mnnnn[38;2;244;107;19mx[38;2;250;115;20mjjj[38;2;245;116;19mjj[38;2;244;108;20mx[38;2;245;99;25mnn[38;2;251;99;26mx[38;2;249;83;21mv[38;2;245;83;20mv[38;2;249;77;26mcc[38;2;249;77;21mc[38;2;245;83;20mv[38;2;244;83;19mccc[38;2;244;92;19mu[38;2;250;99;20mn[38;2;250;108;21mrrrr[38;2;250;115;20mj[38;2;244;123;19mf[38;2;244;124;20mffff[38;2;244;115;19mr[38;2;244;100;19mnn[38;2;243;100;14mn[0m
[38;2;244;92;19mu[38;2;244;100;19mn[38;2;250;115;20mjj[38;2;249;124;21mf[38;2;255;132;34m//[38;2;244;131;20mtt[38;2;244;123;19mf[38;2;249;138;20m/[38;2;254;150;35m)[38;2;255;132;34m//[38;2;250;115;20mj[38;2;244;100;19mn[38;2;244;91;19mu[38;2;245;83;20mvv[38;2;245;78;20mc[38;2;244;83;19mc[38;2;249;83;21mv[38;2;250;91;21muu[38;2;245;83;20mv[38;2;244;91;19mu[38;2;249;83;21mv[38;2;237;93;14mvv[38;2;244;91;19mu[38;2;237;93;14mv[38;2;244;100;19mn[38;2;244;115;19mrr[38;2;244;123;19mf[38;2;244;131;19mt[38;2;249;138;20m///[38;2;244;131;19mt[38;2;250;116;20mj[38;2;250;115;20mj[38;2;243;107;13mxx[38;2;250;115;20mj[38;2;244;123;19mf[38;2;244;131;20mtttt[38;2;236;122;12mj[38;2;245;116;19mj[38;2;244;108;20mxx[38;2;244;91;19mu[38;2;245;83;20mvv   vv[38;2;244;91;19muu[38;2;244;100;19mn[38;2;250;115;20mjjjj[38;2;250;116;20mj[38;2;244;123;19mf[38;2;255;132;34m/[38;2;244;131;20mtt[38;2;244;139;20m//[38;2;236;122;12mj[38;2;237;93;14mvvv[0m
[38;2;249;107;21mx[38;2;250;108;21mr[38;2;244;115;19mrr[38;2;249;124;21mf[38;2;255;132;34m//[38;2;249;124;20mff[38;2;244;131;19mtt[38;2;249;138;20m/[38;2;249;124;21mff[38;2;244;107;19mx[38;2;244;100;19mn[38;2;244;91;19mu[38;2;245;83;20mvvv[38;2;249;83;21mv[38;2;245;83;20mv[38;2;250;91;21muuu[38;2;244;91;19muuuuu[38;2;244;92;19mu[38;2;244;107;19mx[38;2;255;132;34m//[38;2;250;157;37m1[38;2;248;166;23m}}[38;2;254;150;35m))[38;2;249;138;20m/[38;2;244;123;19mf[38;2;250;115;20mjjj[38;2;249;124;20mf[38;2;244;131;19mt[38;2;244;139;20m/[38;2;245;149;22m(([38;2;234;136;13mtt[38;2;236;122;12mj[38;2;244;108;20mxx[38;2;244;91;19mu[38;2;245;83;20mv[38;2;246;77;21mc   [38;2;245;78;20mc[38;2;244;83;19mc[38;2;244;91;19muu[38;2;244;100;19mn[38;2;250;115;20mjj[38;2;244;115;19mrrr[38;2;244;123;19mf[38;2;244;139;20m/[38;2;243;158;52m11[38;2;254;169;43m{[38;2;247;169;71m{[38;2;234;136;13mt[38;2;232;109;24mxx[38;2;244;107;19mx[0m
[38;2;250;116;20mj[38;2;244;123;19mf[38;2;244;131;19mtt[38;2;249;138;20m/[38;2;254;150;35m))[38;2;244;139;20m//[38;2;234;136;13mtt[38;2;243;131;19mt[38;2;244;123;19mff[38;2;244;107;19mx[38;2;244;91;19mu[38;2;245;83;20mv[38;2;245;78;20mcc  [38;2;249;77;21mc[38;2;249;84;21mvv[38;2;245;99;25mn[38;2;250;115;20mjjjj[38;2;244;123;19mf[38;2;244;115;19mr[38;2;234;136;13mt[38;2;235;168;57m}}[38;2;250;196;93m_[38;2;254;210;116m<[38;2;250;186;89m-[38;2;245;149;22m(([38;2;244;123;19mf[38;2;250;116;20mj[38;2;244;115;19mr[38;2;244;123;19mff[38;2;234;136;13mt[38;2;243;158;52m1[38;2;250;186;89m-[38;2;253;203;106m~~~[38;2;250;186;89m-[38;2;245;149;22m([38;2;245;116;19mjj[38;2;251;99;26mx[38;2;250;91;21mu[38;2;249;83;21mv   [38;2;249;77;21mc[38;2;249;83;21mv[38;2;250;91;21muu[38;2;250;99;20mn[38;2;250;108;21mr[38;2;244;107;19mx[38;2;244;115;19mrr[38;2;236;122;12mj[38;2;244;131;19mt[38;2;234;136;13mt[38;2;235;168;57m}}[38;2;254;210;116m<[38;2;255;226;134m![38;2;253;203;106m~[38;2;230;149;43m||[38;2;229;125;19mj[0m
[38;2;249;138;20m/[38;2;254;150;35m)[38;2;244;139;20m//[38;2;245;149;22m([38;2;250;157;37m1[38;2;243;158;52m1[38;2;238;149;34m||[38;2;243;158;52m11[38;2;250;157;37m1[38;2;244;139;20m//[38;2;244;124;20mf[38;2;237;93;14mv[38;2;244;91;19mu    [38;2;249;84;21mv[38;2;244;91;19muu[38;2;244;100;19mn[38;2;249;124;21mf[38;2;249;124;20mf[38;2;244;131;19mtt[38;2;234;136;13mtt[38;2;236;173;83m{[38;2;250;200;119m~~[38;2;255;235;171m;;[38;2;250;200;119m~[38;2;230;149;43m||[38;2;236;122;12mj[38;2;250;116;20mjj[38;2;243;123;20mff[38;2;234;136;13mt[38;2;254;169;43m{[38;2;253;203;106m~[38;2;254;220;139mii[38;2;255;242;168m:[38;2;254;227;148ml[38;2;244;172;96m][38;2;236;122;12mjj[38;2;244;100;19mn[38;2;250;91;21mu[38;2;249;83;21mv[38;2;245;78;20mcc  [38;2;246;77;21mc[38;2;249;83;21mvv[38;2;250;99;20mn[38;2;244;100;19mn[38;2;237;93;14mv[38;2;236;122;12mjj[38;2;234;136;13mt[38;2;238;149;34m|[38;2;235;168;57m}[38;2;231;185;81m[[[38;2;254;227;148ml[38;2;255;242;168m:[38;2;255;235;149mI[38;2;250;196;93m__[38;2;230;149;43m|[0m
[38;2;249;138;20m/[38;2;244;139;20m////[38;2;249;138;20m/[38;2;243;158;52m111[38;2;254;169;43m{{[38;2;255;182;59m[[38;2;250;157;37m11[38;2;244;131;20mt[38;2;232;109;24mx[38;2;237;93;14mv    [38;2;245;83;20mv[38;2;244;92;19muu[38;2;243;107;13mx[38;2;249;124;20mff[38;2;249;138;20m//[38;2;234;136;13mt[38;2;234;160;14m([38;2;250;186;89m-[38;2;254;227;148mll[38;2;255;242;179m::[38;2;254;214;131m>[38;2;235;168;57m}}[38;2;236;122;12mj[38;2;243;107;13mx[38;2;250;116;20mj[38;2;243;123;20mff[38;2;234;136;13mt[38;2;247;169;71m{[38;2;245;198;108m+[38;2;254;227;155mll[38;2;255;235;171m;[38;2;254;227;155ml[38;2;244;172;96m][38;2;236;122;12mjj[38;2;244;107;19mx[38;2;250;91;21mu[38;2;245;83;20mv[38;2;245;78;20mccc [38;2;244;83;19mc[38;2;250;91;21muu[38;2;250;99;20mn[38;2;244;100;19mn[38;2;243;107;13mx[38;2;229;125;19mjj[38;2;243;158;52m1[38;2;247;169;71m{[38;2;244;189;91m-[38;2;250;200;119m~~[38;2;254;229;164mI[38;2;255;242;179m:[38;2;255;235;171m;[38;2;253;203;106m~~[38;2;235;168;57m}[0m
[38;2;249;124;20mf[38;2;250;116;20mjjjjj[38;2;249;124;20mf[38;2;249;138;20m//[38;2;250;157;37m1[38;2;243;158;52m1[38;2;254;198;60m_[38;2;254;169;43m{{[38;2;234;136;13mt[38;2;236;122;12mj[38;2;244;100;19mn[38;2;237;93;14mvv[38;2;249;84;21mv[38;2;245;83;20mv[38;2;244;83;19mc[38;2;237;93;14mvv[38;2;243;107;13mx[38;2;249;124;20mf[38;2;244;131;19mt[38;2;236;122;12mjj[38;2;234;136;13mt[38;2;235;168;57m}[38;2;253;203;106m~[38;2;254;229;164mII[38;2;255;241;188m::[38;2;254;227;155ml[38;2;251;203;84m++[38;2;238;149;34m|[38;2;236;122;12mjj[38;2;244;139;20m//[38;2;247;169;71m{[38;2;250;196;93m_[38;2;254;219;132mi[38;2;254;229;164mII[38;2;254;235;179m;[38;2;254;229;164mI[38;2;245;180;104m?[38;2;234;136;13mtt[38;2;236;122;12mj[38;2;245;99;25mn[38;2;244;91;19mu[38;2;249;83;21mvvv[38;2;245;83;20mv[38;2;244;83;19mc[38;2;244;91;19muu[38;2;250;108;21mr[38;2;244;107;19mx[38;2;244;124;20mf[38;2;238;149;34m||[38;2;252;188;67m?[38;2;254;214;131m>[38;2;254;227;148ml[38;2;253;229;171mII[38;2;250;230;180mI[38;2;254;235;179m;[38;2;254;227;155ml[38;2;250;196;93m__[38;2;230;149;43m|[0m
[38;2;244;108;20mx[38;2;244;107;19mx[38;2;244;100;19mnnn[38;2;250;108;21mrr[38;2;249;124;20mff[38;2;244;139;20m/[38;2;243;158;52m1[38;2;248;166;23m}[38;2;243;158;52m11[38;2;244;131;20mt[38;2;245;116;19mj[38;2;244;107;19mx[38;2;244;100;19mnn[38;2;250;99;20mn[38;2;251;99;26mx[38;2;250;99;20mn[38;2;244;107;19mxx[38;2;244;115;19mrr[38;2;243;123;20mf[38;2;236;122;12mjj[38;2;234;136;13mt[38;2;228;162;52m)[38;2;245;198;108m+[38;2;254;229;164mII[38;2;255;241;196m,[38;2;255;241;188m:[38;2;254;227;155ml[38;2;244;189;91m--[38;2;238;149;34m|[38;2;234;136;13mtttt[38;2;247;169;71m{[38;2;253;203;106m~[38;2;254;220;139mi[38;2;254;229;164mII[38;2;255;242;179m:[38;2;255;242;168m:[38;2;254;214;131m>[38;2;243;158;52m11[38;2;236;122;12mj[38;2;251;107;26mr[38;2;251;99;26mx[38;2;250;93;26mnn[38;2;249;84;21mv[38;2;250;91;21muu[38;2;244;100;19mnn[38;2;244;107;19mx[38;2;244;123;19mf[38;2;234;136;13mt[38;2;247;169;71m{{[38;2;253;203;106m~[38;2;254;220;139mi[38;2;255;235;171m;[38;2;250;230;180mIII[38;2;253;229;171mI[38;2;254;220;139mi[38;2;250;186;89m--[38;2;230;149;43m|[0m
[38;2;251;107;26mr[38;2;245;99;25mn[38;2;244;92;19muuu[38;2;249;84;21mv[38;2;250;99;20mn[38;2;249;107;21mxx[38;2;243;123;20mf[38;2;243;131;19mt[38;2;244;139;20m///[38;2;255;132;34m/[38;2;244;123;19mf[38;2;250;116;20mj[38;2;244;115;19mrrr[38;2;250;115;20mjj[38;2;244;115;19mrr[38;2;243;123;20mff[38;2;236;122;12mj[38;2;229;125;19mjj[38;2;230;149;43m|[38;2;253;203;106m~[38;2;254;227;155ml[38;2;254;236;188m;;[38;2;255;241;188m:[38;2;255;242;179m:[38;2;254;220;139mi[38;2;252;188;67m??[38;2;243;158;52m1[38;2;245;149;22m([38;2;244;139;20m///[38;2;238;149;34m|[38;2;248;184;54m[[38;2;254;210;116m<[38;2;254;227;155mll[38;2;255;235;171m;[38;2;255;226;134m![38;2;254;210;116m<[38;2;243;158;52m11[38;2;244;131;20mt[38;2;244;108;20mx[38;2;251;99;26mxxxx[38;2;250;99;20mnn[38;2;250;108;21mrr[38;2;244;115;19mr[38;2;236;122;12mj[38;2;238;149;34m|[38;2;252;188;67m??[38;2;254;219;132mi[38;2;254;229;164mI[38;2;254;237;195m:[38;2;254;238;203m::[38;2;254;237;195m:[38;2;255;235;171m;[38;2;250;200;119m~[38;2;243;158;52m11[38;2;229;125;19mj[0m
[38;2;245;99;25mn[38;2;244;100;19mn[38;2;244;91;19muu[38;2;237;93;14mv[38;2;244;92;19mu[38;2;237;93;14mv[38;2;244;123;19mff[38;2;245;149;22m([38;2;243;158;52m1[38;2;252;188;67m?[38;2;250;186;89m--[38;2;254;169;43m{[38;2;245;149;22m([38;2;234;136;13mt[38;2;236;122;12mjjj[38;2;244;131;19mt[38;2;249;138;20m///[38;2;245;149;22m([38;2;244;139;20m/[38;2;234;136;13mt[38;2;235;168;57m}}[38;2;250;186;89m-[38;2;255;226;134m![38;2;255;235;171m;[38;2;255;241;188m::[38;2;254;235;179m;[38;2;249;215;136m>[38;2;231;185;81m[[38;2;238;149;34m||[38;2;245;149;22m([38;2;254;150;35m)[38;2;245;149;22m([38;2;234;136;13mttt[38;2;238;149;34m|[38;2;248;184;54m[[38;2;254;210;116m<<[38;2;245;198;108m+[38;2;244;189;91m-[38;2;243;158;52m1[38;2;244;139;20m//[38;2;245;116;19mj[38;2;244;100;19mnn[38;2;244;91;19muu[38;2;250;91;21mu[38;2;250;99;20mn[38;2;244;100;19mn[38;2;244;107;19mxx[38;2;236;122;12mjj[38;2;238;149;34m|[38;2;243;188;67m??[38;2;254;219;132mi[38;2;255;235;171m;[38;2;254;237;195m:[38;2;253;242;204m,,[38;2;254;236;188m;[38;2;254;220;139mi[38;2;245;180;104m?[38;2;243;158;52m11[38;2;236;122;12mj[0m
[38;2;245;99;25mn[38;2;244;100;19mnnn[38;2;237;93;14mvv[38;2;232;109;24mx[38;2;244;139;20m//[38;2;254;169;43m{[38;2;254;198;60m_[38;2;254;216;104m>[38;2;254;210;116m<<[38;2;250;186;89m-[38;2;243;158;52m1[38;2;234;136;13mt[38;2;244;131;19mttt[38;2;243;131;19mt[38;2;249;138;20m/[38;2;250;157;37m11[38;2;243;158;52m1[38;2;250;157;37m1[38;2;234;160;14m([38;2;241;170;28m}}[38;2;250;196;93m_[38;2;255;226;134m![38;2;255;235;149mI[38;2;255;235;171m;;[38;2;254;229;164mI[38;2;243;206;108m~[38;2;228;162;52m)[38;2;230;149;43m||[38;2;244;139;20m/[38;2;254;150;35m)[38;2;249;138;20m/[38;2;244;139;20m//[38;2;234;136;13mt[38;2;230;149;43m|[38;2;255;182;59m[[38;2;251;203;84m++[38;2;237;187;61m[[38;2;235;168;57m}[38;2;238;149;34m|[38;2;244;131;20mtt[38;2;250;115;20mj[38;2;243;100;14mn[38;2;244;91;19muuuuu[38;2;244;100;19mn[38;2;244;107;19mxx[38;2;236;122;12mjj[38;2;238;149;34m|[38;2;243;188;67m??[38;2;254;214;131m>[38;2;254;229;164mI[38;2;254;236;188m;[38;2;254;237;195m::[38;2;254;236;188m;[38;2;249;215;136m>[38;2;231;185;81m[[38;2;238;149;34m||[38;2;236;122;12mj[0m
[38;2;244;100;19mnnnnnn[38;2;244;107;19mx[38;2;244;124;20mff[38;2;245;149;22m([38;2;236;173;83m{[38;2;252;210;93m<[38;2;254;210;116m<<[38;2;250;186;89m-[38;2;238;149;34m|[38;2;234;136;13mttt[38;2;229;125;19mj[38;2;234;136;13mt[38;2;243;158;52m1[38;2;241;170;28m}}[38;2;252;188;67m?[38;2;248;184;54m[[38;2;241;170;28m}}}[38;2;254;198;60m_[38;2;251;203;84m+[38;2;255;220;117mi[38;2;254;220;139miii[38;2;250;196;93m_[38;2;230;149;43m|[38;2;238;149;34m||[38;2;244;139;20m/[38;2;249;138;20m/[38;2;250;157;37m1[38;2;249;138;20m//[38;2;238;149;34m|[38;2;243;158;52m1[38;2;252;188;67m?[38;2;254;198;60m__[38;2;241;170;28m}[38;2;234;160;14m([38;2;234;136;13mt[38;2;249;124;20mff[38;2;250;108;21mr[38;2;244;91;19muu[38;2;244;83;19mcc[38;2;244;92;19muu[38;2;243;100;14mn[38;2;244;115;19mrr[38;2;236;122;12mj[38;2;245;149;22m([38;2;247;169;71m{[38;2;242;202;91m++[38;2;254;219;132mi[38;2;254;227;155ml[38;2;254;235;179m;[38;2;254;237;195m::[38;2;254;236;188m;[38;2;254;227;155ml[38;2;253;203;106m~[38;2;243;158;52m11[38;2;234;136;13mt[0m
[38;2;251;107;26mrr[38;2;244;100;19mnn[38;2;237;93;14mv[38;2;244;100;19mn[38;2;244;107;19mx[38;2;244;123;19mff[38;2;244;139;20m/[38;2;235;168;57m}[38;2;253;203;106m~[38;2;254;210;116m<<[38;2;250;186;89m-[38;2;238;149;34m|[38;2;234;136;13mttt[38;2;238;149;34m|[38;2;234;160;14m([38;2;241;170;28m}[38;2;243;188;67m??[38;2;254;198;60m_[38;2;252;188;67m?[38;2;234;160;14m([38;2;243;158;52m11[38;2;248;166;23m}[38;2;248;184;54m[[38;2;243;188;67m?[38;2;253;203;106m~~[38;2;254;214;131m>[38;2;250;196;93m_[38;2;235;168;57m}[38;2;230;149;43m||[38;2;238;149;34m|[38;2;243;158;52m1111[38;2;238;149;34m|[38;2;243;158;52m1[38;2;255;182;59m[[38;2;254;198;60m__[38;2;235;178;36m{[38;2;234;160;14m([38;2;234;136;13mt[38;2;243;123;20mff[38;2;243;107;13mx[38;2;244;100;19mn[38;2;249;84;21mv[38;2;244;92;19muu[38;2;243;100;14mn[38;2;249;107;21mx[38;2;250;116;20mj[38;2;244;123;19mff[38;2;244;139;20m/[38;2;243;158;52m1[38;2;252;188;67m?[38;2;254;214;131m>>[38;2;254;227;155ml[38;2;253;229;171mI[38;2;254;236;188m;[38;2;254;237;195m::[38;2;255;241;196m,[38;2;255;235;171m;[38;2;254;214;131m>[38;2;247;169;71m{{[38;2;229;125;19mj[0m
[38;2;251;107;26mr[38;2;250;115;20mj[38;2;250;108;21mrr[38;2;243;107;13mx[38;2;232;109;24mx[38;2;236;122;12mj[38;2;244;139;20m//[38;2;243;158;52m1[38;2;242;202;91m+[38;2;254;210;116m<<<[38;2;244;189;91m-[38;2;235;168;57m}}[38;2;235;178;36m{{[38;2;244;189;91m-[38;2;253;203;106m~[38;2;254;210;116m<[38;2;254;219;132mii[38;2;255;226;134m![38;2;253;203;106m~[38;2;235;168;57m}[38;2;230;149;43m||[38;2;245;149;22m([38;2;230;149;43m||[38;2;235;168;57m}}[38;2;254;198;60m__[38;2;243;188;67m?[38;2;235;178;36m{{[38;2;250;196;93m_[38;2;251;203;84m++[38;2;243;188;67m??[38;2;235;168;57m}}[38;2;252;188;67m?[38;2;252;210;93m<<[38;2;251;203;84m+[38;2;243;188;67m?[38;2;235;168;57m}[38;2;238;149;34m||[38;2;244;139;20m/[38;2;244;124;20mf[38;2;249;124;20mf[38;2;244;123;19mff[38;2;249;124;20mf[38;2;234;136;13mt[38;2;238;149;34m|[38;2;247;169;71m{{[38;2;243;188;67m?[38;2;254;210;116m<[38;2;254;220;139mi[38;2;254;235;179m;;[38;2;254;236;188m;;;[38;2;254;238;203m::[38;2;255;241;196m,[38;2;255;242;179m:[38;2;254;219;132mi[38;2;248;184;54m[[[38;2;238;149;34m|[0m
[38;2;250;116;21mj[38;2;250;115;20mjjj[38;2;244;115;19mr[38;2;236;122;12mj[38;2;243;158;52m1[38;2;250;186;89m--[38;2;254;210;116m<[38;2;255;226;134m![38;2;254;219;132mi[38;2;255;220;117mii[38;2;245;213;121m<<[38;2;254;220;139mi[38;2;254;227;155mll[38;2;254;235;179m;[38;2;255;241;188m::[38;2;255;241;196m,,[38;2;255;242;179m:[38;2;254;227;148ml[38;2;250;196;93m_[38;2;234;160;14m(([38;2;234;136;13mttt[38;2;238;149;34m||[38;2;234;160;14m([38;2;248;184;54m[[38;2;251;203;84m+[38;2;254;214;131m>>[38;2;255;235;149mI[38;2;255;235;171m;;[38;2;254;219;132mii[38;2;243;206;108m~[38;2;237;187;61m[[38;2;234;197;90m-[38;2;255;226;134m!![38;2;255;235;149mII[38;2;255;220;117mi[38;2;254;198;60m__[38;2;235;168;57m}[38;2;243;158;52m1[38;2;234;160;14m((([38;2;243;158;52m1[38;2;248;184;54m[[38;2;254;198;60m_[38;2;252;210;93m<<[38;2;255;220;117mi[38;2;255;235;171m;[38;2;255;241;188m:[38;2;254;237;195m::[38;2;254;238;203m:[38;2;253;242;204m,[38;2;254;237;195m:::[38;2;254;236;188m;[38;2;254;229;164mI[38;2;254;214;131m>[38;2;248;184;54m[[[38;2;234;160;14m([0m
[38;2;250;115;20mjjjj[38;2;244;115;19mr[38;2;229;125;19mj[38;2;243;158;52m1[38;2;253;203;106m~~[38;2;255;220;117mi[38;2;255;226;134m![38;2;245;213;121m<<<<[38;2;249;215;136m>[38;2;254;227;155ml[38;2;250;230;180mII[38;2;255;241;196m,[38;2;253;242;204m,,,,[38;2;255;241;188m:[38;2;254;227;155ml[38;2;253;203;106m~[38;2;243;158;52m11[38;2;245;149;22m([38;2;244;139;20m//[38;2;243;158;52m111[38;2;252;188;67m?[38;2;252;210;93m<[38;2;254;219;132mii[38;2;255;235;171m;[38;2;254;235;179m;[38;2;255;235;171m;[38;2;254;227;148mll[38;2;245;213;121m<[38;2;234;197;90m--[38;2;255;226;134m!![38;2;255;242;168m:[38;2;255;235;171m;[38;2;255;226;134m![38;2;252;210;93m<<[38;2;248;184;54m[[38;2;243;158;52m1111[38;2;241;170;28m}[38;2;252;188;67m?[38;2;254;198;60m___[38;2;254;210;116m<[38;2;255;235;149mI[38;2;254;236;188m;[38;2;253;242;204m,,,,,,,[38;2;254;236;188m;[38;2;254;227;155ml[38;2;253;203;106m~[38;2;247;169;71m{{[38;2;238;149;34m|[0m
[38;2;250;115;20mj[38;2;244;107;19mxxx[38;2;244;123;19mf[38;2;234;136;13mt[38;2;243;158;52m1[38;2;253;203;106m~~[38;2;255;220;117mii[38;2;231;185;81m[[38;2;234;197;90m--[38;2;254;219;132mi[38;2;254;227;155ml[38;2;254;235;179m;[38;2;254;236;188m;;[38;2;253;242;204m,[38;2;253;242;211m,[38;2;247;244;211m,[38;2;253;242;211m,,[38;2;255;241;196m,[38;2;254;227;155ml[38;2;234;197;90m-[38;2;235;168;57m}}[38;2;238;149;34m|[38;2;245;149;22m(([38;2;243;158;52m111[38;2;255;182;59m[[38;2;254;198;60m_[38;2;243;206;108m~~[38;2;254;219;132mi[38;2;255;226;134m!![38;2;255;220;117mii[38;2;242;202;91m+[38;2;244;189;91m-[38;2;253;203;106m~[38;2;254;214;131m>>[38;2;255;235;149mI[38;2;254;227;148ml[38;2;253;203;106m~[38;2;248;184;54m[[[38;2;234;160;14m([38;2;238;149;34m|[38;2;234;136;13mt[38;2;243;158;52m11[38;2;248;166;23m}[38;2;241;170;28m}}[38;2;235;168;57m}}}[38;2;243;206;108m~[38;2;254;229;164mI[38;2;254;236;188m;;[38;2;254;237;195m:[38;2;247;244;211m,[38;2;253;242;211m,[38;2;253;242;204m,,[38;2;254;236;188m;[38;2;254;220;139mi[38;2;231;185;81m[[38;2;230;149;43m||[38;2;229;125;19mj[0m
[38;2;250;108;21mr[38;2;244;107;19mxxx[38;2;244;123;19mf[38;2;244;131;20mt[38;2;243;158;52m1[38;2;253;203;106m~~[38;2;254;219;132mii[38;2;243;206;108m~[38;2;254;214;131m>>[38;2;254;220;139mi[38;2;255;235;171m;[38;2;254;236;188m;[38;2;253;242;204m,,[38;2;253;242;211m,,,,,[38;2;255;241;196m,[38;2;255;235;171m;[38;2;254;214;131m>[38;2;235;178;36m{{[38;2;235;168;57m}[38;2;243;158;52m111111[38;2;235;168;57m}}}[38;2;254;198;60m_[38;2;252;210;93m<<[38;2;254;198;60m__[38;2;243;188;67m?[38;2;235;168;57m}[38;2;237;187;61m[[38;2;254;210;116m<<[38;2;255;220;117mi[38;2;253;203;106m~[38;2;247;169;71m{[38;2;230;149;43m||[38;2;234;136;13mttttt[38;2;254;150;35m)[38;2;250;157;37m1[38;2;243;158;52m1[38;2;234;160;14m(([38;2;235;168;57m}[38;2;231;185;81m[[38;2;249;215;136m>[38;2;254;235;179m;;[38;2;255;241;196m,[38;2;253;242;211m,,[38;2;253;242;204m,,[38;2;254;236;188m;[38;2;249;215;136m>[38;2;231;185;81m[[38;2;238;149;34m||[38;2;229;125;19mj[0m
[38;2;250;116;20mj[38;2;236;122;12mjjj[38;2;244;131;19mt[38;2;244;139;20m/[38;2;243;158;52m1[38;2;253;203;106m~~[38;2;254;220;139mi[38;2;254;227;148ml[38;2;237;216;136m>[38;2;247;220;147mii[38;2;253;229;171mI[38;2;254;235;179m;[38;2;254;237;195m:[38;2;254;238;203m::[38;2;253;242;211m,,,,,[38;2;253;242;204m,[38;2;255;241;196m,[38;2;254;229;164mI[38;2;254;220;139mii[38;2;245;198;108m+[38;2;251;203;84m+[38;2;243;188;67m???[38;2;252;188;67m?[38;2;241;170;28m}[38;2;234;160;14m((([38;2;242;178;67m]]][38;2;235;168;57m}}[38;2;234;160;14m([38;2;241;170;28m}[38;2;243;188;67m?[38;2;253;203;106m~~[38;2;251;203;84m+[38;2;235;168;57m}[38;2;230;149;43m|||[38;2;234;136;13mtttttt[38;2;249;138;20m/[38;2;234;160;14m([38;2;235;168;57m}}[38;2;235;178;36m{[38;2;245;198;108m+[38;2;254;220;139mi[38;2;254;235;179m;;[38;2;254;237;195m:[38;2;254;238;203m:[38;2;254;238;210m:[38;2;253;242;211m,,[38;2;254;236;188m;[38;2;254;227;155ml[38;2;245;198;108m+[38;2;234;160;14m(([38;2;229;125;19mj[0m
[38;2;234;136;13mtt[38;2;244;139;20m//[38;2;243;158;52m11[38;2;248;184;54m[[38;2;253;203;106m~~[38;2;254;227;148ml[38;2;254;229;164mI[38;2;253;229;171mI[38;2;250;230;180mII[38;2;254;236;188m;[38;2;254;237;195m:[38;2;253;242;204m,,,[38;2;253;242;211m,,,,,,[38;2;253;242;204m,[38;2;254;237;195m:[38;2;254;235;179m;;[38;2;254;229;164mI[38;2;254;220;139mi[38;2;249;215;136m>[38;2;245;213;121m<<[38;2;254;210;116m<[38;2;244;189;91m-[38;2;237;187;61m[[38;2;235;178;36m{{[38;2;235;168;57m}[38;2;241;170;28m}[38;2;234;160;14m((([38;2;243;158;52m1[38;2;241;170;28m}[38;2;251;203;84m+[38;2;255;220;117mii[38;2;254;219;132mi[38;2;254;214;131m>[38;2;253;203;106m~[38;2;250;196;93m____[38;2;250;186;89m---[38;2;243;188;67m??[38;2;237;187;61m[[38;2;243;206;108m~~[38;2;254;219;132mi[38;2;255;235;171m;[38;2;255;241;188m:[38;2;253;242;204m,,[38;2;253;242;211m,,,[38;2;254;238;203m::[38;2;254;237;195m:[38;2;253;229;171mI[38;2;254;220;139mi[38;2;237;187;61m[[[38;2;235;168;57m}[0m
[38;2;238;149;34m|[38;2;234;160;14m([38;2;243;158;52m111[38;2;241;170;28m}[38;2;248;184;54m[[38;2;253;203;106m~~[38;2;254;227;148ml[38;2;255;235;171m;[38;2;254;236;188m;[38;2;254;237;195m:::[38;2;254;238;203m:[38;2;253;242;211m,,,,,,[38;2;254;241;216m,,[38;2;253;242;211m,,[38;2;254;238;203m:[38;2;254;237;195m::[38;2;254;235;179m;[38;2;254;229;164mI[38;2;254;227;155ml[38;2;254;227;148mll[38;2;255;226;134m![38;2;245;213;121m<[38;2;243;206;108m~[38;2;244;189;91m--[38;2;237;187;61m[[38;2;235;178;36m{[38;2;234;160;14m((([38;2;243;158;52m1[38;2;241;170;28m}[38;2;250;196;93m_[38;2;254;214;131m>>[38;2;254;220;139mi[38;2;254;227;148mll[38;2;254;220;139mii[38;2;254;219;132miiiii[38;2;254;214;131m>[38;2;254;210;116m<[38;2;243;206;108m~[38;2;245;213;121m<<[38;2;254;227;148ml[38;2;254;235;179m;[38;2;255;241;196m,[38;2;253;242;204m,,[38;2;253;242;211m,,,[38;2;254;238;210m::[38;2;254;237;195m:[38;2;254;236;188m;[38;2;254;229;164mI[38;2;255;220;117mii[38;2;242;202;91m+[0m
[38;2;252;210;93m<[38;2;254;198;60m_[38;2;248;184;54m[[[38;2;241;170;28m}[38;2;235;168;57m}[38;2;234;160;14m([38;2;237;187;61m[[[38;2;254;219;132mi[38;2;255;235;171m;[38;2;254;237;195m:[38;2;254;238;203m::[38;2;254;238;210m:[38;2;253;242;211m,,,,,,[38;2;254;241;216m,,,[38;2;253;242;211m,,[38;2;253;242;204m,[38;2;254;237;195m::[38;2;254;236;188m;[38;2;255;235;171m;[38;2;253;229;171mI[38;2;255;235;171m;;[38;2;254;235;179m;;[38;2;255;235;171m;;;[38;2;254;227;148ml[38;2;254;210;116m<[38;2;235;178;36m{[38;2;238;149;34m||[38;2;234;160;14m([38;2;243;188;67m?[38;2;255;220;117mi[38;2;254;227;148mll[38;2;254;235;179m;;[38;2;254;236;188m;[38;2;254;235;179m;;[38;2;250;230;180mI[38;2;254;236;188m;[38;2;255;241;196m,[38;2;254;237;195m::[38;2;254;236;188m;[38;2;254;229;164mI[38;2;247;220;147miii[38;2;254;227;155ml[38;2;255;235;171m;[38;2;254;236;188m;[38;2;254;238;203m::[38;2;253;242;211m,,,,,,,[38;2;254;238;210m:[38;2;254;237;195m:::[0m
[38;2;255;220;117mi[38;2;251;203;84m+[38;2;248;184;54m[[[38;2;234;160;14m([38;2;241;170;28m}[38;2;234;160;14m([38;2;237;187;61m[[[38;2;255;220;117mi[38;2;254;229;164mI[38;2;255;241;188m:[38;2;253;242;204m,,[38;2;253;242;211m,,,,,,,,[38;2;254;241;216m,,[38;2;253;242;211m,,,[38;2;253;242;204m,,[38;2;254;237;195m:[38;2;250;230;180mI[38;2;253;229;171mI[38;2;250;230;180mII[38;2;254;236;188m;;[38;2;254;237;195m:[38;2;254;236;188m;;[38;2;254;235;179m;[38;2;254;227;155ml[38;2;250;196;93m_[38;2;235;168;57m}}[38;2;230;149;43m|[38;2;244;189;91m-[38;2;255;226;134m![38;2;255;235;171m;;[38;2;254;236;188m;[38;2;254;237;195m:[38;2;253;242;204m,[38;2;254;236;188m;;;[38;2;254;237;195m:[38;2;253;242;204m,,,[38;2;254;237;195m:[38;2;254;229;164mI[38;2;247;220;147mi[38;2;249;215;136m>>[38;2;254;227;155ml[38;2;255;235;171m;[38;2;254;236;188m;[38;2;253;242;211m,,,,,,,[38;2;247;244;211m,[38;2;253;242;211m,,[38;2;254;238;210m::[38;2;254;238;203m:[0m
