                                                                                [0m
                                                                                [0m
                                                                                [0m
                                                                                [0m
                                                                                [0m
                                                                                [0m
                                                                                [0m
                                                                                [0m
  [38;2;245;77;26mcccc    [38;2;245;77;20mcc[38;2;245;77;26mcc                                                                  [0m
  [38;2;245;77;26mccccc  [38;2;245;77;20mc[38;2;250;84;25mv[38;2;249;77;26mccc                      c[38;2;245;77;26mccc     c[38;2;245;77;20mcccc                     [38;2;245;77;26mccccc    [0m
  [38;2;245;77;20mccc[38;2;245;83;26mv[38;2;245;77;20mccc[38;2;249;83;21mv[38;2;250;84;25mv[38;2;251;99;26mx[38;2;250;84;25mvv                  [38;2;245;77;20mccc[38;2;245;77;26mc[38;2;245;83;26mvvv[38;2;245;77;26mcc [38;2;249;77;26mccc[38;2;250;84;25mvv[38;2;250;76;21mcccc              [38;2;245;77;20mc[38;2;245;77;26mc[38;2;245;77;20mccc[38;2;245;77;26mcccc[38;2;245;77;20mc[38;2;250;76;21mc[38;2;245;77;20mc   [0m
[38;2;245;83;26mv[38;2;245;77;20mc[38;2;244;83;19mccc[38;2;250;93;26mn[38;2;250;92;21mu[38;2;249;83;21mvv[38;2;246;77;21mc[38;2;249;83;21mv[38;2;250;84;25mv[38;2;249;83;21mvv           [38;2;250;76;21mcc[38;2;246;77;21mcc[38;2;250;76;21mc [38;2;245;77;20mc[38;2;250;84;25mvv[38;2;251;99;26mx[38;2;252;107;27mr[38;2;245;99;25mn[38;2;244;92;19muu[38;2;244;83;19mccc[38;2;249;83;21mvvv[38;2;250;93;26mn[38;2;250;92;21muuu[38;2;249;100;20mn[38;2;244;83;19mcccc           [38;2;245;77;20mc[38;2;245;77;26mccc[38;2;245;77;20mc[38;2;245;83;26mv[38;2;244;83;19mc[38;2;244;92;19muu[38;2;251;107;26mr[38;2;250;100;21mn[38;2;244;92;19mu[38;2;237;93;14mvv [0m
[38;2;244;83;19mcccc[38;2;249;83;21mv[38;2;250;92;21muuuu[38;2;244;83;19mc[38;2;249;83;21mv[38;2;250;84;25mv[38;2;245;83;26mvv          [38;2;250;76;21mcccccc[38;2;245;77;20mc[38;2;244;83;19mc[38;2;250;93;26mnn[38;2;252;107;27mr[38;2;251;107;26mrr[38;2;245;99;25mnn[38;2;244;83;19mcccccc[38;2;250;92;21mu[38;2;249;100;20mn[38;2;249;107;21mxx[38;2;244;108;20mx[38;2;245;100;20mn[38;2;244;92;19mu[38;2;237;93;14mvv           [38;2;245;77;20mc[38;2;245;77;26mccc[38;2;245;77;20mc[38;2;244;83;19mc[38;2;237;93;14mv[38;2;245;100;20mnn[38;2;250;116;21mj[38;2;249;124;21mf[38;2;245;116;19mj[38;2;237;93;14mvvv[0m
[38;2;250;92;21muuuuuu[38;2;249;100;20mn[38;2;244;92;19muuuuu[38;2;250;92;21muu[38;2;244;83;19mc[38;2;249;83;21mv        [38;2;245;77;20mc[38;2;244;83;19mcc[38;2;245;83;26mvv[38;2;244;83;19mc[38;2;244;92;19mu[38;2;237;93;14mv[38;2;232;109;24mxx[38;2;244;131;20mt[38;2;244;124;20mf[38;2;245;116;19mj[38;2;245;100;20mnn[38;2;243;92;14mu [38;2;244;83;19mccc[38;2;243;92;14mu[38;2;249;100;20mn[38;2;250;116;21mj[38;2;249;124;21mffff[38;2;244;108;20mx[38;2;244;92;19muu               [38;2;245;83;26mv[38;2;250;92;21mu[38;2;243;100;14mn[38;2;250;116;21mjj[38;2;249;124;21mf[38;2;250;157;37m1[38;2;254;150;35m)[38;2;245;116;19mjj[38;2;243;100;14mn[0m
[38;2;250;92;21muuuuu[38;2;246;91;26muu[38;2;250;100;21mnn[38;2;245;99;25mnn[38;2;250;100;21mnnn[38;2;249;83;21mv[38;2;250;76;21mc        [38;2;244;83;19mcc[38;2;246;91;26mu[38;2;250;93;26mnn[38;2;246;91;26mu[38;2;245;100;20mn[38;2;244;108;19mx[38;2;244;131;20mtt[38;2;254;150;35m))[38;2;244;131;20mt[38;2;244;108;19mxx[38;2;244;92;19mu [38;2;244;83;19mc[38;2;249;83;21mvv[38;2;244;83;19mc[38;2;249;100;20mn[38;2;250;116;21mj[38;2;249;124;21mff[38;2;249;138;20m//[38;2;245;116;19mj[38;2;245;100;20mnn             [38;2;245;83;26mvv[38;2;246;91;26mu[38;2;249;100;20mn[38;2;243;107;13mx[38;2;244;115;18mrr[38;2;249;124;21mf[38;2;254;150;35m))[38;2;245;116;19mjj[38;2;245;100;20mn[0m
[38;2;250;84;25mv[38;2;250;93;26mn[38;2;250;84;25mvv[38;2;250;93;26mn[38;2;244;83;19mc[38;2;250;84;25mv[38;2;250;93;26mnn[38;2;252;107;27mr[38;2;251;107;26mrrrr[38;2;244;92;19mu[38;2;245;83;26mvv       v[38;2;244;83;19mcccc[38;2;245;99;25mn[38;2;232;109;24mx[38;2;236;122;12mj[38;2;250;157;37m11[38;2;255;189;86m-[38;2;253;203;106m~[38;2;247;169;71m{[38;2;236;122;12mjj[38;2;244;92;19mu[38;2;243;92;14muu[38;2;244;92;19muu[38;2;244;108;20mx[38;2;249;124;21mff[38;2;249;138;20m//[38;2;250;157;37m1[38;2;249;138;20m/[38;2;244;115;18mr[38;2;237;93;14mvvvv      [38;2;245;83;26mvv[38;2;244;83;19mc[38;2;245;83;26mv[38;2;244;83;19mc[38;2;246;91;26muu[38;2;244;108;20mx[38;2;245;116;19mj[38;2;236;122;12mj[38;2;244;131;19mtt[38;2;244;139;20m//[38;2;249;124;21mf[38;2;250;116;21mjj[38;2;245;100;20mn[0m
[38;2;249;83;21mv    [38;2;245;83;26mv[38;2;244;83;19mc[38;2;245;83;26mvv[38;2;244;83;19mc[38;2;250;92;21mu[38;2;249;100;20mnnn[38;2;250;100;21mn[38;2;249;83;21mvv[38;2;244;83;19mccc[38;2;249;83;21mvvvvv[38;2;245;83;26mvv[38;2;244;83;19mcc[38;2;237;93;14mv[38;2;232;109;24mx[38;2;234;136;13mt[38;2;247;169;71m{{[38;2;251;203;84m+[38;2;255;189;86m-[38;2;243;158;52m1[38;2;244;123;20mff[38;2;244;108;19mx[38;2;243;100;14mn[38;2;245;100;20mnnnn[38;2;245;116;19mj[38;2;244;131;19mt[38;2;249;138;20m//[38;2;250;157;37m11[38;2;244;131;20mt[38;2;244;108;20mxx[38;2;244;92;19mu[38;2;245;83;26mvv[38;2;249;77;26mccc[38;2;250;76;21mcc[38;2;245;83;26mvv[38;2;244;83;19mc[38;2;244;92;19mu[38;2;245;99;25mn[38;2;250;116;21mjj[38;2;244;124;20mf[38;2;254;150;35m)[38;2;250;157;37m111[38;2;245;149;22m([38;2;249;138;20m/[38;2;244;123;20mf[38;2;244;108;19mxx[38;2;237;93;14mv[0m
[38;2;250;76;21mc     [38;2;244;83;19mcccc[38;2;244;92;19mu[38;2;249;100;20mn[38;2;250;100;21mnn[38;2;246;91;26mu[38;2;250;84;25mv[38;2;249;83;21mv[38;2;244;83;19mcccc[38;2;249;83;21mvvv[38;2;244;83;19mccc[38;2;237;93;14mvvv[38;2;236;122;12mj[38;2;238;149;34m|[38;2;248;184;54m[[[38;2;251;203;84m+[38;2;248;184;54m[[38;2;238;149;34m|[38;2;236;122;12mjj[38;2;245;116;19mj[38;2;245;100;20mn[38;2;249;100;20mn[38;2;245;100;20mnn[38;2;243;100;14mn[38;2;245;116;19mj[38;2;244;131;19mt[38;2;249;138;20m//[38;2;254;150;35m))[38;2;249;124;21mf[38;2;244;108;20mxx[38;2;246;91;26mu[38;2;245;83;26mv[38;2;249;77;26mcccc[38;2;250;76;21mcc[38;2;245;77;20mcc[38;2;244;83;19mc[38;2;244;92;19mu[38;2;249;107;21mx[38;2;245;116;19mjj[38;2;244;131;19mt[38;2;250;157;37m1[38;2;255;182;59m[[[[38;2;250;157;37m1[38;2;249;138;20m/[38;2;244;124;20mf[38;2;244;108;19mxx[38;2;237;93;14mv[0m
[38;2;245;77;20mcc[38;2;250;76;21mcc  [38;2;245;77;20mc[38;2;244;83;19mcc[38;2;244;92;19mu[38;2;249;107;21mx[38;2;244;108;20mx[38;2;251;107;26mrrr[38;2;249;100;20mn[38;2;243;92;14muuu[38;2;244;83;19mc[38;2;250;84;25mv[38;2;250;93;26mn[38;2;250;100;21mnnn[38;2;245;99;25mn[38;2;237;93;14mv[38;2;244;108;19mxx[38;2;244;123;20mf[38;2;249;138;20m/[38;2;250;157;37m1[38;2;252;188;67m???[38;2;250;157;37m1[38;2;236;122;12mjjj[38;2;232;109;24mx[38;2;244;108;20mx[38;2;249;100;20mnnn[38;2;243;100;14mnn[38;2;244;115;18mr[38;2;249;124;21mff[38;2;244;131;19mtt[38;2;245;116;19mj[38;2;249;100;20mnn[38;2;250;93;26mn[38;2;245;77;20mc[38;2;249;77;26mc[38;2;245;77;20mccc[38;2;249;77;26mcc[38;2;245;77;20mcc[38;2;244;83;19mc[38;2;244;92;19mu[38;2;244;108;20mx[38;2;245;116;19mjj[38;2;244;131;20mt[38;2;243;158;52m1[38;2;254;198;60m___[38;2;255;182;59m[[38;2;245;149;22m([38;2;236;122;12mj[38;2;244;108;19mxx[38;2;237;93;14mv[0m
[38;2;245;77;20mcc[38;2;250;76;21mcc  [38;2;245;77;20mc[38;2;250;92;21muu[38;2;249;100;20mn[38;2;249;124;21mffff[38;2;250;116;21mj[38;2;249;107;21mx[38;2;249;100;20mn[38;2;244;92;19muuu[38;2;250;93;26mn[38;2;252;107;27mr[38;2;251;107;26mrrr[38;2;245;100;20mnn[38;2;250;116;21mjj[38;2;249;124;21mf[38;2;244;139;20m/[38;2;243;158;52m1[38;2;250;157;37m111[38;2;244;139;20m/[38;2;236;122;12mj[38;2;244;115;18mrr[38;2;243;107;13mx[38;2;249;107;21mx[38;2;249;100;20mnnn[38;2;243;100;14mnn[38;2;244;115;18mr[38;2;249;124;21mff[38;2;244;124;20mf[38;2;245;116;19mj[38;2;243;107;13mx[38;2;244;92;19muu[38;2;250;84;25mv[38;2;245;77;26mc      [38;2;245;77;20mcc[38;2;244;83;19mc[38;2;244;92;19mu[38;2;244;108;20mx[38;2;245;116;19mjj[38;2;244;131;20mt[38;2;243;158;52m1[38;2;255;182;59m[[[[38;2;250;157;37m1[38;2;244;139;20m/[38;2;244;124;20mf[38;2;244;108;20mxx[38;2;243;100;14mn[0m
[38;2;245;77;20mcc    c[38;2;244;92;19muu[38;2;251;107;26mr[38;2;245;116;19mj[38;2;249;124;21mf[38;2;255;132;34m//[38;2;249;124;21mf[38;2;249;107;21mx[38;2;245;100;20mn[38;2;250;92;21muu[38;2;244;92;19mu[38;2;245;100;20mn[38;2;244;108;19mx[38;2;249;107;21mxx[38;2;250;116;21mj[38;2;245;116;19mj[38;2;244;108;19mx[38;2;245;116;19mjj[38;2;244;124;20mf[38;2;244;131;19mt[38;2;249;138;20m///[38;2;254;150;35m)[38;2;244;124;20mf[38;2;243;107;13mxxx[38;2;244;108;19mx[38;2;244;108;20mx[38;2;244;108;19mx[38;2;245;100;20mnn[38;2;244;108;19mxx[38;2;250;116;21mj[38;2;249;124;21mff[38;2;244;123;20mf[38;2;244;108;19mx[38;2;245;99;25mn[38;2;244;92;19muu[38;2;245;77;20mc[38;2;245;83;26mv    vv[38;2;244;83;19mcc[38;2;244;92;19mu[38;2;245;100;20mn[38;2;232;109;24mx[38;2;236;122;12mjj[38;2;234;136;13mt[38;2;238;149;34m|[38;2;243;158;52m1[38;2;248;166;23m}}}[38;2;245;149;22m([38;2;244;131;19mt[38;2;245;116;19mjj[38;2;243;92;14mu[0m
[38;2;250;84;25mv[38;2;245;83;26mvvv[38;2;245;77;20mc[38;2;245;83;26mv[38;2;244;83;19mc[38;2;244;92;19muu[38;2;245;100;20mn[38;2;245;116;19mj[38;2;244;124;20mf[38;2;249;124;21mff[38;2;244;123;20mf[38;2;245;116;19mj[38;2;244;108;19mxxx[38;2;245;116;19mjj[38;2;244;115;18mr[38;2;249;124;21mfff[38;2;244;123;20mf[38;2;245;116;19mj[38;2;236;122;12mjj[38;2;244;115;18mrr[38;2;244;124;20mf[38;2;249;124;21mffff[38;2;244;115;18mrrr[38;2;245;116;19mjjjjj[38;2;243;107;13mx[38;2;244;108;19mx[38;2;245;116;19mj[38;2;244;123;20mfff[38;2;245;116;19mj[38;2;245;100;20mn[38;2;244;92;19muu[38;2;250;92;21mu[38;2;244;83;19mccccc[38;2;244;92;19mu[38;2;243;92;14mu[38;2;245;100;20mnn[38;2;250;116;21mj[38;2;244;123;20mf[38;2;244;131;19mt[38;2;245;149;22m((([38;2;248;166;23m}}[38;2;248;184;54m[[[38;2;252;188;67m?[38;2;255;182;59m[[38;2;245;149;22m([38;2;244;124;20mff[38;2;236;122;12mj[0m
[38;2;250;93;26mn[38;2;244;83;19mccccc[38;2;244;92;19mu[38;2;245;99;25mnn[38;2;244;108;20mx[38;2;244;123;20mff[38;2;244;124;20mff[38;2;244;123;20mff[38;2;245;116;19mj[38;2;243;123;20mff[38;2;244;124;20mf[38;2;236;122;12mj[38;2;234;136;13mt[38;2;244;131;20mtt[38;2;249;138;20m/[38;2;249;124;21mf[38;2;245;116;19mj[38;2;244;115;18mrr[38;2;245;116;19mjjj[38;2;250;116;21mjj[38;2;249;124;21mff[38;2;245;116;19mj[38;2;236;122;12mjj[38;2;243;123;20mf[38;2;244;124;20mffff[38;2;244;115;18mrr[38;2;244;123;20mf[38;2;244;124;20mfff[38;2;244;123;20mf[38;2;245;116;19mj[38;2;249;107;21mxx[38;2;249;100;20mnn[38;2;250;92;21mu[38;2;244;92;19muu[38;2;245;99;25mn[38;2;245;100;20mn[38;2;244;108;19mx[38;2;245;116;19mjj[38;2;249;124;21mf[38;2;244;131;20mt[38;2;245;149;22m([38;2;248;166;23m}}}}}[38;2;248;184;54m[[[38;2;252;188;67m?[38;2;254;169;43m{[38;2;245;149;22m([38;2;244;124;20mff[38;2;236;122;12mj[0m
[38;2;246;91;26muu[38;2;250;93;26mnn[38;2;244;92;19mu[38;2;237;93;14mv[38;2;244;108;20mx[38;2;249;124;21mfffff[38;2;244;131;19mttt[38;2;234;136;13mtt[38;2;238;149;34m||[38;2;243;158;52m1[38;2;250;186;89m-[38;2;255;189;86m-[38;2;252;188;67m??[38;2;254;169;43m{[38;2;250;157;37m1[38;2;244;131;20mt[38;2;245;116;19mjj[38;2;244;108;20mx[38;2;244;108;19mxxxx[38;2;245;116;19mjj[38;2;244;124;20mf[38;2;249;138;20m//[38;2;250;157;37m1[38;2;248;166;23m}}[38;2;244;139;20m//[38;2;243;131;19mt[38;2;243;123;20mf[38;2;244;131;19mt[38;2;249;138;20m//[38;2;250;157;37m11[38;2;249;138;20m/[38;2;244;131;19mtt[38;2;244;124;20mf[38;2;250;116;21mjjjjj[38;2;249;124;21mffff[38;2;245;149;22m([38;2;255;182;59m[[38;2;254;198;60m_[38;2;251;203;84m++[38;2;254;198;60m_[38;2;235;168;57m}}}}[38;2;241;170;28m}[38;2;248;166;23m}[38;2;245;149;22m([38;2;243;123;20mff[38;2;244;115;18mr[0m
[38;2;250;93;26mnn[38;2;246;91;26muu[38;2;244;92;19mu[38;2;245;100;20mn[38;2;244;108;20mx[38;2;249;124;21mfff[38;2;249;138;20m/[38;2;249;124;21mf[38;2;244;131;19mtt[38;2;243;131;19mt[38;2;234;136;13mt[38;2;245;149;22m([38;2;234;160;14m(([38;2;248;184;54m[[38;2;254;214;131m>>[38;2;253;203;106m~~[38;2;252;188;67m?[38;2;250;157;37m1[38;2;249;138;20m/[38;2;245;116;19mjj[38;2;244;108;20mx[38;2;244;108;19mx[38;2;244;108;20mx[38;2;249;107;21mxx[38;2;245;116;19mjj[38;2;244;131;19mt[38;2;249;138;20m//[38;2;250;157;37m1[38;2;248;166;23m}}[38;2;250;157;37m11[38;2;244;139;20m/[38;2;243;131;19mt[38;2;244;131;19mt[38;2;245;149;22m(([38;2;255;182;59m[[[38;2;243;158;52m1[38;2;244;139;20m//[38;2;244;124;20mf[38;2;244;123;20mf[38;2;250;116;21mjjj[38;2;249;124;21mfff[38;2;244;131;20mtt[38;2;245;149;22m([38;2;255;182;59m[[38;2;252;188;67m?[38;2;251;203;84m++[38;2;252;210;93m<[38;2;243;188;67m?[38;2;235;178;36m{[38;2;252;188;67m??[38;2;255;182;59m[[38;2;243;158;52m1[38;2;234;136;13mt[38;2;244;124;20mff[38;2;244;115;18mr[0m
[38;2;250;92;21mu[38;2;249;83;21mv[38;2;244;92;19muuu[38;2;243;100;14mn[38;2;250;116;21mj[38;2;249;124;21mff[38;2;249;138;20m/[38;2;244;139;20m/[38;2;234;136;13mttt[38;2;244;139;20m/[38;2;243;158;52m1[38;2;241;170;28m}[38;2;244;189;91m--[38;2;254;214;131m>[38;2;254;229;164mI[38;2;254;234;172m;[38;2;255;226;134m!![38;2;253;203;106m~[38;2;235;168;57m}[38;2;234;136;13mt[38;2;236;122;12mjj[38;2;244;115;18mr[38;2;243;107;13mx[38;2;249;107;21mx[38;2;250;116;21mjjj[38;2;245;116;19mj[38;2;244;124;20mf[38;2;244;131;20mtt[38;2;254;150;35m)[38;2;250;157;37m11[38;2;245;149;22m(([38;2;244;131;19mt[38;2;249;124;21mf[38;2;244;131;19mt[38;2;245;149;22m(([38;2;255;182;59m[[38;2;250;157;37m1[38;2;244;139;20m/[38;2;249;124;21mff[38;2;245;116;19mjjjjj[38;2;250;116;21mjj[38;2;249;124;21mf[38;2;244;123;20mff[38;2;244;124;20mf[38;2;244;139;20m/[38;2;243;158;52m1[38;2;248;184;54m[[[38;2;254;198;60m_[38;2;252;210;93m<<<<[38;2;255;189;86m-[38;2;234;160;14m([38;2;234;136;13mt[38;2;236;122;12mjj[38;2;232;109;24mx[0m
[38;2;249;83;21mvv[38;2;250;84;25mvv[38;2;244;92;19mu[38;2;249;107;21mx[38;2;250;116;21mj[38;2;249;138;20m//[38;2;245;149;22m(([38;2;238;149;34m|[38;2;245;149;22m(([38;2;248;166;23m}[38;2;241;170;28m}[38;2;255;189;86m-[38;2;254;220;139mii[38;2;255;236;180m;[38;2;247;246;199m,,[38;2;255;236;180m;;[38;2;254;227;148ml[38;2;250;186;89m-[38;2;243;158;52m1[38;2;234;136;13mtt[38;2;236;122;12mj[38;2;244;124;20mf[38;2;244;123;20mf[38;2;249;124;21mff[38;2;250;116;21mjj[38;2;245;116;19mjjj[38;2;244;124;20mffffffff[38;2;244;131;20mtt[38;2;249;138;20m/[38;2;249;124;21mf[38;2;245;116;19mj[38;2;244;108;19mxx[38;2;249;107;21mx[38;2;243;100;14mn[38;2;244;108;19mxxx[38;2;244;108;20mx[38;2;245;116;19mj[38;2;250;116;21mjjj[38;2;249;124;21mf[38;2;243;131;19mt[38;2;234;136;13mt[38;2;234;160;14m(([38;2;242;178;67m][38;2;254;210;116m<[38;2;255;220;117mi[38;2;255;229;123m!![38;2;253;203;106m~[38;2;243;158;52m1[38;2;234;136;13mt[38;2;244;124;20mff[38;2;244;108;19mx[0m
[38;2;244;83;19mcccc[38;2;244;92;19mu[38;2;249;107;21mx[38;2;249;124;21mf[38;2;249;138;20m//[38;2;250;157;37m11[38;2;238;149;34m|[38;2;245;149;22m(([38;2;254;169;43m{[38;2;228;162;52m)[38;2;244;189;91m-[38;2;254;227;148mll[38;2;254;237;188m:[38;2;254;241;196m:[38;2;247;246;199m,[38;2;254;241;196m::[38;2;254;229;164mI[38;2;254;210;116m<[38;2;242;178;67m][38;2;238;149;34m||[38;2;234;136;13mt[38;2;244;131;20mt[38;2;249;124;21mfffff[38;2;245;116;19mjjjj[38;2;244;123;20mf[38;2;245;116;19mjjj[38;2;244;123;20mf[38;2;244;124;20mff[38;2;244;131;19mtt[38;2;243;131;19mt[38;2;244;124;20mf[38;2;232;109;24mx[38;2;243;107;13mxxx[38;2;243;100;14mn[38;2;243;107;13mxxxx[38;2;245;116;19mjjjj[38;2;244;124;20mf[38;2;234;136;13mt[38;2;238;149;34m|[38;2;241;170;28m}}[38;2;246;195;61m-[38;2;255;220;117mi[38;2;255;226;134m![38;2;254;219;132mii[38;2;253;203;106m~[38;2;235;168;57m}[38;2;234;136;13mt[38;2;236;122;12mjj[38;2;244;108;19mx[0m
[38;2;244;108;19mx[38;2;243;107;13mx[38;2;249;107;21mxx[38;2;250;116;21mjj[38;2;244;124;20mf[38;2;249;138;20m//[38;2;243;158;52m1[38;2;254;169;43m{[38;2;235;168;57m}[38;2;241;170;28m}}[38;2;235;168;57m}[38;2;231;185;81m[[38;2;254;214;131m>[38;2;255;236;180m;;[38;2;254;241;196m:[38;2;253;242;212m,,,,[38;2;255;241;188m:[38;2;254;227;148ml[38;2;242;202;91m+[38;2;235;178;36m{{[38;2;234;160;14m([38;2;243;158;52m1[38;2;244;139;20m/[38;2;234;136;13mtt[38;2;244;131;19mt[38;2;244;124;20mffff[38;2;244;123;20mf[38;2;245;116;19mj[38;2;250;116;21mjjjj[38;2;249;124;21mf[38;2;244;124;20mf[38;2;243;131;19mtt[38;2;244;139;20m//[38;2;244;131;19mttt[38;2;243;123;20mff[38;2;244;131;19mtttttt[38;2;244;139;20m//[38;2;238;149;34m|[38;2;247;169;71m{[38;2;251;203;84m+[38;2;255;226;134m!![38;2;254;229;164mI[38;2;255;236;180m;[38;2;254;234;172m;[38;2;254;219;132mii[38;2;244;189;91m-[38;2;228;174;59m}[38;2;234;160;14m([38;2;234;136;13mtt[38;2;232;109;24mx[0m
[38;2;244;124;20mf[38;2;245;116;19mj[38;2;250;116;21mjjj[38;2;244;123;20mf[38;2;244;124;20mf[38;2;245;149;22m(([38;2;250;157;37m1[38;2;252;188;67m?[38;2;243;188;67m?[38;2;255;189;86m--[38;2;245;198;108m+[38;2;254;214;131m>[38;2;254;228;155ml[38;2;254;237;188m::[38;2;254;241;204m,[38;2;253;242;212m,,[38;2;254;241;204m,,[38;2;254;237;188m:[38;2;254;227;148ml[38;2;242;202;91m+[38;2;248;184;54m[[[38;2;241;170;28m}[38;2;248;166;23m}[38;2;245;149;22m(((([38;2;244;139;20m/[38;2;234;136;13mttt[38;2;244;124;20mf[38;2;244;123;20mf[38;2;245;116;19mj[38;2;250;116;21mjjj[38;2;244;123;20mf[38;2;244;124;20mf[38;2;243;131;19mtt[38;2;244;139;20m/[38;2;245;149;22m(((([38;2;244;139;20m//[38;2;245;149;22m((((([38;2;244;139;20m/[38;2;245;149;22m(([38;2;234;160;14m([38;2;235;168;57m}[38;2;254;210;116m<[38;2;255;235;149mII[38;2;255;236;180m;[38;2;253;237;195m:[38;2;254;237;188m:[38;2;251;220;162m!![38;2;246;205;126m~[38;2;242;202;91m+[38;2;244;189;91m-[38;2;230;149;43m||[38;2;234;136;13mt[0m
[38;2;254;150;35m)[38;2;249;138;20m/[38;2;244;124;20mff[38;2;249;124;21mf[38;2;244;124;20mff[38;2;244;139;20m//[38;2;243;158;52m1[38;2;254;198;60m_[38;2;252;210;93m<[38;2;254;219;132mii[38;2;254;228;155ml[38;2;253;229;171mI[38;2;254;237;188m:[38;2;254;241;204m,,[38;2;253;242;212m,[38;2;254;241;204m,[38;2;247;246;199m,[38;2;254;241;196m::[38;2;255;241;188m:[38;2;254;228;155ml[38;2;254;214;131m>[38;2;254;210;116m<<[38;2;255;208;77m~[38;2;252;188;67m?[38;2;248;184;54m[[38;2;255;182;59m[[[38;2;252;188;67m???[38;2;242;178;67m]][38;2;243;158;52m1[38;2;234;136;13mt[38;2;236;122;12mj[38;2;244;124;20mffff[38;2;244;139;20m/[38;2;245;149;22m(([38;2;243;158;52m1[38;2;252;188;67m??[38;2;241;170;28m}}}[38;2;254;198;60m_[38;2;252;210;93m<<<[38;2;254;198;60m_[38;2;241;170;28m}[38;2;234;160;14m([38;2;245;149;22m(([38;2;243;158;52m1[38;2;242;178;67m][38;2;246;212;104m<[38;2;254;234;172m;;[38;2;255;241;188m:[38;2;255;236;180m;[38;2;250;230;180mI[38;2;253;228;189mIIII[38;2;253;229;171mI[38;2;254;214;131m>>[38;2;245;187;113m-[0m
[38;2;250;157;37m1[38;2;244;139;20m/[38;2;236;122;12mjj[38;2;244;124;20mf[38;2;244;115;18mr[38;2;244;123;19mf[38;2;243;131;19mtt[38;2;245;149;22m([38;2;243;158;52m1[38;2;235;178;36m{[38;2;254;210;116m<<[38;2;255;226;134m![38;2;254;229;164mI[38;2;254;237;188m:[38;2;253;242;212m,,[38;2;254;241;217m,[38;2;253;242;212m,[38;2;254;238;203m:[38;2;244;229;188mII[38;2;250;230;180mI[38;2;247;222;168m![38;2;247;220;147mi[38;2;254;214;131m>>[38;2;253;203;106m~[38;2;242;178;67m][38;2;235;168;57m}}}[38;2;243;188;67m?[38;2;254;219;132mi[38;2;255;235;149mIII[38;2;254;219;132mi[38;2;248;184;54m[[38;2;238;149;34m|[38;2;234;136;13mtt[38;2;236;122;12mj[38;2;244;139;20m/[38;2;250;157;37m1[38;2;242;178;67m]][38;2;244;189;91m-[38;2;246;212;104m<[38;2;245;213;121m<[38;2;234;197;90m---[38;2;249;215;136m>[38;2;255;235;149mIII[38;2;255;220;117mi[38;2;243;188;67m?[38;2;234;160;14m([38;2;245;149;22m(([38;2;243;158;52m1[38;2;235;178;36m{[38;2;253;203;106m~[38;2;254;229;164mII[38;2;254;237;188m:[38;2;254;234;172m;[38;2;250;230;180mI[38;2;253;237;195m::[38;2;254;238;210m:[38;2;254;241;217m,[38;2;253;242;212m,[38;2;253;237;195m::[38;2;250;230;180mI[0m
[38;2;250;157;37m1[38;2;244;139;20m/[38;2;236;122;12mjj[38;2;244;115;18mrr[38;2;244;123;19mf[38;2;243;131;19mtt[38;2;249;138;20m/[38;2;245;149;22m([38;2;235;168;57m}[38;2;251;203;84m++[38;2;255;226;134m![38;2;254;229;164mI[38;2;254;237;188m:[38;2;254;238;210m::[38;2;254;241;217m,[38;2;254;238;210m:[38;2;254;238;203m:[38;2;245;236;196m;;[38;2;250;230;180mI[38;2;253;229;171mI[38;2;251;220;162m![38;2;254;220;139mii[38;2;254;210;116m<[38;2;242;178;67m][38;2;235;168;57m}}}[38;2;251;203;84m+[38;2;254;227;148ml[38;2;254;234;172m;[38;2;255;236;180m;;[38;2;254;229;164mI[38;2;245;198;108m+[38;2;235;168;57m}[38;2;234;136;13mtttt[38;2;243;158;52m1[38;2;244;189;91m--[38;2;254;219;132mi[38;2;254;227;148mlllll[38;2;254;234;172m;[38;2;255;236;180m;[38;2;254;234;172m;;[38;2;249;215;136m>[38;2;250;196;93m_[38;2;234;160;14m([38;2;234;136;13mtt[38;2;229;125;19mj[38;2;235;168;57m}[38;2;253;203;106m~[38;2;254;229;164mII[38;2;254;237;188m:[38;2;250;230;180mI[38;2;254;237;188m:[38;2;254;241;204m,,[38;2;253;242;212m,[38;2;254;241;217m,[38;2;253;242;212m,[38;2;253;237;195m::[38;2;244;229;188mI[0m
[38;2;250;186;89m-[38;2;234;136;13mt[38;2;232;109;24mxx[38;2;243;107;13mxx[38;2;244;115;18mr[38;2;243;131;19mtt[38;2;249;138;20m/[38;2;244;139;20m/[38;2;234;160;14m([38;2;244;189;91m--[38;2;245;213;121m<[38;2;254;229;164mI[38;2;254;237;188m:[38;2;254;241;204m,,[38;2;253;242;212m,,,[38;2;253;237;195m:::[38;2;253;229;171mI[38;2;251;220;162m![38;2;254;219;132mii[38;2;250;196;93m_[38;2;228;162;52m)[38;2;223;141;18mt[38;2;235;168;57m}}[38;2;254;214;131m>[38;2;255;236;180m;[38;2;254;241;204m,,,[38;2;255;236;180m;[38;2;254;228;155ml[38;2;254;210;116m<[38;2;242;178;67m]][38;2;235;168;57m}[38;2;246;195;61m-[38;2;254;210;116m<[38;2;254;229;164mII[38;2;254;237;188m:[38;2;254;238;203m:[38;2;254;241;204m,[38;2;254;238;203m::[38;2;254;238;210m:::[38;2;254;237;188m::[38;2;254;227;148ml[38;2;251;203;84m+[38;2;243;158;52m1[38;2;234;136;13mttt[38;2;230;149;43m|[38;2;253;203;106m~[38;2;255;236;180m;;[38;2;254;241;196m:[38;2;253;237;195m:[38;2;254;238;203m:[38;2;254;241;204m,,,,,,,[38;2;245;236;196m;[0m
[38;2;254;214;131m>[38;2;235;155;77m1[38;2;236;122;12mjj[38;2;244;108;19mxx[38;2;244;115;18mr[38;2;244;123;19mff[38;2;243;131;19mt[38;2;234;136;13mt[38;2;238;149;34m|[38;2;244;189;91m--[38;2;249;215;136m>[38;2;254;234;172m;[38;2;253;237;195m:[38;2;253;242;212m,,,,[38;2;247;246;199m,[38;2;253;237;195m::[38;2;254;237;188m:[38;2;253;229;171mI[38;2;254;227;148ml[38;2;254;210;116m<<[38;2;243;188;67m?[38;2;234;160;14m([38;2;223;141;18mt[38;2;242;178;67m]][38;2;254;214;131m>[38;2;255;241;188m:[38;2;254;241;204m,,,[38;2;254;241;196m:[38;2;254;234;172m;[38;2;254;219;132mi[38;2;244;189;91m--[38;2;231;185;81m[[38;2;252;210;93m<[38;2;255;226;134m![38;2;255;242;179m::[38;2;254;241;204m,,[38;2;253;242;212m,,,[38;2;254;238;210m:[38;2;253;241;217m,[38;2;253;242;212m,[38;2;255;236;180m;;[38;2;254;227;148ml[38;2;255;189;86m-[38;2;245;149;22m([38;2;236;122;12mjjj[38;2;230;149;43m|[38;2;245;198;108m+[38;2;255;236;180m;;[38;2;254;241;204m,[38;2;254;238;203m::[38;2;254;241;204m,,,,,,,[38;2;254;238;203m:[0m
[38;2;254;234;172m;[38;2;254;214;131m>[38;2;235;155;77m11[38;2;236;122;12mj[38;2;245;116;19mjj[38;2;243;123;20mff[38;2;244;139;20m/[38;2;238;149;34m|[38;2;235;168;57m}[38;2;250;200;119m~~[38;2;254;229;164mI[38;2;254;241;196m:[38;2;254;241;204m,[38;2;253;242;212m,,,[38;2;247;246;199m,[38;2;245;236;196m;;;[38;2;254;237;188m:[38;2;255;236;180m;[38;2;255;235;149mI[38;2;255;220;117mii[38;2;222;179;66m{[38;2;228;162;52m))[38;2;245;198;108m++[38;2;254;229;164mI[38;2;253;237;195m:[38;2;254;238;210m:::[38;2;253;237;195m:[38;2;255;236;180m;[38;2;254;227;148ml[38;2;234;197;90m--[38;2;231;185;81m[[38;2;246;212;104m<[38;2;255;235;149mI[38;2;253;237;195m::[38;2;253;242;212m,,,,,,,[38;2;254;241;204m,[38;2;255;236;180m;;[38;2;254;214;131m>[38;2;247;169;71m{[38;2;234;136;13mt[38;2;236;122;12mjjj[38;2;234;136;13mt[38;2;250;186;89m-[38;2;253;229;171mII[38;2;254;238;203m:[38;2;254;241;204m,[38;2;253;242;212m,,,,,,,,,[0m
[38;2;254;241;196m:[38;2;255;236;180m;[38;2;254;214;131m>>[38;2;244;172;96m][38;2;236;122;12mjj[38;2;234;136;13mtt[38;2;234;160;14m([38;2;242;178;67m][38;2;254;210;116m<[38;2;255;235;149mII[38;2;254;234;172m;[38;2;253;237;195m:[38;2;254;241;204m,[38;2;253;242;212m,,[38;2;254;241;217m,[38;2;254;238;210m:[38;2;254;238;203m:::[38;2;253;237;195m::[38;2;255;236;180m;[38;2;254;228;155mll[38;2;249;215;136m>[38;2;242;202;91m+[38;2;234;197;90m-[38;2;255;235;149mII[38;2;255;241;188m:[38;2;254;238;203m:[38;2;254;238;210m:::[38;2;254;241;204m,[38;2;255;236;180m;[38;2;255;226;134m![38;2;242;202;91m++[38;2;222;179;66m{[38;2;234;197;90m-[38;2;254;228;155ml[38;2;253;237;195m::[38;2;253;242;212m,,,,,,,[38;2;254;238;203m:[38;2;254;228;155mll[38;2;245;198;108m+[38;2;230;149;43m|[38;2;234;136;13mttt[38;2;236;122;12mj[38;2;234;136;13mt[38;2;250;186;89m-[38;2;253;229;171mII[38;2;253;237;195m:[38;2;253;242;212m,,,,,,,,,,[0m
[38;2;253;242;212m,[38;2;254;237;188m:[38;2;254;228;155mll[38;2;244;189;91m-[38;2;216;143;34mt[38;2;234;136;13mt[38;2;238;149;34m||[38;2;234;160;14m([38;2;243;188;67m?[38;2;255;220;117mi[38;2;255;235;149mII[38;2;254;234;172m;[38;2;254;237;188m:[38;2;254;241;204m,[38;2;253;242;212m,,[38;2;254;238;210m:::[38;2;253;242;212m,,[38;2;254;238;203m::[38;2;253;237;195m:[38;2;254;237;188m::[38;2;254;234;172m;[38;2;255;235;149mI[38;2;247;220;147mi[38;2;255;236;180m;;[38;2;254;241;196m:[38;2;254;238;203m:[38;2;254;238;210m:::[38;2;254;241;204m,[38;2;254;234;172m;[38;2;255;226;134m![38;2;242;202;91m++[38;2;229;183;41m{[38;2;234;197;90m-[38;2;254;228;155ml[38;2;254;241;204m,,[38;2;254;238;210m:[38;2;253;242;212m,,,,,,[38;2;254;241;204m,[38;2;254;229;164mII[38;2;250;200;119m~[38;2;235;168;57m}[38;2;238;149;34m|[38;2;234;136;13mtt[38;2;229;125;19mj[38;2;234;136;13mt[38;2;250;186;89m-[38;2;250;230;180mII[38;2;254;238;203m:[38;2;253;242;212m,,,,,,,,,,[0m
[38;2;254;238;210m:[38;2;254;241;204m,[38;2;255;241;188m::[38;2;254;228;155ml[38;2;250;200;119m~[38;2;250;186;89m-[38;2;244;189;91m--[38;2;250;196;93m_[38;2;242;202;91m+[38;2;254;214;131m>[38;2;254;220;139mii[38;2;247;220;147mi[38;2;244;227;170ml[38;2;254;237;188m:[38;2;253;242;212m,,[38;2;254;241;217m,[38;2;253;242;212m,,,,,,,,,,[38;2;254;238;210m::::[38;2;253;242;212m,[38;2;254;238;210m:[38;2;253;242;212m,,,[38;2;254;241;196m:[38;2;254;229;164mI[38;2;254;219;132mi[38;2;246;195;61m--[38;2;228;174;59m}[38;2;234;197;90m-[38;2;255;235;149mI[38;2;254;241;196m::[38;2;254;238;210m:[38;2;253;242;212m,,,,,[38;2;254;238;210m:[38;2;253;237;195m:[38;2;254;234;172m;;[38;2;254;214;131m>[38;2;255;189;86m-[38;2;250;157;37m1[38;2;254;150;35m))[38;2;229;125;19mj[38;2;235;168;57m}[38;2;254;214;131m>[38;2;254;237;188m::[38;2;253;242;212m,,,,,,,,,,,[0m
[38;2;253;242;212m,,[38;2;254;241;204m,,[38;2;254;241;196m:[38;2;253;229;171mI[38;2;254;227;148ml[38;2;254;219;132mii[38;2;253;203;106m~[38;2;242;202;91m+[38;2;254;210;116m<[38;2;245;213;121m<<[38;2;237;216;136m>[38;2;247;220;147mi[38;2;255;236;180m;[38;2;254;241;204m,,[38;2;253;242;212m,,,,,,,,,,,,,,,[38;2;254;238;210m:[38;2;254;241;217m,[38;2;253;242;212m,[38;2;254;241;204m,,[38;2;254;237;188m:[38;2;254;227;148ml[38;2;234;197;90m-[38;2;238;195;73m??[38;2;229;183;41m{[38;2;242;202;91m+[38;2;254;229;164mI[38;2;254;241;204m,,[38;2;253;242;212m,,,,,,,[38;2;254;241;196m:[38;2;254;229;164mII[38;2;254;210;116m<[38;2;235;168;57m}[38;2;243;158;52m1[38;2;245;149;22m(([38;2;238;149;34m|[38;2;248;184;54m[[38;2;255;226;134m![38;2;254;241;196m::[38;2;253;242;212m,,,,,,,,,,,[0m
