                                                                                [0m
                                                                                [0m
                                                                                [0m
                                                                                [0m
                                                                                [0m
                                                                          [38;2;249;76;21mccc   [0m
                               [38;2;250;85;26mv[38;2;246;83;25mvv[38;2;245;83;20mvv[38;2;246;83;25mv            [38;2;249;76;21mcc                       [38;2;250;76;21mcc[38;2;246;76;25mc   [0m
                               [38;2;246;83;25mv[38;2;245;83;20mvv[38;2;249;84;21mvvv         [38;2;249;76;21mccccc                       [38;2;250;76;21mcc[38;2;246;76;25mc   [0m
                               [38;2;246;76;25mc[38;2;245;83;20mvv[38;2;250;91;21mu[38;2;249;92;21mu[38;2;249;84;21mv        [38;2;246;76;25mcccc[38;2;249;76;21mc[38;2;250;76;21mcc                 [38;2;237;93;14mvv[38;2;245;83;20mv[38;2;250;76;21mcccc[38;2;245;83;20mv   [0m
                              [38;2;246;76;25mc[38;2;246;83;25mv[38;2;249;92;21muuu[38;2;250;93;26mn[38;2;249;92;21mu[38;2;246;76;25mcc       cccc[38;2;250;76;21mcc                 [38;2;246;76;25mc[38;2;245;83;20mv[38;2;245;91;19mu[38;2;249;84;21mvvv[38;2;250;85;26mvv   [0m
           [38;2;246;76;25mc[38;2;246;83;25mvv               [38;2;245;78;20mc[38;2;250;85;26mv[38;2;250;93;26mnnn[38;2;250;99;20mn[38;2;245;91;19mu[38;2;245;83;20mv         [38;2;246;76;25mcccccc               cc[38;2;249;84;21mv[38;2;249;92;21mu[38;2;251;100;26mxxx[38;2;250;93;26mn[38;2;250;91;21mu[38;2;250;85;26mv   [0m
         [38;2;246;76;25mccccc[38;2;246;83;25mv[38;2;249;84;21mv        [38;2;246;76;25mc[38;2;250;76;21mcccc[38;2;246;76;25mc[38;2;250;93;26mnn[38;2;250;91;21muuu[38;2;245;83;20mvv         [38;2;246;76;25mcccc[38;2;249;76;21mc               [38;2;237;93;14mv[38;2;245;83;20mvvv[38;2;245;91;19mu[38;2;250;99;20mnnn[38;2;250;93;26mn[38;2;245;91;19mu[38;2;245;83;20mvvv [0m
          [38;2;246;76;25mc[38;2;250;76;21mccc[38;2;249;84;21mvv      [38;2;246;76;25mccc[38;2;250;76;21mcccc[38;2;246;76;25mc[38;2;250;85;26mv[38;2;250;93;26mn[38;2;250;91;21muuu[38;2;245;83;20mvv    [38;2;246;76;25mc    [38;2;249;76;21mc[38;2;246;76;25mcc[38;2;249;76;21mcc               [38;2;246;83;25mv[38;2;245;83;20mvvv[38;2;237;93;14mv[38;2;245;99;19mn[38;2;250;99;20mnnn[38;2;250;93;26mn[38;2;245;91;19mu[38;2;245;83;20mvv [0m
          [38;2;245;78;20mc[38;2;250;76;21mc[38;2;249;84;21mvvv[38;2;245;83;20mv   [38;2;245;78;20mc[38;2;246;76;25mcc[38;2;245;78;20mccc[38;2;245;83;20mv[38;2;246;76;25mccccc[38;2;245;83;20mv[38;2;250;85;26mvvvv[38;2;245;83;20mv  [38;2;245;78;20mcccccc[38;2;249;76;21mc[38;2;250;76;21mc[38;2;249;76;21mcccc           [38;2;237;93;14mvvv[38;2;245;83;20mvv[38;2;249;92;21muuu[38;2;250;99;20mn[38;2;245;99;19mn[38;2;249;100;20mnn[38;2;251;100;26mx[38;2;250;99;20mn[38;2;250;93;26mn[38;2;245;91;19muu [0m
         [38;2;245;78;20mc[38;2;245;83;20mvv[38;2;249;84;21mvv[38;2;245;83;20mvvvvvvvvvvvvv  [38;2;246;76;25mccc[38;2;245;83;20mvv[38;2;250;85;26mv[38;2;245;83;20mvvvvvv[38;2;250;85;26mv[38;2;245;83;20mvv[38;2;245;78;20mcc[38;2;246;76;25mc[38;2;246;83;25mvv[38;2;245;83;20mv[38;2;246;83;25mvv         [38;2;237;93;14mvvv[38;2;246;83;25mv[38;2;245;83;20mv[38;2;249;92;21muuu[38;2;250;99;20mn[38;2;249;100;20mn[38;2;251;100;26mx[38;2;249;100;20mnnnn[38;2;250;99;20mn[38;2;245;91;19muu[38;2;245;83;20mv[0m
[38;2;246;76;25mc     c[38;2;245;83;20mvvv[38;2;250;91;21mu[38;2;250;93;26mn[38;2;249;92;21muu[38;2;245;91;19muuu[38;2;250;99;20mnn[38;2;251;100;26mx[38;2;249;100;20mn[38;2;250;107;21mxxxx[38;2;249;100;20mn[38;2;245;91;19mu[38;2;245;83;20mvv[38;2;249;84;21mv[38;2;246;76;25mcc  c[38;2;245;83;20mvv[38;2;245;91;19muu[38;2;249;92;21mu[38;2;250;99;20mnnnn[38;2;249;92;21mu[38;2;245;91;19mu[38;2;250;93;26mn[38;2;249;92;21muu[38;2;251;100;26mx[38;2;250;99;20mnn[38;2;246;91;26muu[38;2;237;93;14mvv[38;2;222;77;42mz[38;2;237;93;14mvvv[38;2;246;91;26muu[38;2;250;93;26mnnn[38;2;251;100;26mx[38;2;252;107;27mrrrr[38;2;249;100;20mn[38;2;245;99;19mn[38;2;250;107;21mxxx[38;2;252;107;27mr[38;2;250;99;20mn[38;2;245;91;19muu[38;2;245;83;20mv[0m
[38;2;246;76;25mc     [38;2;250;85;26mv[38;2;250;91;21muu[38;2;250;99;20mn[38;2;249;92;21mu[38;2;245;91;19mu[38;2;244;91;19muuu[38;2;249;100;20mn[38;2;243;100;14mn[38;2;244;107;19mxx[38;2;249;124;21mfff[38;2;250;116;21mjj[38;2;244;107;19mx[38;2;249;100;20mn[38;2;249;92;21mu[38;2;249;84;21mvv[38;2;246;76;25mccccc[38;2;245;83;20mv[38;2;250;85;26mv[38;2;250;91;21mu[38;2;251;100;26mxxx[38;2;252;107;27mrr[38;2;251;100;26mxx[38;2;250;99;20mnnn[38;2;251;100;26mxx[38;2;252;107;27mrr[38;2;249;100;20mn[38;2;250;99;20mnn[38;2;245;91;19mu[38;2;245;83;20mvv[38;2;250;85;26mvvv[38;2;246;91;26muu[38;2;250;91;21muu[38;2;250;93;26mn[38;2;250;99;20mn[38;2;252;107;27mrrr[38;2;250;115;20mjj[38;2;250;116;21mjjjj[38;2;250;107;21mx[38;2;250;99;20mn[38;2;249;92;21muu[38;2;245;83;20mv[0m
      [38;2;250;85;26mv[38;2;249;92;21muu[38;2;250;99;20mn[38;2;250;93;26mn[38;2;245;91;19mu[38;2;244;91;19muuu[38;2;250;107;21mx[38;2;243;107;13mx[38;2;244;115;19mrr[38;2;244;131;20mt[38;2;249;138;20m//[38;2;249;124;21mfff[38;2;244;107;19mx[38;2;250;93;26mn[38;2;245;83;20mvv[38;2;246;76;25mc[38;2;245;83;20mvvvvv[38;2;250;85;26mv[38;2;250;91;21mu[38;2;250;93;26mnn[38;2;250;99;20mn[38;2;249;100;20mnnnn[38;2;250;99;20mnnn[38;2;251;100;26mxx[38;2;252;107;27mrr[38;2;249;100;20mn[38;2;250;93;26mnn[38;2;245;83;20mvv[38;2;249;84;21mv[38;2;250;85;26mvvv[38;2;246;91;26muu[38;2;249;92;21muu[38;2;245;91;19mu[38;2;249;100;20mnn[38;2;250;107;21mxx[38;2;250;116;21mj[38;2;249;124;21mf[38;2;244;123;20mfff[38;2;250;116;21mj[38;2;244;107;19mx[38;2;250;99;20mn[38;2;245;91;19muu[38;2;245;83;20mv[0m
    [38;2;250;76;21mc[38;2;246;76;25mc[38;2;245;83;20mv[38;2;245;91;19muu[38;2;250;99;20mn[38;2;251;100;26mx[38;2;252;107;27mr[38;2;250;107;21mxxx[38;2;250;115;20mj[38;2;250;116;21mj[38;2;244;131;20mtt[38;2;250;157;37m1[38;2;255;182;59m[[38;2;252;188;67m?[38;2;243;158;52m11[38;2;234;136;13mt[38;2;236;122;12mj[38;2;245;115;19mr[38;2;245;99;19mnn[38;2;250;93;26mn[38;2;245;83;20mvvvvvvvvv[38;2;245;91;19muu[38;2;250;93;26mn[38;2;249;92;21muu[38;2;245;91;19muuu[38;2;249;92;21muu[38;2;251;100;26mx[38;2;249;100;20mn[38;2;244;91;19mu[38;2;245;83;20mvv[38;2;245;78;20mc[38;2;244;83;19mc[38;2;245;78;20mc[38;2;246;76;25mcc[38;2;245;83;20mvvvvv[38;2;244;91;19muu[38;2;243;100;14mn[38;2;244;107;19mxx[38;2;244;116;19mj[38;2;243;123;20mf[38;2;244;123;20mf[38;2;249;124;21mfff[38;2;244;107;19mx[38;2;245;91;19mu[38;2;245;83;20mvvv[0m
    [38;2;250;76;21mc[38;2;245;78;20mc[38;2;245;91;19mu[38;2;250;99;20mnn[38;2;245;99;19mn[38;2;244;107;19mxx[38;2;250;115;20mjj[38;2;244;107;19mx[38;2;250;116;21mj[38;2;243;123;20mf[38;2;244;139;20m//[38;2;243;158;52m1[38;2;250;196;93m_[38;2;255;220;117mi[38;2;250;196;93m__[38;2;235;168;57m}[38;2;234;136;13mt[38;2;243;123;20mf[38;2;244;107;19mxx[38;2;245;91;19mu[38;2;250;93;26mn[38;2;250;91;21mu[38;2;250;85;26mvvv[38;2;245;83;20mvv[38;2;244;84;19mvv[38;2;245;83;20mv[38;2;249;84;21mv[38;2;250;91;21mu[38;2;249;92;21muu[38;2;249;84;21mv[38;2;249;92;21mu[38;2;245;91;19muuu[38;2;249;92;21muu[38;2;244;84;19mv[38;2;244;83;19mcccc[38;2;245;78;20mc[38;2;250;76;21mcc[38;2;245;83;20mv[38;2;245;91;19mu[38;2;244;84;19mvvv[38;2;244;91;19mu[38;2;243;100;14mnn[38;2;232;109;24mxx[38;2;243;123;20mf[38;2;243;131;20mtt[38;2;249;124;21mfff[38;2;244;107;19mx[38;2;243;100;14mn[38;2;245;83;20mvv[38;2;245;78;20mc[0m
[38;2;250;85;26mv[38;2;245;83;20mv[38;2;246;83;25mvv[38;2;246;76;25mc[38;2;245;83;20mv[38;2;250;93;26mn[38;2;245;99;19mnn[38;2;244;107;19mx[38;2;250;116;21mj[38;2;244;115;19mrrr[38;2;243;123;20mf[38;2;236;122;12mj[38;2;234;136;13mt[38;2;243;158;52m11[38;2;244;189;91m-[38;2;254;220;139mi[38;2;255;235;171m;[38;2;255;226;134m!![38;2;250;196;93m_[38;2;243;158;52m1[38;2;243;131;20mt[38;2;250;116;21mjj[38;2;250;115;20mj[38;2;252;107;27mrrrr[38;2;251;100;26mx[38;2;249;92;21mu[38;2;245;91;19muuuu[38;2;250;91;21mu[38;2;249;84;21mvvv[38;2;249;92;21muuu[38;2;250;99;20mnnn[38;2;249;100;20mn[38;2;244;91;19muuuu[38;2;245;91;19mu[38;2;250;93;26mn[38;2;250;99;20mnnn[38;2;245;99;19mnn[38;2;250;99;20mnn[38;2;252;107;27mr[38;2;244;107;19mx[38;2;243;123;20mf[38;2;249;138;20m//[38;2;250;157;37m1[38;2;254;169;43m{[38;2;250;157;37m1[38;2;244;139;20m//[38;2;244;123;20mf[38;2;244;115;19mr[38;2;244;107;19mx[38;2;245;99;19mnn[38;2;244;91;19mu[0m
[38;2;245;91;19mu[38;2;250;93;26mnnnn[38;2;249;92;21mu[38;2;250;93;26mn[38;2;245;99;19mnn[38;2;250;107;21mx[38;2;249;124;21mff[38;2;249;138;20m//[38;2;244;139;20m/[38;2;245;149;22m([38;2;241;170;28m}[38;2;250;196;93m__[38;2;254;220;139mi[38;2;255;235;171m;[38;2;255;235;149mI[38;2;255;226;134m!![38;2;244;189;91m-[38;2;243;158;52m1[38;2;243;131;20mt[38;2;244;123;20mff[38;2;250;116;21mj[38;2;244;123;20mff[38;2;250;116;21mjjj[38;2;244;107;19mxx[38;2;232;109;24mxx[38;2;245;99;19mn[38;2;250;99;20mn[38;2;245;91;19mu[38;2;245;83;20mvv[38;2;245;91;19mu[38;2;250;93;26mn[38;2;250;99;20mn[38;2;249;100;20mnn[38;2;250;107;21mx[38;2;244;107;19mx[38;2;244;115;19mrrrrrrrrr[38;2;250;116;21mj[38;2;244;107;19mx[38;2;252;107;27mrr[38;2;245;115;19mr[38;2;236;122;12mj[38;2;244;131;20mt[38;2;254;169;43m{{[38;2;255;182;59m[[[38;2;243;158;52m1[38;2;238;149;34m|||[38;2;244;139;20m//[38;2;243;123;20mff[38;2;232;109;24mx[0m
[38;2;249;100;20mn[38;2;250;99;20mnnnn[38;2;250;93;26mn[38;2;250;99;20mn[38;2;249;100;20mnn[38;2;252;107;27mr[38;2;249;124;21mff[38;2;249;138;20m//[38;2;245;149;22m([38;2;234;160;14m([38;2;247;169;71m{[38;2;254;210;116m<<[38;2;254;227;148ml[38;2;255;235;149mI[38;2;255;226;134m![38;2;243;206;108m~~[38;2;247;169;71m{[38;2;234;160;14m([38;2;243;131;20mttt[38;2;249;124;21mf[38;2;244;123;20mf[38;2;249;124;21mf[38;2;244;123;20mffff[38;2;244;115;19mr[38;2;236;122;12mjj[38;2;232;109;24mx[38;2;245;99;19mn[38;2;245;91;19muuuu[38;2;249;92;21mu[38;2;250;99;20mn[38;2;244;107;19mxxx[38;2;244;115;19mrr[38;2;249;124;21mff[38;2;244;123;20mff[38;2;244;131;20mttt[38;2;244;123;20mf[38;2;244;115;19mr[38;2;250;116;21mj[38;2;245;115;19mrrr[38;2;236;122;12mj[38;2;244;139;20m/[38;2;254;169;43m{{[38;2;255;182;59m[[38;2;254;169;43m{[38;2;234;160;14m(((([38;2;243;158;52m1[38;2;250;157;37m1[38;2;245;149;22m(([38;2;229;125;19mj[0m
[38;2;250;115;20mj[38;2;245;99;19mnnn[38;2;250;99;20mn[38;2;245;91;19muu[38;2;250;99;20mnn[38;2;249;100;20mn[38;2;250;115;20mj[38;2;244;123;20mf[38;2;243;131;20mtt[38;2;245;149;22m([38;2;248;166;23m}[38;2;250;196;93m_[38;2;255;235;149mII[38;2;255;242;179m:[38;2;255;226;134m![38;2;231;185;81m[[38;2;230;149;43m||[38;2;238;149;34m|[38;2;245;149;22m([38;2;244;139;20m/[38;2;243;131;20mtt[38;2;249;138;20m/[38;2;249;124;21mff[38;2;244;123;20mff[38;2;243;131;20mt[38;2;254;150;35m)[38;2;250;157;37m1[38;2;254;169;43m{{[38;2;254;150;35m)[38;2;244;123;20mf[38;2;244;107;19mx[38;2;244;91;19muu[38;2;245;91;19mu[38;2;249;100;20mn[38;2;252;107;27mr[38;2;244;123;20mff[38;2;236;122;12mjjjjj[38;2;234;136;13mtt[38;2;250;157;37m1[38;2;254;169;43m{{[38;2;244;139;20m/[38;2;244;123;20mff[38;2;250;116;21mjj[38;2;245;115;19mr[38;2;236;122;12mj[38;2;243;131;20mt[38;2;250;157;37m11[38;2;254;169;43m{[38;2;238;149;34m|[38;2;228;162;52m)[38;2;252;188;67m??[38;2;252;210;93m<[38;2;254;216;104m>[38;2;252;210;93m<[38;2;252;188;67m??[38;2;235;168;57m}[0m
[38;2;250;115;20mj[38;2;249;100;20mn[38;2;250;99;20mnn[38;2;245;91;19mu[38;2;244;91;19muu[38;2;249;100;20mnn[38;2;250;107;21mx[38;2;250;115;20mj[38;2;244;115;19mr[38;2;243;131;20mtt[38;2;245;149;22m([38;2;241;170;28m}[38;2;251;203;84m+[38;2;255;235;171m;;[38;2;254;236;179m;[38;2;255;226;134m![38;2;231;185;81m[[38;2;230;149;43m||[38;2;243;158;52m1[38;2;245;149;22m([38;2;244;139;20m/[38;2;249;138;20m//[38;2;249;124;21mff[38;2;243;123;20mf[38;2;244;123;20mff[38;2;244;139;20m/[38;2;243;158;52m1[38;2;255;182;59m[[38;2;252;188;67m??[38;2;243;158;52m1[38;2;243;131;20mt[38;2;243;107;13mx[38;2;245;99;19mnn[38;2;245;91;19mu[38;2;245;99;19mn[38;2;245;115;19mr[38;2;236;122;12mjj[38;2;244;139;20m/[38;2;250;157;37m1[38;2;234;136;13mttt[38;2;238;149;34m|[38;2;234;160;14m([38;2;255;182;59m[[[[38;2;245;149;22m([38;2;243;131;20mt[38;2;250;116;21mj[38;2;244;107;19mxx[38;2;244;108;20mx[38;2;244;115;19mr[38;2;244;131;20mt[38;2;250;157;37m11[38;2;243;158;52m1[38;2;234;160;14m(([38;2;251;203;84m++[38;2;255;220;117mi[38;2;255;229;123m![38;2;254;216;104m>[38;2;254;198;60m__[38;2;235;168;57m}[0m
[38;2;249;124;21mf[38;2;232;109;24mx[38;2;237;93;14mvv[38;2;245;91;19muuuuu[38;2;249;100;20mn[38;2;243;107;13mxx[38;2;236;122;12mjj[38;2;234;136;13mt[38;2;228;162;52m)[38;2;242;202;91m+[38;2;254;235;172m;;[38;2;254;236;179m;[38;2;255;226;134m![38;2;250;196;93m_[38;2;241;170;28m}}[38;2;248;166;23m}[38;2;245;149;22m(([38;2;244;139;20m//[38;2;249;124;21mf[38;2;250;116;21mj[38;2;243;107;13mx[38;2;236;122;12mjj[38;2;238;149;34m|[38;2;245;182;83m[[38;2;254;210;116m<[38;2;255;220;117mii[38;2;244;189;91m-[38;2;243;158;52m1[38;2;244;139;20m/[38;2;244;123;20mff[38;2;244;115;19mr[38;2;244;123;20mf[38;2;234;136;13mt[38;2;235;168;57m}}[38;2;250;196;93m_[38;2;255;226;134m![38;2;254;210;116m<[38;2;237;187;61m[[[38;2;251;203;84m+[38;2;254;216;104m>[38;2;252;210;93m<[38;2;248;184;54m[[[38;2;243;158;52m1[38;2;243;131;20mt[38;2;243;123;20mf[38;2;244;107;19mxxx[38;2;245;115;19mr[38;2;244;131;20mt[38;2;247;169;71m{{[38;2;254;198;60m_[38;2;248;184;54m[[38;2;235;168;57m}[38;2;242;202;91m++[38;2;255;220;117mi[38;2;254;214;131m>[38;2;242;202;91m+[38;2;235;178;36m{{[38;2;216;143;34mt[0m
[38;2;247;169;71m{[38;2;236;122;12mj[38;2;232;109;24mxx[38;2;232;78;32mz[38;2;249;84;21mvv[38;2;245;99;19mnn[38;2;250;107;21mx[38;2;243;107;13mx[38;2;243;123;20mf[38;2;234;136;13mtt[38;2;238;149;34m|[38;2;251;177;85m[[38;2;255;220;117mi[38;2;254;236;179m;;;[38;2;254;219;132mi[38;2;231;185;81m[[38;2;230;149;43m||[38;2;243;158;52m1[38;2;245;149;22m(([38;2;244;139;20m//[38;2;243;131;20mt[38;2;249;124;21mf[38;2;236;122;12mj[38;2;234;136;13mtt[38;2;245;182;83m[[38;2;251;220;162m![38;2;254;236;179m;[38;2;254;235;172m;;[38;2;254;219;132mi[38;2;243;188;67m?[38;2;243;158;52m1[38;2;244;139;20m//[38;2;236;122;12mj[38;2;234;136;13mt[38;2;247;169;71m{[38;2;254;210;116m<<[38;2;255;226;134m![38;2;255;235;149mI[38;2;237;216;136m>[38;2;243;214;134m>>[38;2;254;220;139mi[38;2;255;226;134m![38;2;255;220;117mi[38;2;245;182;83m[[[38;2;243;158;52m1[38;2;243;131;20mt[38;2;244;116;19mj[38;2;243;100;14mnnn[38;2;232;109;24mx[38;2;244;139;20m/[38;2;255;189;86m--[38;2;252;210;93m<[38;2;252;188;67m?[38;2;221;167;46m)[38;2;231;185;81m[[[38;2;255;220;117mi[38;2;254;227;148ml[38;2;254;220;139mi[38;2;254;214;131m>>>[0m
[38;2;255;202;133m<[38;2;248;154;74m1[38;2;232;109;24mxx[38;2;237;93;14mv[38;2;249;92;21mu[38;2;245;91;19mu[38;2;245;99;19mnn[38;2;243;107;13mx[38;2;244;115;19mr[38;2;236;122;12mj[38;2;234;136;13mtt[38;2;241;170;28m}[38;2;253;203;106m~[38;2;255;226;134m![38;2;255;241;188m::[38;2;255;242;179m:[38;2;254;214;131m>[38;2;228;162;52m)))[38;2;243;158;52m1[38;2;245;149;22m(([38;2;244;139;20m//[38;2;243;123;20mf[38;2;244;116;19mj[38;2;236;122;12mj[38;2;238;149;34m||[38;2;250;196;93m_[38;2;253;229;171mI[38;2;255;242;196m,[38;2;255;241;188m::[38;2;254;227;148ml[38;2;251;177;85m[[38;2;234;160;14m([38;2;244;139;20m//[38;2;234;136;13mtt[38;2;242;178;67m][38;2;255;220;117mii[38;2;255;235;149mI[38;2;255;235;171m;[38;2;236;217;152m>>>[38;2;247;220;147mi[38;2;255;235;149mI[38;2;254;219;132mi[38;2;245;182;83m[[[38;2;250;157;37m1[38;2;243;131;20mt[38;2;236;122;12mj[38;2;243;100;14mnnn[38;2;232;109;24mx[38;2;244;139;20m/[38;2;250;196;93m__[38;2;255;220;117mi[38;2;250;196;93m_[38;2;215;173;67m1[38;2;238;200;114m++[38;2;255;226;134m![38;2;254;235;172m;[38;2;254;236;179m;[38;2;253;229;171mIII[0m
[38;2;254;236;188m;[38;2;252;211;151m>[38;2;248;154;74m11[38;2;236;122;12mj[38;2;245;99;19mn[38;2;249;92;21mu[38;2;243;107;13mxx[38;2;244;116;19mj[38;2;244;123;20mf[38;2;254;150;35m)[38;2;248;166;23m}}[38;2;241;170;28m}[38;2;253;203;106m~[38;2;255;235;149mI[38;2;255;242;179m::[38;2;254;236;179m;[38;2;245;213;121m<[38;2;237;187;61m[[38;2;235;168;57m}}[38;2;234;160;14m([38;2;238;149;34m|[38;2;245;149;22m((([38;2;244;139;20m//[38;2;223;141;18mt[38;2;245;182;83m[[[38;2;254;220;139mi[38;2;254;235;172m;[38;2;255;241;188m:[38;2;254;236;179m;;[38;2;254;227;148ml[38;2;245;182;83m[[38;2;243;158;52m1[38;2;244;131;20mtt[38;2;236;122;12mj[38;2;234;136;13mt[38;2;247;169;71m{[38;2;254;220;139mii[38;2;254;236;179m;;[38;2;250;230;180mIII[38;2;254;236;188m;[38;2;254;236;179m;[38;2;254;220;139mi[38;2;245;182;83m[[[38;2;230;149;43m|[38;2;236;122;12mj[38;2;232;109;24mx[38;2;243;100;14mnn[38;2;245;99;19mn[38;2;232;109;24mx[38;2;234;136;13mt[38;2;250;186;89m--[38;2;255;226;134m![38;2;254;228;163mI[38;2;243;220;162mi[38;2;254;236;188m;;[38;2;254;242;204m,,[38;2;253;242;213m,,,[38;2;254;238;210m:[0m
[38;2;254;237;203m:[38;2;250;230;180mI[38;2;254;195;116m++[38;2;234;136;13mt[38;2;232;109;24mx[38;2;243;100;14mn[38;2;243;107;13mxx[38;2;236;122;12mj[38;2;234;136;13mt[38;2;250;157;37m1[38;2;248;166;23m}}[38;2;235;168;57m}[38;2;250;196;93m_[38;2;254;220;139mi[38;2;254;236;179m;;;[38;2;254;228;163mI[38;2;254;214;131m>[38;2;250;196;93m__[38;2;235;168;57m}[38;2;234;160;14m([38;2;241;170;28m}[38;2;248;184;54m[[[[38;2;235;168;57m}[38;2;228;162;52m)[38;2;242;202;91m++[38;2;255;235;149mI[38;2;255;242;179m:[38;2;255;241;188m:[38;2;254;236;179m;;[38;2;254;220;139mi[38;2;245;182;83m[[38;2;250;157;37m1[38;2;244;131;20mtt[38;2;244;123;20mf[38;2;234;136;13mt[38;2;247;169;71m{[38;2;251;220;162m!![38;2;254;236;188m;;[38;2;254;237;195m:[38;2;254;242;204m,,,[38;2;255;241;188m:[38;2;254;220;139mi[38;2;245;182;83m[[[38;2;223;141;18mt[38;2;236;122;12mjj[38;2;245;99;19mnn[38;2;244;107;19mx[38;2;232;109;24mx[38;2;234;136;13mt[38;2;250;200;119m~~[38;2;254;235;172m;[38;2;255;242;196m,[38;2;254;242;204m,,,[38;2;253;242;213m,,,,,,[0m
[38;2;253;242;213m,[38;2;254;237;195m:[38;2;254;235;172m;;[38;2;245;180;104m?[38;2;238;149;34m|[38;2;244;131;20mt[38;2;243;131;20mttt[38;2;244;139;20m/[38;2;250;157;37m1[38;2;248;166;23m}}[38;2;234;160;14m([38;2;228;174;59m}[38;2;253;203;106m~[38;2;254;235;172m;;[38;2;255;242;196m,[38;2;254;236;188m;[38;2;254;236;179m;[38;2;254;228;163mII[38;2;254;220;139mi[38;2;245;213;121m<[38;2;255;220;117mi[38;2;254;220;139mii[38;2;255;226;134m![38;2;254;220;139mi[38;2;254;214;131m>[38;2;254;220;139mii[38;2;254;228;163mI[38;2;254;236;179m;[38;2;253;229;171mI[38;2;254;227;148mll[38;2;254;210;116m<[38;2;247;169;71m{[38;2;245;149;22m([38;2;243;131;20mtt[38;2;236;122;12mj[38;2;234;136;13mt[38;2;247;169;71m{[38;2;254;227;155mll[38;2;255;241;188m:[38;2;254;242;204m,[38;2;253;242;213m,,,,[38;2;254;236;188m;[38;2;254;220;139mi[38;2;245;182;83m[[[38;2;243;158;52m1[38;2;244;139;20m/[38;2;243;123;20mf[38;2;244;107;19mxxx[38;2;236;122;12mj[38;2;247;169;71m{[38;2;251;220;162m!![38;2;255;242;196m,[38;2;253;242;213m,,,,,,,,,,[0m
[38;2;253;241;217m,[38;2;253;242;213m,[38;2;254;242;204m,,[38;2;255;242;179m:[38;2;254;214;131m>[38;2;255;189;86m-[38;2;238;149;34m||[38;2;244;139;20m/[38;2;234;136;13mt[38;2;243;131;20mt[38;2;244;139;20m//[38;2;238;149;34m|[38;2;235;168;57m}[38;2;242;202;91m+[38;2;255;235;171m;;[38;2;254;236;188m;[38;2;254;237;195m:[38;2;254;237;203m:[38;2;254;237;195m:::[38;2;254;236;188m;[38;2;253;229;171mIII[38;2;254;228;163mI[38;2;251;220;162m![38;2;254;220;139mi[38;2;247;220;147mii[38;2;253;229;171mI[38;2;254;236;179m;[38;2;253;229;171mI[38;2;253;203;106m~~[38;2;228;162;52m)[38;2;234;160;14m([38;2;229;125;19mjjjj[38;2;230;149;43m|[38;2;245;182;83m[[38;2;254;220;139mii[38;2;254;236;179m;[38;2;255;242;196m,[38;2;254;242;204m,,,,[38;2;255;242;196m,[38;2;254;228;163mI[38;2;254;195;116m++[38;2;230;149;43m|[38;2;244;139;20m/[38;2;244;123;20mf[38;2;236;122;12mjj[38;2;229;125;19mj[38;2;230;149;43m|[38;2;250;200;119m~[38;2;254;236;179m;;[38;2;254;242;204m,[38;2;253;242;213m,,,,,,,,,,[0m
[38;2;253;241;217m,[38;2;252;248;217m'[38;2;254;242;204m,,[38;2;255;241;188m:[38;2;254;227;155ml[38;2;254;195;116m+[38;2;238;149;34m||[38;2;234;136;13mt[38;2;236;122;12mj[38;2;243;131;20mt[38;2;249;138;20m//[38;2;244;139;20m/[38;2;234;160;14m([38;2;242;202;91m+[38;2;255;235;171m;;[38;2;254;236;188m;[38;2;254;237;195m:[38;2;254;237;203m::::[38;2;254;237;195m:[38;2;254;236;188m;[38;2;254;228;163mII[38;2;254;220;139mii[38;2;254;227;148ml[38;2;254;227;155mll[38;2;253;229;171mI[38;2;254;236;179m;[38;2;254;228;163mI[38;2;253;203;106m~~[38;2;228;162;52m)[38;2;223;141;18mt[38;2;229;125;19mj[38;2;223;141;18mtt[38;2;230;149;43m|[38;2;235;168;57m}[38;2;250;196;93m_[38;2;254;214;131m>>[38;2;254;235;172m;[38;2;255;241;188m:[38;2;254;242;204m,,,,,[38;2;254;236;179m;[38;2;254;214;131m>>[38;2;235;168;57m}[38;2;234;136;13mt[38;2;243;131;20mt[38;2;234;136;13mtt[38;2;223;141;18mt[38;2;235;168;57m}[38;2;254;214;131m>[38;2;254;236;179m;;[38;2;253;242;213m,,,,,,,,,,,[0m
[38;2;252;248;217m''[38;2;253;242;213m,,[38;2;254;242;204m,[38;2;254;236;188m;[38;2;254;214;131m>[38;2;228;162;52m))[38;2;229;125;19mj[38;2;236;122;12mj[38;2;244;123;20mf[38;2;249;124;21mff[38;2;236;122;12mj[38;2;235;168;57m}[38;2;253;203;106m~[38;2;255;235;171m;;[38;2;254;236;188m;;[38;2;254;237;203m:[38;2;253;242;213m,,[38;2;252;248;217m'[38;2;254;242;204m,[38;2;254;236;179m;[38;2;254;214;131m>>[38;2;234;197;90m-[38;2;238;200;114m+[38;2;254;219;132mi[38;2;255;235;149mII[38;2;254;235;172m;;[38;2;255;235;149mI[38;2;243;206;108m~~[38;2;228;162;52m)[38;2;235;168;57m}}}}[38;2;243;188;67m?[38;2;251;203;84m+[38;2;255;229;123m![38;2;246;220;122m>>[38;2;247;220;147mi[38;2;244;227;170ml[38;2;254;236;188m;[38;2;255;242;196m,,[38;2;254;242;204m,,[38;2;255;242;196m,[38;2;254;235;172m;;[38;2;254;214;131m>[38;2;242;178;67m][38;2;234;160;14m([38;2;243;158;52m11[38;2;235;168;57m}[38;2;237;187;61m[[38;2;254;227;148ml[38;2;254;236;188m;;[38;2;254;242;204m,[38;2;253;242;213m,,,,,,,,,,[0m
[38;2;252;248;217m'[38;2;253;241;217m,,,[38;2;253;242;213m,[38;2;254;236;188m;[38;2;254;214;131m>[38;2;228;162;52m))[38;2;229;125;19mj[38;2;236;122;12mj[38;2;244;115;19mr[38;2;243;123;20mff[38;2;229;125;19mj[38;2;235;168;57m}[38;2;254;214;131m>[38;2;254;235;172m;;[38;2;254;237;195m::[38;2;254;237;203m:[38;2;253;242;213m,,,[38;2;254;242;204m,[38;2;255;242;179m:[38;2;245;213;121m<<[38;2;231;185;81m[[38;2;244;189;91m-[38;2;254;210;116m<[38;2;254;219;132mii[38;2;254;220;139mi[38;2;254;228;163mII[38;2;254;220;139mii[38;2;238;200;114m+[38;2;245;198;108m+[38;2;237;187;61m[[38;2;234;197;90m--[38;2;242;202;91m+[38;2;255;220;117mii[38;2;246;220;122m>>[38;2;247;220;147mi[38;2;244;227;170ml[38;2;254;236;188m;[38;2;255;242;196m,,[38;2;254;242;204m,,[38;2;255;242;196m,[38;2;255;241;188m::[38;2;254;228;163mI[38;2;253;203;106m~[38;2;242;178;67m][38;2;228;174;59m}}}[38;2;253;203;106m~[38;2;255;235;149mI[38;2;254;236;188m;;[38;2;254;242;204m,[38;2;253;242;213m,,,,,,,,,,[0m
[38;2;253;241;217m,,,,[38;2;253;242;213m,[38;2;254;242;204m,[38;2;251;220;162m![38;2;245;182;83m[[[38;2;234;136;13mt[38;2;236;122;12mjj[38;2;244;139;20m//[38;2;238;149;34m|[38;2;250;186;89m-[38;2;254;227;148ml[38;2;255;242;179m::[38;2;255;242;196m,[38;2;254;237;195m:[38;2;253;242;213m,,,,[38;2;255;242;196m,[38;2;254;235;172m;[38;2;254;210;116m<<[38;2;228;174;59m}[38;2;235;168;57m}[38;2;241;170;28m}[38;2;228;174;59m}}[38;2;243;206;108m~[38;2;255;235;149mI[38;2;254;236;179m;[38;2;254;236;188m;;[38;2;250;230;180mI[38;2;254;227;155ml[38;2;254;220;139mi[38;2;246;220;122m>>[38;2;245;213;121m<[38;2;246;220;122m>[38;2;254;227;148ml[38;2;254;227;155mll[38;2;243;220;162mi[38;2;244;227;170ml[38;2;254;236;188m;[38;2;254;237;195m::[38;2;254;237;203m:[38;2;254;238;210m:[38;2;253;242;213m,[38;2;254;242;204m,,[38;2;255;242;196m,[38;2;254;236;179m;[38;2;254;227;155ml[38;2;246;220;122m>>[38;2;243;214;134m>[38;2;254;228;163mI[38;2;254;236;188m;[38;2;254;242;204m,,[38;2;253;242;213m,,,,,,,,,,,[0m
[38;2;252;248;217m'[38;2;253;242;213m,[38;2;253;241;217m,,[38;2;253;242;213m,[38;2;254;242;204m,[38;2;254;236;179m;[38;2;254;214;131m>>[38;2;242;178;67m][38;2;235;168;57m}}[38;2;228;162;52m))[38;2;231;185;81m[[38;2;254;220;139mi[38;2;254;235;172m;[38;2;255;242;196m,,[38;2;254;242;204m,,[38;2;253;242;213m,,,,[38;2;255;242;196m,[38;2;255;235;171m;[38;2;253;203;106m~~[38;2;241;170;28m}[38;2;243;158;52m1[38;2;234;160;14m([38;2;241;170;28m}}[38;2;254;210;116m<[38;2;255;235;171m;[38;2;255;242;196m,[38;2;254;242;204m,,[38;2;254;237;203m:[38;2;254;236;179m;[38;2;254;228;163mI[38;2;244;225;150m!![38;2;236;217;152m>[38;2;244;225;150m![38;2;253;229;171mI[38;2;254;236;179m;;;[38;2;250;230;180mII[38;2;254;237;195m::[38;2;254;237;203m:[38;2;254;238;210m::[38;2;254;242;204m,,,[38;2;255;242;196m,[38;2;250;230;180mI[38;2;254;228;163mII[38;2;244;227;170ml[38;2;253;229;171mI[38;2;254;236;188m;[38;2;254;242;204m,,[38;2;253;242;213m,,,,,,,,,,,[0m
[38;2;252;248;217m'[38;2;253;242;213m,,,,,[38;2;254;236;188m;[38;2;251;220;162m!![38;2;254;195;116m+[38;2;250;196;93m__[38;2;245;198;108m++[38;2;254;214;131m>[38;2;254;235;172m;[38;2;255;241;188m:[38;2;254;242;204m,,,,[38;2;253;242;213m,,,[38;2;254;242;204m,[38;2;254;236;188m;[38;2;254;227;155ml[38;2;242;202;91m++[38;2;228;162;52m)[38;2;234;136;13mt[38;2;238;149;34m|[38;2;234;160;14m(([38;2;245;198;108m+[38;2;254;228;163mI[38;2;254;242;204m,[38;2;253;242;213m,,[38;2;254;237;203m:[38;2;254;236;188m;[38;2;244;227;170ml[38;2;236;217;152m>>[38;2;244;225;150m![38;2;244;227;170ml[38;2;253;229;171mI[38;2;254;236;188m;;[38;2;250;230;180mIII[38;2;254;237;195m::[38;2;254;237;203m::[38;2;253;242;213m,[38;2;254;242;204m,,,[38;2;255;242;196m,[38;2;250;230;180mI[38;2;244;227;170mll[38;2;254;227;155ml[38;2;244;227;170ml[38;2;254;236;179m;[38;2;254;242;204m,,[38;2;253;242;213m,,,,,,,,,,,[0m
[38;2;252;248;217m'[38;2;253;242;213m,[38;2;254;238;210m::::[38;2;254;242;204m,[38;2;254;236;179m;;[38;2;254;235;172m;[38;2;254;236;179m;[38;2;254;236;188m;[38;2;254;237;195m::[38;2;254;237;203m:[38;2;253;242;213m,,,,,,,,,[38;2;254;242;204m,[38;2;254;236;188m;[38;2;254;220;139mi[38;2;231;185;81m[[[38;2;216;143;34mt[38;2;223;141;18mt[38;2;238;149;34m|[38;2;235;168;57m}}[38;2;253;203;106m~[38;2;253;229;171mI[38;2;254;242;204m,[38;2;253;242;213m,,[38;2;254;237;203m:[38;2;254;236;179m;[38;2;247;220;147mi[38;2;237;216;136m>>[38;2;254;227;155ml[38;2;254;235;172m;[38;2;250;230;180mI[38;2;254;237;195m:::[38;2;250;230;180mII[38;2;254;237;195m::[38;2;254;237;203m:[38;2;254;237;195m:[38;2;255;242;196m,[38;2;254;236;179m;;[38;2;244;227;170ml[38;2;243;220;162mi[38;2;254;220;139mi[38;2;245;213;121m<<[38;2;243;206;108m~~[38;2;243;214;134m>[38;2;244;227;170mll[38;2;254;236;188m;[38;2;253;242;213m,,,,,,,,,,[0m
[38;2;252;248;217m'[38;2;253;242;213m,,,,,,[38;2;254;242;204m,,,,[38;2;253;242;213m,,,,,,,,,,,,,,[38;2;255;241;188m:[38;2;254;227;155ml[38;2;243;206;108m~~[38;2;235;168;57m}}[38;2;242;178;67m][38;2;243;206;108m~~[38;2;254;220;139mi[38;2;254;236;188m;[38;2;253;242;213m,,,[38;2;254;237;195m:[38;2;254;235;172m;[38;2;237;216;136m>>>[38;2;254;235;172m;[38;2;254;236;188m;[38;2;254;237;195m:[38;2;254;237;203m:::[38;2;254;237;195m:[38;2;254;236;188m;[38;2;254;237;195m::[38;2;254;242;204m,[38;2;255;242;196m,[38;2;254;236;188m;[38;2;254;228;163mII[38;2;247;220;147mi[38;2;254;220;139mi[38;2;254;219;132mi[38;2;243;206;108m~~~[38;2;245;213;121m<[38;2;243;214;134m>[38;2;243;220;162mii[38;2;254;236;188m;[38;2;253;242;213m,,,,,,,,,,[0m
