                                                                                [0m
                                                                                [0m
                                                                                [0m
                                                                                [0m
                                                                                [0m
                                                                                [0m
                 [38;2;245;78;20mccc                                                            [0m
                 [38;2;245;78;20mccc[38;2;249;76;21mc                                                           [0m
                [38;2;245;78;20mccccc              cccc[38;2;246;82;25mv          [38;2;245;77;26mc   cc                        [0m
                [38;2;245;78;20mcccc[38;2;245;83;20mv             [38;2;245;77;26mc[38;2;246;82;25mv[38;2;250;91;21muuu[38;2;246;82;25mv          [38;2;249;76;21mc   [38;2;245;78;20mccc                 [38;2;245;83;20mv[38;2;237;93;14mvv   [0m
[38;2;245;92;20mu[38;2;245;83;20mv             [38;2;245;78;20mcccc[38;2;249;84;21mv            [38;2;245;78;20mcc[38;2;245;83;20mv[38;2;250;91;21muuuu[38;2;245;83;20mvv      [38;2;246;82;25mvv[38;2;245;78;20mc[38;2;245;83;20mv[38;2;249;84;21mvvv[38;2;250;92;21muu[38;2;246;82;25mv[38;2;245;78;20mcc          [38;2;244;83;19mc[38;2;249;84;21mv[38;2;244;83;19mc[38;2;237;93;14mvvv[38;2;249;107;21mx[38;2;244;107;19mx[38;2;244;99;19mnn[38;2;243;100;14mn[0m
[38;2;255;132;34m/[38;2;244;115;19mr[38;2;244;99;19mnn       [38;2;249;76;21mccc  [38;2;249;84;21mvvv[38;2;250;91;21mu[38;2;249;84;21mv[38;2;245;83;20mv[38;2;245;78;20mcc[38;2;245;83;20mv  [38;2;246;82;25mvvvv[38;2;245;83;20mvvv[38;2;249;84;21mv[38;2;250;91;21muuuu[38;2;249;84;21mv[38;2;245;83;20mv      vvv[38;2;250;91;21muu[38;2;250;99;20mnn[38;2;251;100;26mxx[38;2;250;91;21mu[38;2;246;82;25mvv        [38;2;249;84;21mvv[38;2;250;99;20mn[38;2;252;107;27mr[38;2;244;115;19mr[38;2;243;131;20mtt[38;2;247;169;71m{[38;2;248;166;23m}[38;2;234;136;13mt[38;2;245;149;22m((([0m
[38;2;254;150;35m)[38;2;244;131;20mt[38;2;232;109;24mxx[38;2;237;93;14mv      [38;2;249;76;21mccc  [38;2;249;84;21mvvv[38;2;250;91;21mu[38;2;250;92;21mu[38;2;249;84;21mv[38;2;245;83;20mvvv[38;2;246;82;25mv[38;2;245;83;20mv[38;2;249;84;21mvv[38;2;246;82;25mv[38;2;249;84;21mv[38;2;245;83;20mvvvv[38;2;250;91;21muu[38;2;249;84;21mvv[38;2;245;83;20mvv      [38;2;246;82;25mvv[38;2;245;83;20mv[38;2;251;100;26mxx[38;2;252;107;27mrrr[38;2;251;100;26mx[38;2;250;91;21mu[38;2;245;83;20mvv        [38;2;243;92;14muu[38;2;249;107;21mx[38;2;244;124;20mf[38;2;234;136;13mt[38;2;247;169;71m{{[38;2;250;196;93m__[38;2;236;173;83m{[38;2;242;178;67m]][38;2;250;186;89m-[0m
[38;2;250;196;93m_[38;2;251;177;85m[[38;2;243;131;20mtt[38;2;244;99;19mn[38;2;245;92;20mu[38;2;244;83;19mc         [38;2;245;83;20mv[38;2;245;92;20muu[38;2;251;100;26mxx[38;2;250;99;20mn[38;2;250;92;21muu[38;2;245;92;20muuuuuu[38;2;246;91;26muu[38;2;250;91;21muu[38;2;249;84;21mv[38;2;250;91;21muu[38;2;246;82;25mvv[38;2;245;78;20mc      [38;2;249;76;21mc[38;2;246;82;25mvv[38;2;249;84;21mv[38;2;250;92;21mu[38;2;250;99;20mn[38;2;249;107;21mxxx[38;2;250;99;20mnn[38;2;245;83;20mvv       [38;2;237;93;14mv[38;2;236;122;12mjj[38;2;244;139;20m/[38;2;251;177;85m[[38;2;245;198;108m+[38;2;254;220;139mii[38;2;255;242;168m:[38;2;255;235;171m;;;;[38;2;254;229;164mI[0m
[38;2;254;220;139mi[38;2;254;214;131m>[38;2;247;169;71m{{[38;2;236;122;12mj[38;2;244;99;19mn[38;2;249;84;21mv[38;2;245;83;20mvv       v[38;2;245;92;20muu[38;2;250;99;20mn[38;2;249;107;21mxx[38;2;250;99;20mnnn[38;2;245;100;20mn[38;2;244;99;19mnnn[38;2;245;92;20muu[38;2;250;91;21muuuuu[38;2;249;84;21mvvv[38;2;245;78;20mc     [38;2;245;77;26mc[38;2;249;76;21mc[38;2;246;82;25mvv[38;2;245;92;20mu[38;2;250;99;20mnn[38;2;252;107;27mrrr[38;2;251;100;26mx[38;2;250;99;20mn[38;2;245;92;20muu[38;2;245;83;20mv     [38;2;237;93;14mvv[38;2;236;122;12mjj[38;2;230;149;43m|[38;2;254;214;131m>[38;2;251;220;162m![38;2;255;236;180m;;[38;2;255;241;188m:[38;2;254;242;196m,[38;2;246;236;188m;;;[38;2;254;242;196m,[0m
[38;2;254;237;188m:[38;2;255;236;180m;[38;2;254;214;131m>>[38;2;243;158;52m1[38;2;236;122;12mj[38;2;237;93;14mv[38;2;245;92;20muu       [38;2;237;93;14mv[38;2;244;99;19mnn[38;2;244;108;20mxx[38;2;250;115;20mj[38;2;249;124;21mfff[38;2;250;116;20mj[38;2;244;108;19mx[38;2;250;99;20mnn[38;2;245;92;20mu[38;2;245;83;20mv[38;2;246;91;26mu[38;2;251;100;26mxx[38;2;250;91;21mu[38;2;250;92;21muu[38;2;245;83;20mvvv[38;2;245;78;20mcc[38;2;249;84;21mvv[38;2;246;82;25mv[38;2;249;76;21mc[38;2;246;82;25mv[38;2;245;83;20mvvv[38;2;250;92;21mu[38;2;250;99;20mn[38;2;252;107;27mrr[38;2;249;107;21mx[38;2;244;108;20mxx[38;2;244;108;19mxx[38;2;244;99;19mn[38;2;249;84;21mv[38;2;245;83;20mvvv[38;2;237;93;14mvvv[38;2;244;139;20m//[38;2;253;203;106m~[38;2;255;236;180m;[38;2;254;242;196m,,,,[38;2;255;241;188m:[38;2;245;233;180mIII[38;2;254;242;196m,[0m
[38;2;254;242;196m,[38;2;255;236;180m;[38;2;254;220;139mii[38;2;251;177;85m[[38;2;243;131;20mt[38;2;244;108;20mx[38;2;245;92;20muu     [38;2;246;82;25mv[38;2;249;84;21mv[38;2;245;92;20mu[38;2;252;107;27mrr[38;2;244;108;20mx[38;2;244;108;19mx[38;2;244;115;19mr[38;2;255;132;34m//[38;2;254;150;35m)[38;2;255;132;34m/[38;2;244;108;19mx[38;2;250;99;20mnn[38;2;250;91;21mu[38;2;245;83;20mvv[38;2;249;84;21mvvvv[38;2;250;99;20mn[38;2;245;92;20muuu[38;2;250;92;21mu[38;2;245;92;20mu[38;2;245;83;20mvv[38;2;249;84;21mvvvvv[38;2;245;83;20mv[38;2;250;92;21mu[38;2;250;99;20mn[38;2;252;107;27mrr[38;2;244;108;20mx[38;2;249;124;21mffff[38;2;244;115;19mr[38;2;244;108;19mx[38;2;245;100;20mn[38;2;244;99;19mnn[38;2;245;92;20mu[38;2;244;99;19mn[38;2;244;108;19mx[38;2;243;131;20mtt[38;2;251;177;85m[[38;2;254;219;132mi[38;2;254;227;148ml[38;2;254;219;132mii[38;2;254;214;131m>[38;2;254;220;139mii[38;2;253;229;171mII[38;2;255;241;188m:[0m
[38;2;255;236;180m;[38;2;255;242;168m:[38;2;254;219;132mii[38;2;250;186;89m-[38;2;243;158;52m1[38;2;250;115;20mj[38;2;237;93;14mvv[38;2;245;83;20mv  [38;2;245;78;20mcc[38;2;249;84;21mvv[38;2;250;99;20mn[38;2;249;107;21mxx[38;2;244;108;20mx[38;2;244;108;19mx[38;2;244;115;19mr[38;2;249;138;20m//[38;2;254;150;35m)[38;2;249;138;20m/[38;2;244;115;19mr[38;2;243;92;14muu[38;2;245;83;20mvvvvv[38;2;249;84;21mvv[38;2;251;100;26mx[38;2;252;107;27mrr[38;2;250;99;20mn[38;2;251;100;26mx[38;2;245;92;20muuu[38;2;250;91;21muu[38;2;250;92;21muuu[38;2;243;92;14mu[38;2;250;92;21mu[38;2;250;99;20mn[38;2;252;107;27mrr[38;2;244;108;20mx[38;2;249;124;21mf[38;2;255;132;34m///[38;2;249;124;21mf[38;2;244;115;19mr[38;2;244;108;20mx[38;2;244;108;19mxx[38;2;243;100;14mn[38;2;243;92;14mu[38;2;244;108;19mx[38;2;236;122;12mjj[38;2;243;158;52m1[38;2;250;196;93m__[38;2;245;182;83m[[[38;2;236;173;83m{[38;2;250;186;89m-[38;2;245;198;108m+[38;2;251;220;162m!![38;2;255;236;180m;[0m
[38;2;242;202;91m+[38;2;238;195;73m?[38;2;242;178;67m]][38;2;234;160;14m([38;2;245;149;22m([38;2;244;124;20mf[38;2;243;100;14mnn[38;2;249;84;21mvvvvvv[38;2;243;100;14mn[38;2;249;107;21mx[38;2;249;124;21mfff[38;2;244;115;18mr[38;2;243;123;20mf[38;2;249;138;20m//[38;2;254;150;35m)[38;2;249;138;20m/[38;2;250;116;20mj[38;2;244;99;19mnn[38;2;245;83;20mvvv[38;2;249;84;21mvv[38;2;245;92;20mu[38;2;250;99;20mn[38;2;250;115;20mj[38;2;249;124;21mfff[38;2;249;107;21mx[38;2;244;99;19mnnnnnn[38;2;252;107;27mrr[38;2;244;99;19mn[38;2;243;100;14mn[38;2;244;99;19mn[38;2;244;107;19mxx[38;2;244;108;19mx[38;2;249;124;21mf[38;2;255;132;34m///[38;2;249;124;21mf[38;2;244;115;19mrr[38;2;244;108;19mxx[38;2;249;107;21mx[38;2;244;108;19mxx[38;2;255;132;34m//[38;2;249;138;20m/[38;2;250;157;37m11[38;2;234;136;13mtt[38;2;229;125;19mj[38;2;223;141;18mt[38;2;247;169;71m{[38;2;254;210;116m<<[38;2;254;219;132mi[0m
[38;2;248;184;54m[[38;2;234;160;14m((([38;2;254;169;43m{[38;2;254;150;35m)[38;2;244;124;20mf[38;2;244;108;19mxx[38;2;243;92;14muu[38;2;245;92;20mu[38;2;244;99;19mnnn[38;2;244;108;19mx[38;2;249;124;21mffff[38;2;244;124;20mff[38;2;244;139;20m//[38;2;249;138;20m/[38;2;255;132;34m/[38;2;244;115;19mr[38;2;245;92;20muu[38;2;245;83;20mv[38;2;249;84;21mvvvv[38;2;245;92;20mu[38;2;249;107;21mx[38;2;249;124;21mf[38;2;255;132;34m///[38;2;250;116;20mj[38;2;244;99;19mnnnn[38;2;245;100;20mn[38;2;249;107;21mx[38;2;252;107;27mrrr[38;2;243;100;14mn[38;2;244;107;19mx[38;2;244;108;19mxx[38;2;244;115;19mr[38;2;249;124;21mf[38;2;255;132;34m///[38;2;244;124;20mf[38;2;244;115;19mr[38;2;250;115;20mj[38;2;244;108;19mxx[38;2;252;107;27mr[38;2;244;108;19mx[38;2;244;115;19mr[38;2;236;122;12mjj[38;2;249;138;20m/[38;2;254;150;35m)[38;2;244;139;20m/[38;2;243;131;19mtt[38;2;234;136;13mt[38;2;230;149;43m|[38;2;241;170;28m}[38;2;254;198;60m___[0m
[38;2;249;138;20m/[38;2;244;139;20m/[38;2;245;149;22m(([38;2;250;157;37m11[38;2;244;139;20m/[38;2;244;124;20mff[38;2;244;115;19mr[38;2;237;93;14mv[38;2;244;115;19mr[38;2;249;124;21mff[38;2;244;124;20mf[38;2;255;132;34m//[38;2;249;124;21mff[38;2;244;131;19mt[38;2;244;124;20mffff[38;2;249;124;21mf[38;2;250;116;20mj[38;2;244;108;19mx[38;2;243;92;14muu[38;2;237;93;14mv[38;2;249;84;21mvv[38;2;245;83;20mvv[38;2;245;92;20mu[38;2;244;108;19mx[38;2;244;123;20mf[38;2;254;150;35m))[38;2;249;138;20m/[38;2;244;115;19mr[38;2;244;107;19mx[38;2;243;100;14mnnn[38;2;249;107;21mx[38;2;244;108;19mx[38;2;250;116;20mjjj[38;2;244;107;19mxx[38;2;244;115;19mrr[38;2;250;116;20mj[38;2;249;124;21mf[38;2;244;124;20mf[38;2;244;115;19mrrrr[38;2;244;108;20mx[38;2;244;108;19mxx[38;2;245;100;20mn[38;2;244;108;19mxx[38;2;232;109;24mxx[38;2;236;122;12mj[38;2;243;131;19mt[38;2;244;139;20m/[38;2;245;149;22m(([38;2;243;158;52m1[38;2;254;169;43m{{[38;2;234;160;14m((([0m
[38;2;250;157;37m1[38;2;244;139;20m/[38;2;238;149;34m||[38;2;254;169;43m{[38;2;250;157;37m1[38;2;238;149;34m|[38;2;234;136;13mttt[38;2;245;149;22m([38;2;254;169;43m{[38;2;250;157;37m11[38;2;244;139;20m/[38;2;244;131;19mt[38;2;244;124;20mf[38;2;249;124;21mfff[38;2;244;124;20mff[38;2;244;131;19mtt[38;2;249;124;21mff[38;2;244;115;19mr[38;2;244;108;19mxx[38;2;244;99;19mn[38;2;250;99;20mn[38;2;244;99;19mn[38;2;250;99;20mnn[38;2;244;108;19mx[38;2;244;124;20mf[38;2;249;138;20m/[38;2;254;169;43m{{[38;2;254;150;35m)[38;2;244;124;20mf[38;2;232;109;24mxxx[38;2;244;115;18mrr[38;2;244;115;19mr[38;2;244;124;20mff[38;2;255;132;34m/[38;2;249;124;21mfffff[38;2;250;116;20mj[38;2;244;115;19mr[38;2;244;108;19mxx[38;2;249;107;21mxx[38;2;244;108;19mx[38;2;249;107;21mxx[38;2;244;99;19mn[38;2;244;108;19mx[38;2;244;107;19mx[38;2;244;115;18mrr[38;2;243;123;20mf[38;2;254;150;35m)[38;2;243;158;52m1[38;2;254;169;43m{{[38;2;241;170;28m}[38;2;248;184;54m[[38;2;241;170;28m}[38;2;248;166;23m}}}[0m
[38;2;244;139;20m/[38;2;234;136;13mt[38;2;243;158;52m11[38;2;255;182;59m[[38;2;254;169;43m{[38;2;238;149;34m|||[38;2;234;160;14m([38;2;251;177;85m[[38;2;251;203;84m+[38;2;255;182;59m[[[38;2;238;149;34m|[38;2;234;136;13mt[38;2;244;124;20mf[38;2;249;124;21mffff[38;2;244;124;20mfff[38;2;249;124;21mf[38;2;255;132;34m/[38;2;249;124;21mf[38;2;250;115;20mjj[38;2;252;107;27mr[38;2;250;99;20mn[38;2;249;107;21mxxx[38;2;244;108;19mx[38;2;244;131;20mt[38;2;250;157;37m1[38;2;255;182;59m[[[38;2;254;169;43m{[38;2;249;138;20m/[38;2;244;115;19mr[38;2;244;115;18mrr[38;2;249;124;21mf[38;2;244;124;20mf[38;2;236;122;12mj[38;2;234;136;13mtt[38;2;249;138;20m/[38;2;244;131;19mt[38;2;244;124;20mf[38;2;249;124;21mfff[38;2;250;116;20mj[38;2;244;108;19mxxx[38;2;249;107;21mxxxxx[38;2;244;108;19mx[38;2;244;107;19mx[38;2;236;122;12mjjj[38;2;243;131;19mt[38;2;243;158;52m1[38;2;254;169;43m{[38;2;255;182;59m[[[38;2;248;184;54m[[38;2;234;160;14m([38;2;230;149;43m|[38;2;238;149;34m|||[0m
[38;2;236;122;12mjj[38;2;234;160;14m(([38;2;255;182;59m[[[38;2;235;168;57m}[38;2;234;160;14m(([38;2;242;178;67m][38;2;254;210;116m<[38;2;254;219;132mi[38;2;250;196;93m__[38;2;243;158;52m1[38;2;243;131;20mt[38;2;249;124;21mf[38;2;244;115;18mrr[38;2;244;108;19mx[38;2;244;115;19mrrrrrr[38;2;244;108;19mxxx[38;2;244;107;19mxxx[38;2;236;122;12mjj[38;2;229;125;19mj[38;2;230;149;43m|[38;2;251;177;85m[[38;2;252;210;93m<<[38;2;252;188;67m?[38;2;245;149;22m([38;2;236;122;12mjjj[38;2;244;139;20m/[38;2;243;158;52m1[38;2;255;182;59m[[38;2;254;198;60m__[38;2;255;182;59m[[38;2;250;157;37m1[38;2;245;149;22m([38;2;244;139;20m//[38;2;249;124;21mf[38;2;244;115;19mr[38;2;244;99;19mn[38;2;245;92;20muu[38;2;250;99;20mnn[38;2;245;100;20mn[38;2;244;107;19mxx[38;2;244;115;18mr[38;2;249;124;21mf[38;2;249;138;20m/[38;2;245;149;22m(([38;2;238;149;34m|[38;2;243;158;52m1[38;2;252;188;67m?[38;2;251;203;84m++[38;2;252;210;93m<[38;2;254;198;60m_[38;2;234;160;14m([38;2;234;136;13mttt[0m
[38;2;236;122;12mj[38;2;234;136;13mt[38;2;234;160;14m(([38;2;252;188;67m?[38;2;251;203;84m+[38;2;242;178;67m][38;2;241;170;28m}}[38;2;235;178;36m{[38;2;255;220;117mi[38;2;255;226;134m![38;2;250;196;93m__[38;2;248;166;23m}[38;2;244;139;20m/[38;2;244;123;20mf[38;2;244;108;19mxxxxx[38;2;244;115;19mrrr[38;2;244;115;18mr[38;2;244;107;19mxxx[38;2;244;108;19mx[38;2;244;107;19mx[38;2;244;124;20mf[38;2;234;136;13mtt[38;2;243;158;52m1[38;2;245;182;83m[[38;2;254;210;116m<[38;2;254;216;104m>>[38;2;250;196;93m_[38;2;234;160;14m([38;2;229;125;19mj[38;2;234;136;13mtt[38;2;245;149;22m([38;2;255;182;59m[[38;2;254;198;60m_[38;2;252;210;93m<<[38;2;254;198;60m_[38;2;254;169;43m{[38;2;245;149;22m([38;2;244;139;20m//[38;2;244;124;20mf[38;2;244;108;19mx[38;2;244;99;19mn[38;2;245;92;20muuuu[38;2;244;99;19mn[38;2;244;108;19mxx[38;2;249;124;21mf[38;2;254;150;35m)[38;2;250;157;37m111[38;2;243;158;52m1[38;2;241;170;28m}[38;2;250;196;93m_[38;2;253;203;106m~~[38;2;254;216;104m>[38;2;251;203;84m+[38;2;234;160;14m([38;2;229;125;19mjj[38;2;236;122;12mj[0m
[38;2;234;136;13mt[38;2;238;149;34m|[38;2;241;170;28m}}[38;2;250;196;93m_[38;2;255;220;117mi[38;2;254;210;116m<[38;2;243;188;67m??[38;2;235;178;36m{[38;2;231;185;81m[[38;2;251;203;84m+[38;2;255;182;59m[[[38;2;245;149;22m([38;2;234;136;13mt[38;2;244;107;19mx[38;2;244;108;19mxx[38;2;245;100;20mn[38;2;244;99;19mn[38;2;244;107;19mx[38;2;250;116;20mjj[38;2;244;115;18mr[38;2;243;123;20mf[38;2;244;131;19mt[38;2;249;124;21mfff[38;2;236;122;12mj[38;2;238;149;34m|[38;2;253;203;106m~~[38;2;254;227;148ml[38;2;254;229;164mI[38;2;255;235;171m;[38;2;254;227;148mll[38;2;253;203;106m~[38;2;241;170;28m}[38;2;243;158;52m111[38;2;248;184;54m[[38;2;253;203;106m~[38;2;255;220;117mi[38;2;254;219;132mii[38;2;254;210;116m<[38;2;242;178;67m][38;2;234;160;14m([38;2;234;136;13mtt[38;2;236;122;12mj[38;2;237;93;14mv[38;2;245;92;20muuu[38;2;245;83;20mv[38;2;243;92;14mu[38;2;244;99;19mn[38;2;250;116;20mjj[38;2;249;124;21mf[38;2;250;157;37m1[38;2;245;149;22m([38;2;248;166;23m}}[38;2;248;184;54m[[38;2;250;196;93m_[38;2;254;210;116m<[38;2;254;227;155mll[38;2;255;235;171m;[38;2;254;227;155ml[38;2;253;203;106m~[38;2;234;136;13mtt[38;2;229;125;19mj[0m
[38;2;248;184;54m[[38;2;254;198;60m_[38;2;238;195;73m??[38;2;242;202;91m+[38;2;254;219;132mi[38;2;245;213;121m<[38;2;242;202;91m+++[38;2;231;185;81m[[38;2;251;203;84m+[38;2;242;178;67m]][38;2;234;136;13mt[38;2;236;122;12mj[38;2;237;93;14mv[38;2;244;99;19mnn[38;2;245;92;20muu[38;2;244;99;19mn[38;2;244;115;19mrr[38;2;244;131;20mt[38;2;250;157;37m1[38;2;254;169;43m{[38;2;243;158;52m11[38;2;238;149;34m|[38;2;230;149;43m|[38;2;245;182;83m[[38;2;254;220;139mii[38;2;255;241;188m:[38;2;254;242;196m,[38;2;255;241;188m:[38;2;254;220;139mii[38;2;231;185;81m[[38;2;234;160;14m([38;2;245;149;22m([38;2;234;160;14m(([38;2;243;188;67m?[38;2;255;226;134m![38;2;255;242;168m:[38;2;255;241;188m::[38;2;254;237;188m:[38;2;254;229;164mI[38;2;253;203;106m~[38;2;243;158;52m11[38;2;244;139;20m/[38;2;244;108;19mx[38;2;245;92;20mu[38;2;249;84;21mvvv[38;2;245;92;20mu[38;2;244;99;19mn[38;2;244;115;19mrr[38;2;249;124;21mf[38;2;249;138;20m/[38;2;244;139;20m/[38;2;234;136;13mtt[38;2;234;160;14m([38;2;234;197;90m-[38;2;243;214;134m>[38;2;253;229;171mII[38;2;253;237;195m:[38;2;255;241;188m:[38;2;254;229;164mI[38;2;253;203;106m~~[38;2;235;168;57m}[0m
[38;2;251;203;84m+[38;2;252;210;93m<[38;2;251;203;84m++[38;2;254;216;104m>[38;2;255;226;134m![38;2;254;219;132mi[38;2;254;210;116m<<<<[38;2;255;220;117mi[38;2;250;186;89m--[38;2;243;158;52m1[38;2;236;122;12mj[38;2;243;100;14mn[38;2;245;92;20muuu[38;2;237;93;14mv[38;2;244;99;19mn[38;2;236;122;12mjj[38;2;244;139;20m/[38;2;255;182;59m[[38;2;246;195;61m-[38;2;248;184;54m[[[38;2;235;178;36m{[38;2;235;168;57m}[38;2;250;196;93m_[38;2;254;229;164mII[38;2;254;242;196m,[38;2;254;242;204m,[38;2;253;237;195m:[38;2;254;214;131m>>[38;2;235;168;57m}[38;2;223;141;18mt[38;2;238;149;34m|[38;2;234;160;14m(([38;2;246;195;61m-[38;2;254;227;148ml[38;2;255;241;188m:[38;2;254;242;196m,,,[38;2;255;236;180m;[38;2;254;220;139mi[38;2;251;177;85m[[[38;2;244;131;20mt[38;2;244;108;19mx[38;2;245;92;20muuuuu[38;2;245;100;20mn[38;2;244;108;19mxx[38;2;249;124;21mf[38;2;244;124;20mf[38;2;244;131;20mt[38;2;234;136;13mtt[38;2;247;169;71m{[38;2;243;206;108m~[38;2;247;220;147mi[38;2;250;230;180mII[38;2;253;237;195m:[38;2;254;242;196m,[38;2;255;236;180m;[38;2;254;220;139mii[38;2;245;198;108m+[0m
[38;2;250;196;93m____[38;2;251;203;84m+[38;2;254;216;104m>[38;2;254;214;131m>[38;2;254;220;139mii[38;2;254;227;155ml[38;2;255;235;171m;[38;2;254;229;164mI[38;2;254;214;131m>>[38;2;247;169;71m{[38;2;244;124;20mf[38;2;244;107;19mx[38;2;243;92;14muu[38;2;249;84;21mvv[38;2;244;99;19mn[38;2;237;93;14mvv[38;2;244;139;20m/[38;2;251;177;85m[[38;2;251;203;84m+++[38;2;252;210;93m<[38;2;254;219;132mi[38;2;255;235;171m;[38;2;254;242;196m,,[38;2;254;238;203m::[38;2;253;237;195m:[38;2;254;214;131m>>[38;2;230;149;43m|[38;2;223;141;18mt[38;2;238;149;34m|[38;2;241;170;28m}}[38;2;253;203;106m~[38;2;254;229;164mI[38;2;253;237;195m:[38;2;254;242;211m,,,[38;2;254;242;196m,[38;2;251;220;162m![38;2;247;169;71m{{[38;2;243;131;20mt[38;2;244;116;19mj[38;2;244;99;19mnnn[38;2;243;92;14muu[38;2;243;100;14mn[38;2;232;109;24mxx[38;2;236;122;12mjj[38;2;229;125;19mj[38;2;235;168;57m}}[38;2;254;214;131m>[38;2;255;235;171m;[38;2;254;237;188m:[38;2;254;238;203m::[38;2;254;242;204m,,[38;2;254;242;196m,[38;2;255;235;171m;;[38;2;247;220;147mi[0m
[38;2;248;166;23m}[38;2;241;170;28m}[38;2;254;169;43m{{[38;2;241;170;28m}[38;2;246;195;61m-[38;2;253;203;106m~[38;2;254;210;116m<<[38;2;254;227;148ml[38;2;255;235;171m;[38;2;254;229;164mI[38;2;254;220;139mii[38;2;251;177;85m[[38;2;243;131;20mt[38;2;244;115;19mr[38;2;237;93;14mvvv[38;2;244;99;19mn[38;2;245;100;20mn[38;2;244;108;19mxx[38;2;244;139;20m/[38;2;254;169;43m{[38;2;254;198;60m_[38;2;252;188;67m??[38;2;251;203;84m+[38;2;254;220;139mi[38;2;255;236;180m;[38;2;254;242;196m,,[38;2;254;238;210m::[38;2;255;241;188m:[38;2;254;220;139mii[38;2;236;173;83m{[38;2;230;149;43m||[38;2;252;188;67m??[38;2;254;214;131m>[38;2;255;235;171m;[38;2;254;242;196m,[38;2;254;242;211m,,,[38;2;254;242;196m,[38;2;251;220;162m![38;2;247;169;71m{{[38;2;244;139;20m/[38;2;236;122;12mj[38;2;237;93;14mv[38;2;243;100;14mnnnnn[38;2;236;122;12mjj[38;2;244;124;20mf[38;2;229;125;19mj[38;2;234;136;13mt[38;2;236;173;83m{{[38;2;254;220;139mi[38;2;255;241;188m:[38;2;254;242;196m,[38;2;254;242;211m,,[38;2;254;241;217m,[38;2;254;242;211m,[38;2;254;242;204m,[38;2;255;235;171m;;[38;2;247;220;147mi[0m
[38;2;244;131;19mt[38;2;244;124;20mfff[38;2;236;122;12mj[38;2;234;136;13mtt[38;2;247;169;71m{{[38;2;250;196;93m_[38;2;254;214;131m>[38;2;255;226;134m![38;2;254;219;132mii[38;2;245;182;83m[[38;2;245;149;22m([38;2;236;122;12mj[38;2;244;124;20mffff[38;2;236;122;12mj[38;2;244;124;20mff[38;2;244;139;20m/[38;2;250;157;37m1[38;2;238;149;34m|[38;2;223;141;18mtt[38;2;236;173;83m{[38;2;251;220;162m![38;2;254;237;188m:[38;2;254;242;204m,,[38;2;254;242;211m,,[38;2;254;242;196m,[38;2;247;229;156mll[38;2;243;206;108m~[38;2;235;178;36m{[38;2;235;168;57m}[38;2;231;185;81m[[[38;2;254;219;132mi[38;2;255;236;180m;[38;2;254;242;204m,[38;2;254;242;211m,,,[38;2;254;242;196m,[38;2;255;235;171m;[38;2;253;203;106m~~[38;2;247;169;71m{[38;2;244;139;20m/[38;2;244;123;20mf[38;2;250;116;20mjjj[38;2;249;107;21mx[38;2;249;124;21mfff[38;2;244;139;20m/[38;2;243;158;52m1[38;2;243;188;67m?[38;2;254;220;139mii[38;2;255;241;188m:[38;2;254;238;203m:[38;2;254;241;217m,,,,,[38;2;254;242;196m,[38;2;254;227;155mll[38;2;245;198;108m+[0m
[38;2;244;123;20mf[38;2;244;116;19mj[38;2;244;115;19mrr[38;2;244;107;19mx[38;2;236;122;12mjj[38;2;234;136;13mtt[38;2;234;160;14m([38;2;231;185;81m[[38;2;254;210;116m<[38;2;254;214;131m>>[38;2;253;203;106m~[38;2;247;169;71m{[38;2;238;149;34m|[38;2;244;139;20m///[38;2;238;149;34m|[38;2;243;158;52m1111[38;2;230;149;43m|[38;2;223;141;18mt[38;2;230;149;43m||[38;2;244;189;91m-[38;2;254;229;164mI[38;2;253;237;195m:[38;2;254;242;211m,,,,[38;2;253;237;195m:[38;2;255;235;171m;;[38;2;255;226;134m![38;2;254;210;116m<[38;2;242;202;91m+++[38;2;243;206;108m~[38;2;254;227;155ml[38;2;255;241;188m:[38;2;254;242;204m,,,[38;2;254;242;196m,[38;2;255;235;171m;[38;2;254;219;132mii[38;2;251;177;85m[[38;2;244;139;20m/[38;2;244;123;20mf[38;2;244;115;19mrrr[38;2;250;116;20mj[38;2;249;124;21mfff[38;2;234;136;13mt[38;2;241;170;28m}[38;2;254;210;116m<[38;2;253;229;171mII[38;2;254;242;196m,[38;2;254;242;211m,,[38;2;254;241;217m,,,[38;2;254;242;211m,[38;2;254;237;188m:[38;2;254;214;131m>>[38;2;236;173;83m{[0m
[38;2;244;116;19mj[38;2;250;115;20mj[38;2;244;115;19mrrr[38;2;236;122;12mjj[38;2;245;149;22m(([38;2;251;177;85m[[38;2;245;198;108m+[38;2;255;226;134m![38;2;254;227;148mll[38;2;254;214;131m>[38;2;242;178;67m][38;2;234;160;14m([38;2;245;149;22m(([38;2;243;158;52m11[38;2;255;182;59m[[38;2;252;188;67m??[38;2;247;169;71m{[38;2;234;160;14m([38;2;223;156;21m|[38;2;244;189;91m--[38;2;254;214;131m>[38;2;255;236;180m;[38;2;253;237;195m:[38;2;254;242;211m,,[38;2;254;242;204m,[38;2;253;237;195m:[38;2;253;229;171mI[38;2;254;227;148mll[38;2;255;226;134m![38;2;255;220;117mi[38;2;252;210;93m<[38;2;242;202;91m++[38;2;234;197;90m-[38;2;254;219;132mi[38;2;255;235;171m;[38;2;254;242;196m,,,[38;2;255;236;180m;[38;2;255;235;171m;[38;2;254;210;116m<<[38;2;247;169;71m{[38;2;244;139;20m/[38;2;244;123;20mf[38;2;244;124;20mff[38;2;244;115;19mr[38;2;250;116;20mj[38;2;249;124;21mf[38;2;244;131;19mtt[38;2;234;136;13mt[38;2;235;168;57m}[38;2;254;210;116m<[38;2;253;229;171mII[38;2;254;242;196m,[38;2;254;242;211m,,,,,[38;2;254;242;204m,[38;2;255;236;180m;[38;2;253;203;106m~~[38;2;235;168;57m}[0m
[38;2;250;116;20mjj[38;2;244;115;19mrr[38;2;244;108;19mx[38;2;232;109;24mx[38;2;234;136;13mt[38;2;251;177;85m[[[38;2;254;220;139mi[38;2;255;235;171m;[38;2;255;242;179m:[38;2;254;237;188m::[38;2;255;235;171m;[38;2;254;210;116m<[38;2;243;188;67m?[38;2;234;160;14m((([38;2;235;178;36m{[38;2;251;203;84m+[38;2;255;226;134m!!![38;2;254;219;132mii[38;2;254;227;155mll[38;2;255;236;180m;[38;2;253;237;195m:[38;2;254;242;196m,[38;2;254;242;204m,,[38;2;254;242;196m,[38;2;255;235;171m;[38;2;230;203;114m_[38;2;216;184;86m]][38;2;231;185;81m[[38;2;252;210;93m<[38;2;242;202;91m+[38;2;229;183;41m{{[38;2;221;167;46m)[38;2;245;198;108m+[38;2;254;227;148ml[38;2;255;236;180m;;[38;2;253;229;171mI[38;2;254;220;139mi[38;2;244;189;91m-[38;2;230;149;43m||[38;2;234;136;13mt[38;2;244;115;19mr[38;2;244;108;20mxxx[38;2;244;108;19mx[38;2;244;115;19mr[38;2;244;124;20mf[38;2;236;122;12mjj[38;2;229;125;19mj[38;2;235;168;57m}[38;2;254;214;131m>[38;2;255;235;171m;;[38;2;254;242;196m,[38;2;254;242;211m,,,,,[38;2;253;237;195m:[38;2;253;229;171mI[38;2;250;196;93m__[38;2;230;149;43m|[0m
[38;2;249;124;21mf[38;2;244;115;19mr[38;2;244;108;20mxx[38;2;244;115;19mr[38;2;244;115;18mr[38;2;244;131;20mt[38;2;251;177;85m[[[38;2;254;219;132mi[38;2;255;235;171m;[38;2;255;241;188m:::[38;2;255;235;171m;[38;2;254;210;116m<[38;2;243;188;67m?[38;2;234;160;14m(([38;2;235;168;57m}[38;2;229;183;41m{[38;2;243;206;108m~[38;2;254;227;155mll[38;2;255;235;171m;[38;2;254;227;148ml[38;2;254;220;139mi[38;2;247;229;156mll[38;2;255;236;180m;[38;2;253;237;195m:[38;2;254;238;203m:[38;2;254;242;204m,,[38;2;254;242;196m,[38;2;255;235;171m;[38;2;230;203;114m_[38;2;216;184;86m]][38;2;244;189;91m-[38;2;254;210;116m<[38;2;253;203;106m~[38;2;243;188;67m??[38;2;229;183;41m{[38;2;243;206;108m~[38;2;254;227;148ml[38;2;255;235;171m;;[38;2;254;229;164mI[38;2;254;219;132mi[38;2;245;182;83m[[38;2;238;149;34m||[38;2;234;136;13mt[38;2;244;115;19mr[38;2;244;108;19mxxx[38;2;244;108;20mx[38;2;250;115;20mj[38;2;236;122;12mjjj[38;2;238;149;34m|[38;2;242;178;67m][38;2;254;214;131m>[38;2;255;235;171m;;[38;2;254;242;196m,[38;2;254;242;211m,[38;2;254;241;217m,,,[38;2;254;242;211m,[38;2;254;238;203m:[38;2;255;236;180m;[38;2;253;203;106m~~[38;2;216;159;33m|[0m
[38;2;244;123;20mff[38;2;244;116;19mjj[38;2;244;115;19mr[38;2;236;122;12mj[38;2;234;136;13mt[38;2;235;168;57m}}[38;2;253;203;106m~[38;2;254;229;164mI[38;2;254;237;188m:::[38;2;253;229;171mI[38;2;243;214;134m>[38;2;245;198;108m+++[38;2;243;206;108m~[38;2;243;214;134m>[38;2;247;229;156ml[38;2;250;230;180mII[38;2;254;237;188m:[38;2;254;229;164mI[38;2;254;214;131m>[38;2;253;203;106m~~[38;2;254;214;131m>[38;2;254;220;139mi[38;2;251;220;162m![38;2;254;237;188m:::[38;2;255;235;171m;[38;2;243;214;134m>>>[38;2;254;220;139miii[38;2;254;214;131m>>[38;2;245;198;108m+[38;2;238;208;113m~[38;2;254;227;155ml[38;2;255;235;171m;;[38;2;254;229;164mI[38;2;254;219;132mi[38;2;245;182;83m[[38;2;245;149;22m(([38;2;234;136;13mt[38;2;244;131;19mt[38;2;236;122;12mjjjj[38;2;229;125;19mj[38;2;238;149;34m|[38;2;235;168;57m}}[38;2;244;189;91m-[38;2;254;219;132mi[38;2;255;235;171m;[38;2;255;241;188m::[38;2;254;242;204m,[38;2;254;242;211m,,[38;2;254;241;217m,,[38;2;254;242;211m,[38;2;254;242;204m,[38;2;255;236;180m;[38;2;253;203;106m~~[38;2;216;159;33m|[0m
[38;2;254;150;35m)[38;2;249;138;20m/[38;2;244;131;20mtt[38;2;236;122;12mj[38;2;234;136;13mt[38;2;230;149;43m|[38;2;253;203;106m~~[38;2;254;220;139mi[38;2;255;241;188m:[38;2;254;242;196m,[38;2;254;238;203m::[38;2;253;237;195m:[38;2;244;227;170mll[38;2;253;229;171mII[38;2;255;242;179m:[38;2;254;237;188m::[38;2;254;242;196m,,[38;2;254;237;188m:[38;2;255;235;171m;[38;2;254;214;131m>[38;2;231;185;81m[[[38;2;235;178;36m{[38;2;246;195;61m-[38;2;238;195;73m?[38;2;245;213;121m<<[38;2;254;227;148ml[38;2;255;235;171m;[38;2;253;229;171mI[38;2;245;233;180mII[38;2;254;237;188m::[38;2;255;236;180m;[38;2;253;229;171mII[38;2;247;220;147mii[38;2;253;229;171mI[38;2;254;237;188m:::[38;2;255;235;171m;[38;2;254;220;139mi[38;2;253;203;106m~~[38;2;250;186;89m-[38;2;247;169;71m{[38;2;234;160;14m((([38;2;241;170;28m}[38;2;250;186;89m-[38;2;253;203;106m~[38;2;254;220;139mii[38;2;254;229;164mI[38;2;254;237;188m:[38;2;254;242;196m,[38;2;254;242;211m,,,,[38;2;254;241;217m,,,,[38;2;254;242;211m,[38;2;255;236;180m;[38;2;254;219;132mii[38;2;228;174;59m}[0m
[38;2;254;150;35m))[38;2;244;139;20m//[38;2;234;136;13mt[38;2;223;141;18mt[38;2;242;178;67m][38;2;254;220;139mii[38;2;255;235;171m;[38;2;254;237;188m:[38;2;254;242;204m,[38;2;254;242;211m,,[38;2;254;242;204m,[38;2;254;242;196m,[38;2;254;237;188m:[38;2;255;241;188m::[38;2;254;242;204m,,,[38;2;254;242;196m,,,[38;2;255;236;180m;[38;2;254;220;139mi[38;2;238;195;73m??[38;2;229;183;41m{{{[38;2;234;197;90m--[38;2;254;219;132mi[38;2;254;229;164mI[38;2;254;237;188m:[38;2;246;236;188m;;[38;2;254;242;204m,,[38;2;254;242;196m,[38;2;254;237;188m::[38;2;250;230;180mI[38;2;244;227;170ml[38;2;254;237;188m:[38;2;254;242;196m,,,[38;2;254;237;188m:[38;2;255;235;171m;[38;2;254;220;139mii[38;2;253;203;106m~[38;2;250;196;93m_[38;2;250;186;89m-[38;2;243;188;67m??[38;2;250;196;93m_[38;2;255;220;117mi[38;2;254;220;139mi[38;2;254;229;164mII[38;2;255;241;188m:[38;2;254;242;196m,[38;2;254;242;211m,,,,,[38;2;254;241;216m,[38;2;254;241;217m,,,[38;2;254;242;204m,[38;2;255;236;180m;[38;2;254;219;132mii[38;2;231;185;81m[[0m
[38;2;254;150;35m)[38;2;249;138;20m///[38;2;234;136;13mt[38;2;243;158;52m1[38;2;250;196;93m_[38;2;255;235;171m;;[38;2;254;242;196m,,[38;2;253;237;195m:[38;2;245;236;196m;;;[38;2;254;242;204m,[38;2;254;242;211m,,,,,,,,,[38;2;254;242;196m,[38;2;255;235;171m;[38;2;243;206;108m~~[38;2;229;183;41m{[38;2;235;178;36m{[38;2;243;188;67m?[38;2;253;203;106m~~[38;2;254;219;132mi[38;2;255;235;171m;[38;2;255;241;188m:[38;2;254;242;196m,,[38;2;254;242;204m,[38;2;254;242;211m,,[38;2;254;242;196m,,[38;2;253;237;195m:[38;2;246;236;188m;;[38;2;253;237;195m::[38;2;254;242;204m,[38;2;254;242;196m,,[38;2;255;235;171m;;[38;2;254;220;139mi[38;2;254;210;116m<[38;2;253;203;106m~[38;2;245;213;121m<<[38;2;255;226;134m![38;2;254;227;155ml[38;2;254;229;164mI[38;2;244;227;170mll[38;2;255;236;180m;[38;2;254;242;196m,[38;2;254;242;211m,,,,,,,,,[38;2;253;237;195m:[38;2;253;229;171mI[38;2;254;210;116m<<[38;2;228;174;59m}[0m
[38;2;255;132;34m/[38;2;249;124;21mfff[38;2;244;131;19mt[38;2;243;158;52m1[38;2;250;196;93m_[38;2;254;229;164mII[38;2;254;237;188m::[38;2;245;233;180mI[38;2;244;229;188mII[38;2;253;237;195m:[38;2;254;242;204m,[38;2;254;242;211m,,,,,,,,,[38;2;254;242;196m,[38;2;254;229;164mI[38;2;255;220;117mii[38;2;251;203;84m+[38;2;243;188;67m?[38;2;250;196;93m_[38;2;254;210;116m<<[38;2;254;220;139mi[38;2;255;235;171m;[38;2;255;241;188m:[38;2;254;238;203m::[38;2;254;242;211m,,,[38;2;254;242;196m,,[38;2;253;237;195m:::[38;2;254;242;196m,,[38;2;254;242;204m,[38;2;254;242;196m,[38;2;255;241;188m:[38;2;247;229;156mll[38;2;254;219;132mi[38;2;244;189;91m-[38;2;242;202;91m+[38;2;253;203;106m~~[38;2;254;219;132mi[38;2;254;227;148ml[38;2;247;229;156mlll[38;2;244;227;170ml[38;2;253;237;195m:[38;2;254;242;211m,,,,,,,,[38;2;254;242;204m,[38;2;254;242;196m,[38;2;254;229;164mI[38;2;253;203;106m~~[38;2;235;168;57m}[0m
