                                                                                [0m
                                                                                [0m
                                                                                [0m
                                                                                [0m
                                                                                [0m
                                                                                [0m
                                                                                [0m
                                                                                [0m
                                                                                [0m
                                                                                [0m
                                                   [38;2;148;141;154mj[38;2;233;222;243ml[38;2;219;210;229m>[38;2;88;85;105m0 [38;2;172;164;179m)[38;2;114;107;116mY                      [0m
                                            [38;2;156;149;162mt[38;2;211;202;221m~[38;2;191;183;200m[[38;2;200;191;209m-[38;2;233;222;243mlll[38;2;228;218;238m![38;2;233;222;243mll[38;2;228;218;238m![38;2;233;222;243ml[38;2;203;194;212m_[38;2;228;218;238m![38;2;123;117;129mc  [38;2;33;29;39m#                  [0m
                                              [38;2;233;222;243ml[38;2;228;218;238m![38;2;233;222;243ml[38;2;228;218;238m![38;2;211;202;221m~[38;2;228;218;238m!!!!!!!!!! [38;2;219;210;229m>                 [0m
                                            [38;2;168;160;175m([38;2;148;141;154mj[38;2;228;218;238m![38;2;233;222;243ml[38;2;180;172;187m}[38;2;233;222;243ml[38;2;168;160;175m([38;2;162;152;164m/[38;2;228;218;238m!![38;2;233;222;243ml[38;2;228;218;238m!!!!!!![38;2;233;222;243ml[38;2;228;218;238m!                [0m
                                        [38;2;87;83;87mO[38;2;184;175;192m{[38;2;233;222;243ml[38;2;180;172;187m}[38;2;123;117;129mc[38;2;192;183;200m[[38;2;233;222;243ml[38;2;145;117;113mv[38;2;225;215;234mi[38;2;43;41;51mo[38;2;66;63;88mq[38;2;177;168;183m1[38;2;125;90;83mC[38;2;228;218;238m![38;2;233;222;243ml[38;2;228;218;238m!!!!!!![38;2;225;215;234mi[38;2;228;218;238m![38;2;104;99;108mJ[38;2;233;222;243ml              [0m
                                           [38;2;233;222;243ml[38;2;148;141;154mj[38;2;230;211;193m>[38;2;156;146;134mf[38;2;254;242;214m,[38;2;24;23;42mW[38;2;27;26;47mM[38;2;31;30;57m##[38;2;87;83;87mO[38;2;130;106;104mY[38;2;203;194;212m_[38;2;216;207;226m<[38;2;228;218;238m!!!!!!!![38;2;172;164;179m)               [0m
                                             [38;2;206;158;144m1[38;2;255;236;216m:[38;2;255;233;213m::[38;2;233;216;195mi[38;2;255;236;216m:[38;2;251;229;210m;[38;2;212;195;179m_[38;2;162;152;164m/[38;2;233;222;243ml[38;2;219;210;229m>[38;2;228;218;238m!!!!!!!!![38;2;104;99;108mJ              [0m
                                            [38;2;188;180;166m{[38;2;196;180;164m][38;2;208;191;175m--[38;2;195;174;158m{[38;2;251;229;210m;[38;2;255;236;216m:[38;2;255;233;213m::[38;2;230;211;193m>[38;2;233;216;195mi[38;2;250;226;206mI[38;2;203;194;212m_[38;2;196;187;204m?[38;2;167;154;140m/[38;2;208;199;217m+[38;2;233;222;243mlll[38;2;172;164;179m)  [38;2;114;109;128mY             [0m
                                            [38;2;186;181;157m{[38;2;255;233;213m::::::::[38;2;251;229;210m;[38;2;255;233;213m::[38;2;162;152;164m/[38;2;208;191;175m-[38;2;219;210;229m>[38;2;228;218;238m![38;2;233;222;243ml[38;2;228;218;238m![38;2;233;222;243mll                [0m
                                            [38;2;204;187;171m?[38;2;255;236;216m:[38;2;255;233;213m::::::[38;2;210;175;160m][38;2;145;104;95mX[38;2;198;142;129m/[38;2;187;134;122mf[38;2;233;222;243mll[38;2;219;210;229m>[38;2;148;141;154mj[38;2;139;131;141mn[38;2;184;175;192m{                  [0m
                                               [38;2;206;158;144m1[38;2;206;150;137m([38;2;204;146;133m|[38;2;198;142;129m/[38;2;206;150;137m([38;2;204;146;133m|[38;2;198;142;129m/[38;2;170;121;110mn[38;2;187;134;122mf[38;2;233;222;243ml [38;2;162;152;164m/                     [0m
                                              [38;2;27;26;47mM[38;2;11;11;20m%[38;2;204;146;133m|[38;2;206;150;137m([38;2;204;146;133m||||[38;2;206;150;137m([38;2;204;146;133m|                        [0m
                                            [38;2;25;22;36mW[38;2;27;26;47mMMMM[38;2;24;23;42mW[38;2;25;22;36mW[38;2;24;23;42mW[38;2;16;15;28m8[38;2;11;11;20m%[38;2;25;22;36mW[38;2;27;26;47mM                        [0m
                               [38;2;25;22;36mW[38;2;27;26;47mMMM[38;2;24;23;42mW[38;2;25;22;36mW[38;2;24;23;42mW[38;2;27;26;48mM[38;2;29;26;36mM[38;2;27;26;47mM[38;2;27;26;48mM[38;2;24;23;42mW[38;2;27;26;48mM[38;2;24;23;42mW[38;2;27;26;47mMM[38;2;25;22;36mW[38;2;32;31;55m#[38;2;27;26;48mM[38;2;27;26;47mMMMM[38;2;27;26;48mM[38;2;27;26;47mM                        [0m
                            [38;2;33;29;39m#[38;2;27;26;48mM[38;2;25;22;36mW[38;2;27;26;47mM[38;2;24;23;42mW[38;2;27;26;47mMMM[38;2;27;26;48mM[38;2;27;26;47mM[38;2;27;26;48mM[38;2;27;26;47mM[38;2;24;23;42mW[38;2;27;26;47mMM[38;2;25;22;36mW[38;2;27;26;47mMM[38;2;24;23;42mW[38;2;27;26;48mM[38;2;24;23;42mW[38;2;27;26;48mM[38;2;29;26;36mM[38;2;24;23;42mW[38;2;27;26;48mM[38;2;27;26;47mMMMMM[38;2;27;26;48mM[38;2;17;17;30m8[38;2;3;3;5m$                   [0m
                         [38;2;154;133;122mx[38;2;255;236;216m:[38;2;251;229;210m;[38;2;255;236;216m:[38;2;250;226;206mI[38;2;202;181;164m][38;2;3;3;5m$$[38;2;41;40;50mo[38;2;27;26;47mMM[38;2;27;26;48mM[38;2;27;26;47mM[38;2;27;26;48mM[38;2;27;26;47mM[38;2;24;23;42mW[38;2;27;26;47mMM[38;2;25;22;36mW[38;2;27;26;47mMMMMM[38;2;24;23;42mW[38;2;17;17;30m8[38;2;27;26;47mMMMMMMMM[38;2;32;31;55m#[38;2;27;26;47mMMMM                [0m
                     [38;2;27;26;47mM[38;2;39;37;56mo[38;2;121;118;102mz[38;2;255;236;216m:[38;2;255;233;213m::[38;2;255;236;216m:[38;2;222;203;186m~[38;2;255;236;216m:[38;2;233;216;195mii[38;2;139;100;91mY[38;2;125;90;83mC[38;2;27;26;48mM[38;2;27;26;47mMM[38;2;25;22;36mW[38;2;32;31;55m#[38;2;27;26;48mM[38;2;27;26;47mMMMMMMMMM[38;2;27;26;48mMM[38;2;17;17;30m8[38;2;27;26;47mM[38;2;24;23;42mW[38;2;25;22;36mW[38;2;24;23;42mW[38;2;16;15;28m8[38;2;27;26;47mMMM[38;2;27;26;48mM[38;2;27;26;47mM[38;2;27;26;48mM[38;2;27;26;47mM[38;2;24;23;42mW[38;2;27;26;47mM              [0m
                [38;2;27;26;47mMM[38;2;27;26;48mM[38;2;27;26;47mM[38;2;27;26;48mM[38;2;27;26;47mM[38;2;222;203;186m~[38;2;255;236;216m:[38;2;255;233;213m::[38;2;235;198;181m~[38;2;163;117;107mu[38;2;200;143;130m/[38;2;177;126;115mx[38;2;204;146;133m|[38;2;198;142;129m/[38;2;139;100;91mY[38;2;32;31;55m#[38;2;27;26;48mM[38;2;27;26;47mMM[38;2;25;22;36mW[38;2;32;31;55m#[38;2;27;26;48mM[38;2;27;26;47mMMMMMMMMM[38;2;27;26;48mMM[38;2;27;26;47mMM[38;2;128;108;28mJ[38;2;36;34;37m#[38;2;27;26;47mM[38;2;16;15;28m8[38;2;27;26;47mMM[38;2;27;26;48mM[38;2;27;26;47mM[38;2;24;23;42mW[38;2;25;22;36mW[38;2;24;23;42mW[38;2;27;26;48mM[38;2;29;26;36mM[38;2;3;3;5m$             [0m
               [38;2;27;26;47mMMMM[38;2;32;31;55m#[38;2;27;26;47mMMM[38;2;206;150;137m(([38;2;204;146;133m|[38;2;145;104;95mX[38;2;206;150;137m(([38;2;200;143;130m/[38;2;158;114;104mv[38;2;145;104;95mX[38;2;27;26;48mM[38;2;27;26;47mM[38;2;24;23;42mW[38;2;27;26;48mM[38;2;24;23;42mW[38;2;27;26;48mM[38;2;29;26;36mM[38;2;24;23;42mW[38;2;27;26;48mM[38;2;27;26;47mMMMMMMMM[38;2;25;22;36mW[38;2;27;26;48mM[38;2;27;26;47mMM[38;2;11;11;20m%[38;2;32;31;55m#[38;2;25;22;36mW[38;2;32;31;55m#[38;2;25;22;36mWW[38;2;24;23;42mW[38;2;27;26;47mM[38;2;39;37;56mo[38;2;24;23;42mW[38;2;27;26;48mM[38;2;24;23;42mW[38;2;27;26;48mM[38;2;29;26;36mM             [0m
              [38;2;11;11;20m%[38;2;27;26;47mM[38;2;27;26;48mM[38;2;27;26;47mM[38;2;27;26;48mM[38;2;27;26;47mM[38;2;24;23;42mW[38;2;27;26;47mMM[38;2;25;22;36mW[38;2;27;26;47mMMMMM[38;2;27;26;48mM[38;2;25;22;36mW[38;2;27;26;47mMMM[38;2;27;26;48mM[38;2;27;26;47mM[38;2;27;26;48mMMM[38;2;39;37;56mo[38;2;24;23;42mW[38;2;27;26;48mM[38;2;24;23;42mW[38;2;27;26;48mM[38;2;29;26;36mM[38;2;24;23;42mW[38;2;27;26;48mM[38;2;27;26;47mMMMMMMM[38;2;24;23;42mW[38;2;27;26;47mMM[38;2;25;22;36mW[38;2;32;31;55m#[38;2;27;26;48mM[38;2;27;26;47mMMMMMMM             [0m
              [38;2;16;15;28m8[38;2;27;26;47mM[38;2;27;26;48mM[38;2;27;26;47mM[38;2;27;26;48mM[38;2;27;26;47mM[38;2;24;23;42mW[38;2;27;26;47mMM[38;2;25;22;36mW[38;2;27;26;47mMM[38;2;16;15;28m8   [38;2;27;26;47mMM[38;2;178;162;148m([38;2;255;236;216m:[38;2;255;233;213m::[38;2;255;236;216m::[38;2;255;233;213m::[38;2;8;8;14mB[38;2;27;26;47mMM[38;2;25;22;36mW[38;2;32;31;55m#[38;2;27;26;48mM[38;2;11;11;20m%[38;2;24;23;42mW[38;2;27;26;47mMMMM[38;2;24;23;42mW[38;2;27;26;48mM[38;2;24;23;42mW[38;2;27;26;48mM[38;2;29;26;36mM[38;2;24;23;42mW[38;2;27;26;48mM[38;2;27;26;47mMMMMMMMM[38;2;25;22;36mW            [0m
               [38;2;11;11;20m%[38;2;27;26;47mM[38;2;24;23;42mW[38;2;11;11;20m%%[38;2;16;15;28m888[38;2;11;11;20m%      [38;2;3;3;5m$[38;2;245;225;205mI[38;2;255;233;213m::[38;2;255;236;216m:[38;2;255;233;213m::::::[38;2;6;6;11m@[38;2;27;26;48mMM[38;2;27;26;47mMMM[38;2;32;31;55m#[38;2;27;26;47mMMMM[38;2;25;22;36mW[38;2;27;26;47mMMMMM[38;2;27;26;48mMM[38;2;27;26;47mMMMMMM[38;2;27;26;48mM[38;2;27;26;47mM            [0m
                             [38;2;8;8;14mB[38;2;177;126;115mx[38;2;198;142;129m/[38;2;206;150;137m([38;2;214;167;153m{[38;2;255;236;216m:[38;2;235;198;181m~[38;2;200;143;130m//[38;2;204;146;133m|[38;2;206;150;137m([38;2;204;146;133m|[38;2;25;22;36mW[38;2;24;23;42mW[38;2;27;26;47mMMMMM[38;2;27;26;48mM[38;2;27;26;47mM[38;2;27;26;48mM[38;2;27;26;47mM[38;2;24;23;42mW[38;2;27;26;47mMM[38;2;25;22;36mW[38;2;27;26;47mMMMMM[38;2;27;26;48mM[38;2;25;22;36mW[38;2;27;26;47mMMM[38;2;27;26;48mM[38;2;27;26;47mM            [0m
                             [38;2;16;15;28m8[38;2;27;26;47mM[38;2;204;146;133m|[38;2;206;150;137m([38;2;204;146;133m||||[38;2;198;142;129m/[38;2;99;75;71mZ[38;2;25;22;36mWW[38;2;27;26;47mM[38;2;27;26;48mM[38;2;27;26;47mM[38;2;27;26;48mM[38;2;27;26;47mM[38;2;24;23;42mW[38;2;27;26;47mMM[38;2;25;22;36mW[38;2;27;26;47mMMMMM[38;2;27;26;48mM[38;2;25;22;36mW[38;2;27;26;47mMMM[38;2;27;26;48mM[38;2;27;26;47mMMMM[38;2;24;23;42mW[38;2;25;22;36mW[38;2;24;23;42mW[38;2;16;15;28m8           [0m
                             [38;2;27;26;48mM[38;2;27;26;47mMM[38;2;198;142;129m/[38;2;206;150;137m([38;2;198;142;129m/[38;2;206;150;137m([38;2;204;146;133m|[38;2;25;22;36mW[38;2;27;26;47mMMMMMMMMMM[38;2;17;17;30m88[38;2;25;22;36mW[38;2;27;26;47mM[38;2;27;26;48mM[38;2;27;26;47mM[38;2;27;26;48mM[38;2;27;26;47mM[38;2;24;23;42mW[38;2;27;26;47mMM[38;2;25;22;36mW[38;2;27;26;47mMMMMM[38;2;27;26;48mM[38;2;25;22;36mW[38;2;27;26;47mM[38;2;16;15;28m8           [0m
                             [38;2;27;26;48mM[38;2;27;26;47mMMM[38;2;32;31;55m#[38;2;27;26;47mMMM[38;2;24;23;42mW[38;2;27;26;47mMM[38;2;24;23;42mW[38;2;27;26;48mM[38;2;24;23;42mW[38;2;27;26;48mM[38;2;29;26;36mM[38;2;24;23;42mW[38;2;27;26;48mM[38;2;27;26;47mMMMMMMM[38;2;16;15;28m8[38;2;25;22;36mW[38;2;24;23;42mW[38;2;27;26;47mMMMMMMMM[38;2;32;31;55m#[38;2;27;26;47mM[38;2;11;11;20m%            [0m
                             [38;2;24;23;42mW[38;2;27;26;47mMMMMMMMMMMMMM[38;2;32;31;55m#[38;2;27;26;47mMMMM[38;2;25;22;36mW[38;2;27;26;47mMMMMM[38;2;27;26;48mMM[38;2;27;26;47mMM      [38;2;3;3;5m$               [0m
                             [38;2;27;26;47mMMMM[38;2;32;31;55m#[38;2;27;26;47mMMMM[38;2;25;22;36mW[38;2;27;26;47mMMMMM[38;2;27;26;48mMM[38;2;27;26;47mMMMMMMMM[38;2;27;26;48mM[38;2;27;26;47mM[38;2;27;26;48mM[38;2;27;26;47mM                      [0m
                            [38;2;27;26;47mMM[38;2;27;26;48mM[38;2;27;26;47mMMMM[38;2;25;22;36mW[38;2;32;31;55m#[38;2;27;26;48mM[38;2;27;26;47mMMMMMMMMM[38;2;27;26;48mMM[38;2;27;26;47mMM[38;2;24;23;42mW[38;2;27;26;47mMMMMM[38;2;27;26;48mM                      [0m
                           [38;2;16;15;28m8[38;2;27;26;47mMMM[38;2;25;22;36mW[38;2;27;26;48mM[38;2;27;26;47mMM[38;2;25;22;36mW[38;2;32;31;55m#[38;2;27;26;48mM[38;2;27;26;47mMMMMMMMMM[38;2;27;26;48mMM[38;2;27;26;47mMM[38;2;24;23;42mW[38;2;27;26;47mMMMMM[38;2;27;26;48mM                      [0m
                           [38;2;24;23;42mW[38;2;27;26;47mMMM[38;2;32;31;55m#[38;2;27;26;47mMMMM[38;2;25;22;36mW[38;2;27;26;47mMMMMM[38;2;27;26;48mMM[38;2;27;26;47mMMMMMMM[38;2;17;17;30m8[38;2;27;26;47mMMMMMM                      [0m
                          [38;2;27;26;47mMMM[38;2;25;22;36mW[38;2;32;31;55m#[38;2;27;26;48mM[38;2;27;26;47mMMMMMMMMM[38;2;27;26;48mMM[38;2;27;26;47mMM[38;2;24;23;42mW[38;2;27;26;47mMMMM[38;2;17;17;30m8[38;2;27;26;47mMMMM[38;2;32;31;55m#[38;2;27;26;47mMM                      [0m
                         [38;2;16;15;28m8[38;2;27;26;47mMMMM[38;2;24;23;42mW[38;2;27;26;47mMMMMMM[38;2;32;31;55m#[38;2;27;26;47mMMMM[38;2;25;22;36mW[38;2;27;26;47mMMMMM[38;2;27;26;48mMM[38;2;27;26;47mMMM[38;2;25;22;36mW[38;2;32;31;55m#[38;2;27;26;48mM[38;2;27;26;47mMM                      [0m
                         [38;2;17;17;30m8[38;2;27;26;47mMMMMMMMMMMMM[38;2;24;23;42mW[38;2;27;26;48mM[38;2;24;23;42mW[38;2;27;26;48mM[38;2;29;26;36mM[38;2;24;23;42mW[38;2;27;26;48mM[38;2;27;26;47mMMMMM[38;2;16;15;28m8[38;2;27;26;47mMM[38;2;25;22;36mW[38;2;32;31;55m#[38;2;27;26;48mM[38;2;27;26;47mMM                      [0m
                          [38;2;32;31;55m#[38;2;25;22;36mWW[38;2;24;23;42mW[38;2;27;26;47mM[38;2;16;15;28m8[38;2;27;26;47mMMM[38;2;25;22;36mWW[38;2;17;17;30m8888[38;2;25;22;36mW[38;2;16;15;28m8[38;2;24;23;42mW[38;2;8;8;14mB[38;2;11;11;20m%[38;2;25;22;36mW[38;2;17;17;30m8[38;2;16;15;28m8[38;2;17;17;30m8[38;2;16;15;28m8[38;2;17;17;30m8[38;2;25;22;36mW[38;2;27;26;47mM[38;2;11;11;20m%[38;2;17;17;30m8[38;2;16;15;28m8[38;2;17;17;30m8                      [0m
                         [38;2;27;26;48mM[38;2;27;26;47mM[38;2;24;23;42mW[38;2;25;22;36mW[38;2;24;23;42mW[38;2;27;26;48mM[38;2;29;26;36mM[38;2;27;26;47mM[38;2;24;23;42mW[38;2;27;26;47mMMM[38;2;27;26;48mM[38;2;27;26;47mMMM[38;2;24;23;42mW[38;2;25;22;36mW[38;2;24;23;42mW[38;2;27;26;48mM[38;2;29;26;36mM[38;2;27;26;47mM[38;2;27;26;48mM[38;2;27;26;47mMMMMMM[38;2;27;26;48mM[38;2;27;26;47mMM[38;2;27;26;48mM                      [0m
                        [38;2;24;23;42mW[38;2;27;26;47mM[38;2;27;26;48mM[38;2;27;26;47mM[38;2;27;26;48mM[38;2;27;26;47mM[38;2;24;23;42mW[38;2;27;26;47mMM[38;2;25;22;36mW[38;2;27;26;47mMMMMM[38;2;27;26;48mM[38;2;25;22;36mW[38;2;27;26;47mMMM[38;2;27;26;48mM[38;2;27;26;47mMMM[38;2;27;26;48mM[38;2;27;26;47mMMMM[38;2;25;22;36mW[38;2;32;31;55m#[38;2;27;26;48mM[38;2;27;26;47mM[38;2;17;17;30m8                      [0m
                       [38;2;17;17;30m8[38;2;27;26;47mMMMMMMMMMMMMM[38;2;24;23;42mW[38;2;27;26;47mMMMMMMMM[38;2;27;26;48mM[38;2;27;26;47mM[38;2;27;26;48mM[38;2;27;26;47mM[38;2;24;23;42mW[38;2;27;26;47mMM[38;2;25;22;36mW[38;2;27;26;47mMMMM                      [0m
                      [38;2;27;26;47mMMMMMMMMM[38;2;32;31;55m#[38;2;27;26;47mMMMM[38;2;25;22;36mW[38;2;27;26;47mMMMMM[38;2;27;26;48mMM[38;2;27;26;47mMMMMMMM[38;2;17;17;30m8[38;2;27;26;47mM[38;2;24;23;42mW[38;2;27;26;47mMMMM                      [0m
                     [38;2;11;11;20m%[38;2;27;26;47mM[38;2;24;23;42mW[38;2;25;22;36mW[38;2;24;23;42mW[38;2;27;26;48mM[38;2;29;26;36mM[38;2;17;17;30m888[38;2;25;22;36mW[38;2;24;23;42mW[38;2;27;26;48mM[38;2;25;22;36mW[38;2;27;26;47mM[38;2;24;23;42mW[38;2;27;26;47mM[38;2;39;37;56mo[38;2;27;26;47mMMMM[38;2;17;17;30m8[38;2;27;26;47mMM[38;2;25;22;36mWW[38;2;27;26;47mMMM[38;2;32;31;55m#[38;2;27;26;47mMMMM[38;2;25;22;36mW[38;2;27;26;47mM[38;2;3;3;5m$                     [0m
                    [38;2;25;22;36mW[38;2;27;26;47mMMM[38;2;27;26;48mM[38;2;27;26;47mM[38;2;27;26;48mM[38;2;27;26;47mM[38;2;24;23;42mW[38;2;27;26;47mMM[38;2;25;22;36mW[38;2;27;26;47mMMMMM[38;2;27;26;48mM[38;2;25;22;36mW[38;2;27;26;47mMMM[38;2;27;26;48mM[38;2;27;26;47mMMM[38;2;16;15;28m8[38;2;27;26;47mMM[38;2;27;26;48mM[38;2;27;26;47mMMM[38;2;25;22;36mW[38;2;32;31;55m#[38;2;27;26;48mM[38;2;27;26;47mMM                      [0m
                    [38;2;27;26;48mM[38;2;27;26;47mMMMM[38;2;27;26;48mM[38;2;27;26;47mMMMMM[38;2;32;31;55m#[38;2;27;26;47mMMMM[38;2;25;22;36mW[38;2;27;26;47mM[38;2;24;23;42mW[38;2;27;26;47mMM[38;2;25;22;36mW[38;2;32;31;55m#[38;2;27;26;48mM[38;2;27;26;47mMMMMMMMMM[38;2;27;26;48mMM[38;2;27;26;47mMM[38;2;24;23;42mW                      [0m
                   [38;2;32;31;55m#[38;2;27;26;47mMMMMM[38;2;32;31;55m#[38;2;27;26;47mMMMM[38;2;25;22;36mW[38;2;27;26;47mMM[38;2;11;11;20m%[38;2;27;26;47mMMM[38;2;32;31;55m#[38;2;27;26;47mM[38;2;25;22;36mW[38;2;24;23;42mW[38;2;27;26;47mMMMMMMM[38;2;27;26;48mM[38;2;27;26;47mMM[38;2;24;23;42mW[38;2;25;22;36mW[38;2;24;23;42mW[38;2;27;26;48mM[38;2;29;26;36mM[38;2;27;26;47mM[38;2;27;26;48mM [38;2;3;3;5m$                    [0m
                  [38;2;25;22;36mW[38;2;27;26;47mM[38;2;24;23;42mW[38;2;27;26;48mM[38;2;24;23;42mW[38;2;27;26;48mM[38;2;29;26;36mM[38;2;24;23;42mW[38;2;27;26;48mM[38;2;27;26;47mMMMMMMMM[38;2;25;22;36mW[38;2;27;26;48mM  [38;2;11;11;20m%[38;2;27;26;47mMMM[38;2;25;22;36mW[38;2;27;26;48mM[38;2;27;26;47mM[38;2;27;26;48mM[38;2;27;26;47mMMMM[38;2;32;31;55m#[38;2;27;26;47mMMMM[38;2;25;22;36mW[38;2;27;26;47mM                      [0m
                  [38;2;27;26;47mMM[38;2;24;23;42mW[38;2;27;26;48mM[38;2;24;23;42mW[38;2;27;26;48mM[38;2;29;26;36mM[38;2;24;23;42mW[38;2;27;26;48mM[38;2;27;26;47mMMMMMMMM[38;2;25;22;36mW    [38;2;27;26;48mM[38;2;27;26;47mMMMM[38;2;27;26;48mM[38;2;27;26;47mMMMM[38;2;27;26;48mM[38;2;27;26;47mM[38;2;27;26;48mM[38;2;27;26;47mM[38;2;24;23;42mW[38;2;27;26;47mMM[38;2;25;22;36mW                      [0m
                 [38;2;24;23;42mW[38;2;27;26;47mM[38;2;24;23;42mW[38;2;25;22;36mW[38;2;24;23;42mW[38;2;27;26;48mM[38;2;29;26;36mM[38;2;27;26;47mM[38;2;27;26;48mM[38;2;27;26;47mMMMMMM[38;2;27;26;48mM[38;2;27;26;47mMM     [38;2;27;26;48mM[38;2;27;26;47mMMMMMMMMM[38;2;17;17;30m8[38;2;27;26;47mMMM[38;2;25;22;36mW[38;2;27;26;47mMMM                      [0m
                [38;2;16;15;28m8[38;2;27;26;47mM[38;2;24;23;42mW[38;2;27;26;48mM[38;2;24;23;42mW[38;2;27;26;48mM[38;2;29;26;36mM[38;2;24;23;42mW[38;2;27;26;48mM[38;2;27;26;47mMMMMMMMM[38;2;25;22;36mW      [38;2;24;23;42mW[38;2;27;26;47mMMMMM[38;2;24;23;42mW[38;2;27;26;48mM[38;2;24;23;42mW[38;2;27;26;48mM[38;2;29;26;36mM[38;2;24;23;42mW[38;2;27;26;48mM[38;2;27;26;47mMMMMM[38;2;3;3;5m$                     [0m
                [38;2;27;26;47mMMMMMM[38;2;27;26;48mM[38;2;27;26;47mMMM[38;2;24;23;42mW[38;2;27;26;48mM[38;2;24;23;42mW[38;2;27;26;48mM[38;2;29;26;36mM[38;2;24;23;42mW        [38;2;17;17;30m8[38;2;27;26;48mM[38;2;25;22;36mW[38;2;27;26;47mM[38;2;24;23;42mW[38;2;27;26;47mM[38;2;39;37;56mo[38;2;27;26;47mMMMM[38;2;17;17;30m8[38;2;27;26;47mMM[38;2;25;22;36mWW[38;2;27;26;47mMM                      [0m
               [38;2;24;23;42mW[38;2;27;26;47mMMM[38;2;27;26;48mM[38;2;27;26;47mMMMMMMM[38;2;25;22;36mW[38;2;32;31;55m#[38;2;27;26;48mM[38;2;27;26;47mM          [38;2;16;15;28m8[38;2;27;26;47mMMMMMMMMMMMMMMMM                      [0m
              [38;2;8;8;14mB[38;2;27;26;47mMM[38;2;25;22;36mW[38;2;32;31;55m#[38;2;27;26;48mM[38;2;27;26;47mMMMMMMMMM[38;2;16;15;28m8           [38;2;11;11;20m%[38;2;27;26;47mMMMMMMMMMMMMMMM[38;2;25;22;36mW                      [0m
              [38;2;25;22;36mW[38;2;27;26;47mMM[38;2;25;22;36mW[38;2;32;31;55m#[38;2;27;26;48mM[38;2;27;26;47mMMMMMMMM              [38;2;27;26;48mM[38;2;27;26;47mMM[38;2;25;22;36mW[38;2;32;31;55m#[38;2;27;26;48mM[38;2;27;26;47mMMMMMMMMM[38;2;27;26;48mM                      [0m
              [38;2;27;26;48mM[38;2;27;26;47mMMMM[38;2;32;31;55m#[38;2;27;26;47mMMMM[38;2;25;22;36mW[38;2;27;26;47mMM                MMM[38;2;24;23;42mW[38;2;27;26;48mM[38;2;24;23;42mW[38;2;27;26;48mM[38;2;29;26;36mM[38;2;24;23;42mW[38;2;27;26;48mM[38;2;27;26;47mMMMMM                      [0m
              [38;2;17;17;30m8[38;2;27;26;47mMMMM[38;2;24;23;42mW[38;2;27;26;47mMMMMMM                  [38;2;27;26;48mM[38;2;27;26;47mM[38;2;24;23;42mW[38;2;27;26;48mM[38;2;24;23;42mW[38;2;27;26;48mM[38;2;29;26;36mM[38;2;24;23;42mW[38;2;27;26;48mM[38;2;27;26;47mMMMMM[38;2;16;15;28m8                     [0m
              [38;2;27;26;47mMM[38;2;27;26;48mM[38;2;27;26;47mM[38;2;27;26;48mM[38;2;27;26;47mM[38;2;24;23;42mW[38;2;27;26;47mMM[38;2;25;22;36mW[38;2;11;11;20m%                   [38;2;25;22;36mW[38;2;27;26;47mMMMMMMM[38;2;24;23;42mW[38;2;11;11;20m%[38;2;16;15;28m8[38;2;24;23;42mW[38;2;27;26;47mMMM[38;2;27;26;48mM                    [0m
              [38;2;27;26;47mMMM[38;2;25;22;36mW[38;2;32;31;55m#[38;2;27;26;48mM[38;2;27;26;47mMMMM                     [38;2;27;26;48mM[38;2;27;26;47mMMMMMMMMMMMMMM                    [0m
             [38;2;16;15;28m8[38;2;27;26;47mMMMMMMMMM[38;2;25;22;36mW                      [38;2;27;26;47mMMM[38;2;25;22;36mW[38;2;32;31;55m#[38;2;27;26;48mM[38;2;27;26;47mMMMMMMMM[38;2;11;11;20m%                   [0m
             [38;2;24;23;42mW[38;2;27;26;47mMMM[38;2;27;26;48mM[38;2;27;26;47mMMMMMM                      [38;2;25;22;36mW[38;2;27;26;47mMMMMMMMM[38;2;32;31;55m#[38;2;27;26;47mMMMM[38;2;25;22;36mW                   [0m
             [38;2;24;23;42mW[38;2;27;26;47mMMMMMMMMMM                       [38;2;25;22;36mW[38;2;27;26;47mMMMMMMMMMMMMM[38;2;11;11;20m%                  [0m
            [38;2;11;11;20m%[38;2;27;26;47mMMMM[38;2;32;31;55m#[38;2;27;26;47mMMMM[38;2;25;22;36mW[38;2;27;26;47mM                        [38;2;27;26;48mM[38;2;27;26;47mM[38;2;24;23;42mW[38;2;27;26;48mM[38;2;24;23;42mW[38;2;27;26;48mM[38;2;29;26;36mM[38;2;24;23;42mW[38;2;27;26;48mM[38;2;27;26;47mMMMM[38;2;16;15;28m8                  [0m
            [38;2;25;22;36mW[38;2;27;26;47mMM[38;2;25;22;36mW[38;2;32;31;55m#[38;2;27;26;48mM[38;2;27;26;47mMMMMMM                        [38;2;3;3;5m$[38;2;27;26;48mM[38;2;25;22;36mW[38;2;27;26;47mM[38;2;24;23;42mW[38;2;27;26;47mM[38;2;39;37;56mo[38;2;27;26;47mMMMM[38;2;17;17;30m8[38;2;27;26;47mMM                  [0m
            [38;2;27;26;47mMMMM[38;2;27;26;48mM[38;2;27;26;47mM[38;2;27;26;48mM[38;2;27;26;47mM[38;2;24;23;42mW[38;2;27;26;47mMM[38;2;25;22;36mW                          [38;2;32;31;55m#[38;2;25;22;36mWW[38;2;24;23;42mW[38;2;27;26;47mM[38;2;39;37;56mo[38;2;27;26;47mMMMMMM                  [0m
