                                                                                [0m
                                                                                [0m
                                                                                [0m
                                                                                [0m
                                                                                [0m
                                                                                [0m
                                                                                [0m
                                                                                [0m
                                                                                [0m
                                                                                [0m
                                                                                [0m
                                                  [38;2;33;29;39m#[38;2;184;175;192m{[38;2;114;107;116mY   Y                       [0m
                                            [38;2;188;180;196m][38;2;148;141;154mj[38;2;3;2;5m$$[38;2;114;107;116mY[38;2;162;152;164m/[38;2;232;222;242ml[38;2;225;215;234mi[38;2;188;180;196m][38;2;225;215;234mi[38;2;228;218;238m![38;2;232;222;242ml[38;2;211;202;221m~[38;2;199;190;208m-                      [0m
                                              [38;2;131;125;138mu[38;2;225;215;234mi[38;2;232;222;242mll[38;2;228;218;238m!!![38;2;232;222;242ml[38;2;228;218;238m!!!![38;2;232;222;242mll                    [0m
                                            [38;2;196;187;204m?[38;2;156;149;162mt[38;2;228;218;238m![38;2;232;222;242ml[38;2;208;199;217m+[38;2;216;207;226m<[38;2;225;215;234mi[38;2;219;210;229m>[38;2;228;218;238m!![38;2;232;222;242mll[38;2;228;218;238m!!!!![38;2;180;172;187m}[38;2;232;222;242ml[38;2;104;99;108mJ                [0m
                                        [38;2;162;152;164m/[38;2;211;202;221m~[38;2;199;190;208m-[38;2;156;149;162mtt[38;2;184;175;192m{[38;2;232;222;242ml[38;2;114;107;116mY[38;2;225;215;234mi[38;2;99;75;71mZ[38;2;158;114;104mv[38;2;228;218;238m![38;2;188;180;196m][38;2;225;215;234mi[38;2;232;222;242ml[38;2;228;218;238m![38;2;232;222;242ml[38;2;228;218;238m!!!!!!![38;2;131;125;138mu[38;2;180;172;187m}              [0m
                                          [38;2;228;218;238m![38;2;114;107;116mY[38;2;148;141;154mj[38;2;3;2;5m$[38;2;36;34;37m#[38;2;162;152;164m/[38;2;24;23;42mW[38;2;38;37;67moo[38;2;3;2;5m$[38;2;170;121;110mn[38;2;156;146;134mf[38;2;204;195;212m_[38;2;232;222;242mll[38;2;228;218;238m!!![38;2;232;222;242mll[38;2;228;218;238m!![38;2;188;180;196m]               [0m
                                           [38;2;211;202;221m~[38;2;125;90;83mC[38;2;204;146;133m|[38;2;255;236;216m:[38;2;250;226;206mI[38;2;3;2;5m$[38;2;29;26;35mW[38;2;139;131;141mn[38;2;255;233;213m:[38;2;255;236;216m::[38;2;225;215;234mi[38;2;228;218;238m!!!!!!!![38;2;208;199;217m+                [0m
                                            [38;2;239;219;201m![38;2;196;187;167m[[38;2;188;180;166m{[38;2;204;198;171m-[38;2;222;203;186m~[38;2;255;236;216m:::[38;2;131;125;138mu[38;2;188;180;196m][38;2;196;187;204m?[38;2;191;183;200m[[38;2;43;41;51mo[38;2;232;222;242ml[38;2;114;107;116mY[38;2;232;222;242ml[38;2;225;215;234mi[38;2;228;218;238m!![38;2;104;99;108mJ [38;2;192;183;200m[              [0m
                                            [38;2;255;236;216m:[38;2;255;233;213m:[38;2;255;236;216m:[38;2;255;233;213m:[38;2;255;236;216m:[38;2;255;233;213m::::::[38;2;142;138;119mx[38;2;170;121;110mn[38;2;163;117;107mu[38;2;225;215;234mi[38;2;216;207;226m<[38;2;232;222;242mlll[38;2;175;168;183m1                [0m
                                            [38;2;255;236;216m:[38;2;255;233;213m:[38;2;255;236;216m:[38;2;255;233;213m:::::::[38;2;208;149;136m([38;2;200;143;130m/[38;2;232;222;242ml[38;2;228;218;238m![38;2;232;222;242mll[38;2;156;149;162mt[38;2;148;141;154mj                  [0m
                                    [38;2;11;11;20m%         [38;2;177;127;115mr[38;2;200;143;130m/[38;2;194;139;126mt[38;2;204;146;133m||[38;2;208;149;136m([38;2;204;146;133m||[38;2;106;100;91mC[38;2;120;103;94mU[38;2;228;218;238m![38;2;164;157;171m|[38;2;196;187;204m?                     [0m
                               [38;2;11;11;20m%[38;2;32;31;58m#[38;2;27;26;47mM[38;2;24;23;42mW[38;2;27;26;48mM[38;2;27;26;47mM[38;2;32;31;58m#[38;2;27;26;48mM[38;2;27;26;47mMM[38;2;24;23;42mW[38;2;25;23;36mW[38;2;27;26;47mM[38;2;27;26;48mM[38;2;11;11;20m%[38;2;24;23;42mW[38;2;27;26;48mM[38;2;200;143;130m/[38;2;204;146;133m||[38;2;194;139;126mt[38;2;204;146;133m|[38;2;190;136;124mf[38;2;204;146;133m|[38;2;99;75;71mZ[38;2;123;117;129mc  [38;2;3;2;5m$                    [0m
                          [38;2;6;6;11m@[38;2;25;23;36mW[38;2;27;26;47mMM[38;2;32;31;58m#[38;2;24;23;42mW[38;2;167;154;140m/[38;2;255;233;213m:::[38;2;233;216;195mi[38;2;3;2;5m$[38;2;27;26;47mM[38;2;32;31;58m#[38;2;27;26;48mM[38;2;27;26;47mMMM[38;2;27;26;48mM[38;2;25;23;36mW[38;2;24;23;42mW[38;2;27;26;48mM[38;2;27;26;47mMMM[38;2;16;15;28m8888[38;2;27;26;48mM                        [0m
                     [38;2;16;15;28m8[38;2;27;26;47mMM[38;2;27;26;48mM[38;2;38;36;56m*[38;2;27;26;48mM[38;2;27;26;47mM[38;2;24;23;42mW[38;2;27;26;48mM[38;2;27;26;47mM[38;2;233;216;195mi[38;2;255;233;213m:[38;2;255;236;216m:[38;2;255;233;213m:[38;2;121;118;102mz[38;2;24;23;42mW[38;2;38;36;56m*[38;2;27;26;47mM[38;2;24;23;42mW[38;2;25;23;36mW[38;2;27;26;47mM[38;2;27;26;48mM[38;2;27;26;47mMMM[38;2;27;26;48mM[38;2;24;23;42mW[38;2;27;26;48mM[38;2;27;26;47mM[38;2;24;23;42mW[38;2;27;26;47mM[38;2;24;23;42mW[38;2;27;26;48mM[38;2;27;26;47mMMM                       [0m
                [38;2;17;16;30m8[38;2;27;26;47mM[38;2;24;23;42mW[38;2;27;26;48mM[38;2;27;26;47mMMM[38;2;27;26;48mM[38;2;27;26;47mMM[38;2;24;23;42mW[38;2;27;26;47mM[38;2;24;23;42mW[38;2;25;23;36mW[38;2;17;16;30m8[38;2;204;146;133m|||[38;2;214;167;153m{[38;2;8;8;14mB[38;2;32;31;58m#[38;2;24;23;42mW[38;2;27;26;47mMMMM[38;2;25;23;36mW[38;2;24;23;42mWW[38;2;27;26;48mM[38;2;27;26;47mMM[38;2;24;23;42mW[38;2;27;26;48mM[38;2;27;26;47mM[38;2;27;26;48mM[38;2;27;26;47mMM[38;2;24;23;42mW[38;2;25;23;36mW[38;2;27;26;47mM[38;2;27;26;48mM[38;2;27;26;47mM[38;2;27;26;48mM                    [0m
               [38;2;27;26;48mM[38;2;27;26;47mM[38;2;27;26;48mMM[38;2;24;23;42mW[38;2;27;26;47mMM[38;2;24;23;42mW[38;2;27;26;48mM[38;2;27;26;47mMMM[38;2;27;26;48mM[38;2;27;26;47mMM[38;2;24;23;42mW[38;2;27;26;47mM[38;2;43;41;51mo[38;2;204;146;133m||[38;2;6;6;11m@[38;2;24;23;42mW[38;2;27;26;48mM[38;2;27;26;47mMMM[38;2;27;26;48mM[38;2;27;26;47mMM[38;2;24;23;42mW[38;2;27;26;47mM[38;2;16;15;28m8[38;2;27;26;47mMMM[38;2;24;23;42mW[38;2;25;23;36mW[38;2;27;26;47mMMM[38;2;32;31;58m#[38;2;27;26;48mM[38;2;27;26;47mMMM[38;2;27;26;48mM[38;2;25;23;36mW[38;2;27;26;47mM[38;2;25;23;36mW                [0m
              [38;2;16;15;27m8[38;2;27;26;47mM[38;2;24;23;42mW[38;2;27;26;48mM[38;2;27;26;47mMMM[38;2;27;26;48mM[38;2;27;26;47mM[38;2;17;16;30m8[38;2;3;2;5m$[38;2;43;41;51mo[38;2;212;195;179m_[38;2;233;216;195mi[38;2;178;162;148m([38;2;17;16;30m8[38;2;36;34;37m#[38;2;27;26;47mM[38;2;24;23;42mW[38;2;17;16;30m8[38;2;24;23;42mW[38;2;27;26;47mMM[38;2;27;26;48mM[38;2;27;26;47mM[38;2;27;26;48mMM[38;2;24;23;42mW[38;2;27;26;47mMMM[38;2;32;31;58m#[38;2;27;26;48mM[38;2;27;26;47mMMM[38;2;16;15;28m88[38;2;24;23;42mW[38;2;27;26;47mMM[38;2;32;31;58m#[38;2;27;26;47mMMMM[38;2;27;26;48mM[38;2;38;36;56m*[38;2;27;26;48mM[38;2;27;26;47mMMM              [0m
               [38;2;6;6;11m@[38;2;27;26;47mMMM[38;2;32;31;58m#[38;2;27;26;48mM[38;2;16;15;28m8[38;2;255;233;213m:[38;2;255;236;216m:[38;2;255;233;213m::::::[38;2;36;34;37m#[38;2;75;69;66mw[38;2;17;16;30m8[38;2;27;26;47mMMM[38;2;32;31;58m#[38;2;24;23;42mW[38;2;27;26;47mMMMM[38;2;25;23;36mW[38;2;24;23;42mW[38;2;27;26;48mMM[38;2;27;26;47mM[38;2;27;26;48mM[38;2;27;26;47mM[38;2;32;31;58m#[38;2;27;26;48mM[38;2;27;26;47mMMM[38;2;11;11;20m%[38;2;24;23;42mW[38;2;27;26;48mM[38;2;27;26;47mM[38;2;24;23;42mW[38;2;25;23;36mW[38;2;27;26;47mM[38;2;27;26;48mM[38;2;27;26;47mMM[38;2;24;23;42mW[38;2;27;26;48mM              [0m
                 [38;2;16;15;28m8[38;2;27;26;47mMM[38;2;17;16;30m8[38;2;222;203;186m~[38;2;255;233;213m::[38;2;233;216;195mi[38;2;255;233;213m:[38;2;226;212;190m>[38;2;255;236;216m:[38;2;250;226;206mI[38;2;194;139;126mt[38;2;200;143;130m/[38;2;204;146;133m||[38;2;17;16;30m8[38;2;27;26;47mMMMM[38;2;24;23;42mW[38;2;27;26;48mM[38;2;27;26;47mM[38;2;24;23;42mWW[38;2;27;26;48mM[38;2;27;26;47mM[38;2;27;26;48mM[38;2;27;26;47mMMMM[38;2;32;31;58m#[38;2;24;23;42mW[38;2;27;26;47mMMMM[38;2;25;23;36mW[38;2;24;23;42mW[38;2;27;26;48mMM[38;2;27;26;47mM[38;2;27;26;48mM[38;2;27;26;47mMMM[38;2;32;31;58m#              [0m
                   [38;2;16;15;28m8[38;2;32;31;58m#[38;2;139;100;91mY[38;2;190;136;124mf[38;2;204;146;133m||[38;2;163;117;107mu[38;2;204;146;133m|[38;2;177;127;115mr[38;2;208;149;136m([38;2;200;143;130m/[38;2;125;90;83mC[38;2;38;36;56m*[38;2;27;26;47mMM[38;2;32;31;58m#[38;2;24;23;42mW[38;2;27;26;47mMMMM[38;2;25;23;36mW[38;2;24;23;42mW[38;2;27;26;48mM[38;2;17;16;30m8[38;2;27;26;47mMM[38;2;32;31;58m#[38;2;24;23;42mW[38;2;27;26;47mMMMM[38;2;25;23;36mW[38;2;24;23;42mW[38;2;27;26;48mMM[38;2;27;26;47mM[38;2;27;26;48mM[38;2;27;26;47mMMMMM[38;2;24;23;42mW[38;2;25;23;36mW               [0m
                        [38;2;200;143;130m/[38;2;114;82;75mQ[38;2;75;69;66mw    [38;2;24;23;42mW[38;2;27;26;47mMM[38;2;24;23;42mW[38;2;27;26;48mM[38;2;27;26;47mMMM[38;2;27;26;48mM[38;2;27;26;47mMM[38;2;24;23;42mW[38;2;27;26;47mMMM[38;2;17;16;30m8[38;2;24;23;42mW[38;2;27;26;47mMM[38;2;27;26;48mM[38;2;27;26;47mM[38;2;32;31;58m#[38;2;24;23;42mW[38;2;27;26;47mMMMM[38;2;25;23;36mW[38;2;24;23;42mW[38;2;27;26;48mMM[38;2;27;26;47mM[38;2;27;26;48mM                [0m
                               [38;2;27;26;48mM[38;2;27;26;47mM[38;2;27;26;48mMM[38;2;24;23;42mW[38;2;27;26;47mMMMMMMM[38;2;24;23;42mW[38;2;25;23;36mW[38;2;27;26;47mM[38;2;27;26;48mM[38;2;27;26;47mMMM[38;2;16;15;28m8[38;2;24;23;42mW[38;2;17;16;30m8[38;2;24;23;42mW[38;2;27;26;47mMM[38;2;27;26;48mM[38;2;27;26;47mM[38;2;24;23;42mW[38;2;25;23;36mW[38;2;27;26;47mM[38;2;17;16;30m8                  [0m
                               [38;2;25;23;36mW[38;2;27;26;47mMMM[38;2;17;16;30m8[38;2;27;26;47mMMMM[38;2;32;31;58m#[38;2;24;23;42mW[38;2;27;26;47mMMMM[38;2;25;23;36mW[38;2;24;23;42mW[38;2;27;26;48mMM[38;2;27;26;47mM[38;2;27;26;48mM[38;2;27;26;47mMMMMMM[38;2;24;23;42mW[38;2;25;23;36mW                    [0m
                              [38;2;25;23;36mW[38;2;24;23;42mW[38;2;27;26;47mMMMMMMMM[38;2;32;31;58m#[38;2;24;23;42mW[38;2;27;26;47mMMMM[38;2;25;23;36mW[38;2;24;23;42mW[38;2;27;26;48mM[38;2;17;16;30m8[38;2;27;26;47mMMM[38;2;24;23;42mW[38;2;25;23;36mW[38;2;27;26;47mM[38;2;27;26;48mM[38;2;27;26;47mM[38;2;16;15;28m8                     [0m
                              [38;2;27;26;47mM[38;2;24;23;42mW[38;2;25;23;36mW[38;2;27;26;47mM[38;2;27;26;48mM[38;2;27;26;47mMMM[38;2;27;26;48mM[38;2;24;23;42mW[38;2;27;26;47mMM[38;2;27;26;48mM[38;2;27;26;47mMMMMMMM[38;2;27;26;48mM[38;2;38;36;56m*[38;2;27;26;48mM[38;2;27;26;47mMMMMM                      [0m
                              [38;2;27;26;48mM[38;2;24;23;42mW[38;2;27;26;48mM[38;2;27;26;47mM[38;2;24;23;42mW[38;2;27;26;47mMMMMMMMMM[38;2;24;23;42mW[38;2;25;23;36mW[38;2;27;26;47mM[38;2;27;26;48mM[38;2;27;26;47mM[38;2;24;23;42mW[38;2;25;23;36mW[38;2;27;26;47mM[38;2;27;26;48mM[38;2;27;26;47mMMM[38;2;27;26;48mM[38;2;24;23;42mW                      [0m
                              [38;2;27;26;47mM[38;2;32;31;58m#[38;2;27;26;48mM[38;2;27;26;47mMMM[38;2;27;26;48mM[38;2;25;23;36mW[38;2;27;26;47mM[38;2;27;26;48mM[38;2;27;26;47mMMMMMMMM[38;2;27;26;48mM[38;2;27;26;47mM[38;2;32;31;58m#[38;2;24;23;42mW[38;2;27;26;47mMMMM[38;2;25;23;36mW[38;2;24;23;42mW                      [0m
                             [38;2;3;2;5m$[38;2;27;26;48mM[38;2;27;26;47mMMMM[38;2;24;23;42mW[38;2;25;23;36mW[38;2;27;26;47mM[38;2;27;26;48mM[38;2;27;26;47mMMM[38;2;27;26;48mM[38;2;24;23;42mW[38;2;27;26;47mMM[38;2;27;26;48mM[38;2;27;26;47mM[38;2;27;26;48mM[38;2;24;23;42mW[38;2;27;26;48mM[38;2;27;26;47mM[38;2;24;23;42mW[38;2;27;26;47mMMMMM                      [0m
                             [38;2;25;23;36mW[38;2;27;26;47mM[38;2;24;23;42mW[38;2;25;23;36mW[38;2;27;26;47mM[38;2;27;26;48mM[38;2;27;26;47mMMM[38;2;27;26;48mM[38;2;24;23;42mW[38;2;27;26;47mMM[38;2;27;26;48mM[38;2;27;26;47mMMMM[38;2;17;16;30m8[38;2;27;26;47mMM[38;2;32;31;58m#[38;2;24;23;42mW[38;2;27;26;47mMMMM[38;2;25;23;36mW[38;2;24;23;42mW                      [0m
                            [38;2;8;7;13m@[38;2;27;26;48mM[38;2;27;26;47mM[38;2;27;26;48mMM[38;2;24;23;42mW[38;2;27;26;47mMMMMMMMMMM[38;2;24;23;42mW[38;2;25;23;36mW[38;2;27;26;47mM[38;2;27;26;48mM[38;2;27;26;47mM[38;2;32;31;58m#[38;2;27;26;48mM[38;2;27;26;47mMMM[38;2;27;26;48mM[38;2;25;23;36mW[38;2;27;26;47mM[38;2;27;26;48mM                      [0m
                            [38;2;27;26;47mMM[38;2;27;26;48mM[38;2;27;26;47mMMMM[38;2;24;23;42mW[38;2;25;23;36mW[38;2;27;26;47mM[38;2;27;26;48mM[38;2;27;26;47mMMM[38;2;27;26;48mM[38;2;24;23;42mW[38;2;27;26;47mMM[38;2;27;26;48mM[38;2;27;26;47mMMMM[38;2;17;16;30m8[38;2;27;26;47mMMMMM[38;2;24;23;42mW[38;2;25;23;36mW                     [0m
                            [38;2;32;31;58m#[38;2;24;23;42mW[38;2;27;26;47mMMMM[38;2;25;23;36mW[38;2;24;23;42mW[38;2;27;26;48mMM[38;2;27;26;47mM[38;2;27;26;48mM[38;2;27;26;47mMMMMM[38;2;27;26;48mM[38;2;27;26;47mMM[38;2;16;15;28m8[38;2;24;23;42mW[38;2;27;26;47mMMMM[38;2;24;23;42mW[38;2;25;23;36mW[38;2;27;26;47mM[38;2;27;26;48mM[38;2;16;15;28m8                     [0m
                            [38;2;27;26;47mMM[38;2;24;23;42mW[38;2;25;23;36mW[38;2;27;26;47mM[38;2;27;26;48mM[38;2;27;26;47mMM[38;2;24;23;42mW[38;2;27;26;48mMM[38;2;27;26;47mM[38;2;27;26;48mMM[38;2;27;26;47mMMMM[38;2;27;26;48mM[38;2;27;26;47mMMMMMMM[38;2;24;23;42mW[38;2;25;23;36mW[38;2;27;26;47mM[38;2;27;26;48mM[38;2;16;15;28m8                     [0m
                             [38;2;16;15;28m8[38;2;24;23;42mW[38;2;27;26;48mM[38;2;25;23;36mW[38;2;16;15;28m8[38;2;25;23;36mW[38;2;24;23;42mW[38;2;27;26;47mMMMMMMMMMM[38;2;32;31;58m#[38;2;24;23;42mW[38;2;27;26;47mMMMM[38;2;25;23;36mW[38;2;24;23;42mW[38;2;27;26;48mMM[38;2;27;26;47mM[38;2;27;26;48mM[38;2;16;15;28m8                     [0m
                             [38;2;27;26;47mM[38;2;32;31;58m#[38;2;24;23;42mW[38;2;27;26;47mMMMM[38;2;25;23;36mW[38;2;24;23;42mW[38;2;27;26;48mMM[38;2;27;26;47mM[38;2;27;26;48mM[38;2;27;26;47mMMMMM[38;2;27;26;48mM[38;2;27;26;47mMM[38;2;25;23;36mW[38;2;24;23;42mW[38;2;17;16;30m8[38;2;25;23;36mW[38;2;9;8;14mB[38;2;25;23;36mWW[38;2;24;23;42mW[38;2;25;23;36mW                     [0m
                            [38;2;27;26;47mM[38;2;24;23;42mW[38;2;25;23;36mW[38;2;27;26;47mM[38;2;27;26;48mM[38;2;27;26;47mMMM[38;2;27;26;48mM[38;2;24;23;42mW[38;2;27;26;47mMM[38;2;27;26;48mM[38;2;27;26;47mMMMM[38;2;17;16;30m8[38;2;27;26;47mMMM[38;2;16;15;28m8[38;2;25;23;36mW[38;2;27;26;47mM[38;2;32;31;58m#[38;2;24;23;42mW[38;2;27;26;47mMMMM[38;2;25;23;36mW                     [0m
                           [38;2;17;16;30m8[38;2;32;31;58m#[38;2;24;23;42mW[38;2;27;26;47mMMMM[38;2;25;23;36mW[38;2;24;23;42mW[38;2;27;26;48mMM[38;2;27;26;47mM[38;2;27;26;48mM[38;2;27;26;47mMMMMM[38;2;27;26;48mM[38;2;27;26;47mMMMMMMM[38;2;32;31;58m#[38;2;27;26;48mM[38;2;27;26;47mMMM[38;2;27;26;48mM[38;2;25;23;36mW                    [0m
                          [38;2;17;16;30m8[38;2;27;26;47mMM[38;2;24;23;42mW[38;2;25;23;36mW[38;2;27;26;47mM[38;2;27;26;48mM[38;2;27;26;47mMMM[38;2;27;26;48mM[38;2;24;23;42mW[38;2;27;26;47mMM[38;2;27;26;48mM[38;2;27;26;47mMMMM[38;2;17;16;30m8[38;2;27;26;47mMMMMMMMMM[38;2;24;23;42mW[38;2;25;23;36mW[38;2;27;26;47mM[38;2;27;26;48mM[38;2;27;26;47mM                    [0m
                         [38;2;11;11;20m%[38;2;27;26;47mM[38;2;24;23;42mW[38;2;25;23;36mW[38;2;27;26;47mM[38;2;27;26;48mM[38;2;27;26;47mMMM[38;2;27;26;48mM[38;2;24;23;42mW[38;2;25;23;36mW[38;2;27;26;48mM[38;2;27;26;47mMM[38;2;24;23;42mW[38;2;25;23;36mW[38;2;27;26;47mM[38;2;27;26;48mM[38;2;27;26;47mMM[38;2;24;23;42mW[38;2;16;15;28m8[38;2;24;23;42mW[38;2;27;26;47mM[38;2;27;26;48mM[38;2;38;36;56m*[38;2;27;26;48mM[38;2;27;26;47mMMMMMMM  [38;2;3;2;5m$                 [0m
                        [38;2;32;31;58m#[38;2;27;26;47mMMMMMM[38;2;27;26;48mM[38;2;24;23;42mW[38;2;27;26;48mM[38;2;27;26;47mMMMM[38;2;17;16;30m8[38;2;24;23;42mW[38;2;27;26;47mMM[38;2;27;26;48mM[38;2;27;26;47mMMM[38;2;24;23;42mW[38;2;25;23;36mW[38;2;27;26;47mM[38;2;27;26;48mM[38;2;27;26;47mMM[38;2;24;23;42mW[38;2;27;26;48mMM[38;2;27;26;47mM[38;2;27;26;48mMM[38;2;27;26;47mMMM                   [0m
                       [38;2;27;26;47mM[38;2;32;31;58m#[38;2;24;23;42mW[38;2;27;26;47mMMMM[38;2;25;23;36mW[38;2;24;23;42mW[38;2;27;26;48mMM[38;2;27;26;47mM[38;2;27;26;48mM[38;2;27;26;47mM[38;2;16;15;28m8[38;2;27;26;47mMMMMM[38;2;27;26;48mM[38;2;27;26;47mMMMMMM[38;2;24;23;42mW[38;2;27;26;48mM[38;2;27;26;47mMMM[38;2;27;26;48mM[38;2;27;26;47mMM[38;2;24;23;42mW[38;2;27;26;47mMM[38;2;3;2;5m$                  [0m
                      [38;2;27;26;47mM[38;2;24;23;42mW[38;2;25;23;36mW[38;2;27;26;47mM[38;2;27;26;48mM[38;2;27;26;47mMMM[38;2;27;26;48mM[38;2;24;23;42mW[38;2;27;26;47mMMMMMMMMMMMMM[38;2;32;31;58m#[38;2;25;23;36mW[38;2;16;15;28m88[38;2;17;16;30m8[38;2;16;15;28m8[38;2;25;23;36mW[38;2;27;26;47mMMMMMMMMM[38;2;11;11;20m%[38;2;3;2;5m$                 [0m
                     [38;2;24;23;42mWWW[38;2;27;26;47mMM[38;2;24;23;42mW[38;2;27;26;47mM[38;2;27;26;48mM[38;2;27;26;47mM[38;2;32;31;58m#[38;2;24;23;42mW[38;2;27;26;47mMMMM[38;2;25;23;36mW[38;2;24;23;42mW[38;2;27;26;48mM[38;2;27;26;47mM[38;2;24;23;42mW[38;2;25;23;36mW W[38;2;27;26;47mMMM[38;2;17;16;30m8[38;2;27;26;47mMMMMMMMM[38;2;24;23;42mW[38;2;27;26;48mM[38;2;27;26;47mMMM[38;2;27;26;48mM[38;2;3;2;5m$                 [0m
                    [38;2;27;26;47mM[38;2;24;23;42mW[38;2;25;23;36mW[38;2;27;26;47mM[38;2;27;26;48mM[38;2;27;26;47mMMM[38;2;27;26;48mM[38;2;24;23;42mW[38;2;27;26;47mMM[38;2;27;26;48mM[38;2;27;26;47mMMMM[38;2;17;16;30m8[38;2;27;26;47mMMM   [38;2;27;26;48mM[38;2;27;26;47mM[38;2;32;31;58m#[38;2;24;23;42mW[38;2;27;26;47mMMMM[38;2;25;23;36mW[38;2;24;23;42mW[38;2;27;26;48mMM[38;2;27;26;47mM[38;2;27;26;48mM[38;2;27;26;47mMMMM                  [0m
                   [38;2;16;15;28m8[38;2;27;26;47mMM[38;2;24;23;42mW[38;2;27;26;48mM[38;2;27;26;47mMMM[38;2;27;26;48mM[38;2;27;26;47mMM[38;2;24;23;42mW[38;2;27;26;47mMMMMMMMM[38;2;11;11;20m%     [38;2;16;15;28m8[38;2;17;16;30m8[38;2;24;23;42mW[38;2;27;26;47mMM[38;2;27;26;48mM[38;2;27;26;47mMMMMM[38;2;32;31;58m#[38;2;24;23;42mW[38;2;27;26;47mMMMM                  [0m
                  [38;2;16;15;28m8[38;2;27;26;47mMMMM[38;2;24;23;42mW[38;2;25;23;36mW[38;2;27;26;47mM[38;2;27;26;48mM[38;2;27;26;47mMMM[38;2;27;26;48mM[38;2;24;23;42mW[38;2;27;26;47mMM[38;2;27;26;48mM[38;2;27;26;47mMMM        [38;2;6;6;11m@[38;2;27;26;48mM[38;2;32;31;58m#[38;2;24;23;42mW[38;2;27;26;47mMMMM[38;2;25;23;36mW[38;2;24;23;42mW[38;2;27;26;48mMM[38;2;27;26;47mM[38;2;27;26;48mM[38;2;27;26;47mMM[38;2;3;2;5m$                 [0m
                 [38;2;11;11;20m%[38;2;27;26;47mM[38;2;24;23;42mW[38;2;25;23;36mW[38;2;27;26;47mM[38;2;27;26;48mM[38;2;27;26;47mMMM[38;2;27;26;48mM[38;2;24;23;42mW[38;2;27;26;47mMM[38;2;27;26;48mM[38;2;27;26;47mMMMMM            [38;2;24;23;42mW[38;2;27;26;47mMMMMMMMMMMMMM[38;2;3;2;5m$                 [0m
                [38;2;9;8;14mB[38;2;27;26;48mM[38;2;27;26;47mM[38;2;32;31;58m#[38;2;27;26;48mM[38;2;27;26;47mMMM[38;2;27;26;48mM[38;2;25;23;36mW[38;2;27;26;47mM[38;2;27;26;48mM[38;2;27;26;47mMMMMMM[38;2;16;15;28m8             [38;2;16;15;27m8[38;2;27;26;47mM[38;2;24;23;42mW[38;2;25;23;36mW[38;2;27;26;47mM[38;2;27;26;48mM[38;2;27;26;47mMM[38;2;24;23;42mW[38;2;27;26;48mMM[38;2;27;26;47mM[38;2;27;26;48mMM[38;2;6;6;11m@                 [0m
                [38;2;27;26;48mM[38;2;32;31;58m#[38;2;27;26;48mM[38;2;27;26;47mMMM[38;2;27;26;48mM[38;2;25;23;36mW[38;2;27;26;47mM[38;2;27;26;48mM[38;2;27;26;47mMMMMMMM[38;2;8;8;14mB               [38;2;27;26;48mM[38;2;32;31;58m#[38;2;24;23;42mW[38;2;27;26;47mMMMM[38;2;25;23;36mW[38;2;24;23;42mW[38;2;27;26;48mMM[38;2;27;26;47mM[38;2;27;26;48mM[38;2;3;2;5m$                 [0m
               [38;2;27;26;48mM[38;2;24;23;42mW[38;2;27;26;48mM[38;2;27;26;47mM[38;2;27;26;48mM[38;2;27;26;47mMMMMMMMMMMMM                 [38;2;8;7;13m@[38;2;27;26;47mMMMM[38;2;24;23;42mW[38;2;27;26;48mM[38;2;27;26;47mMMM[38;2;27;26;48mM[38;2;27;26;47mMM[38;2;3;2;5m$                 [0m
               [38;2;27;26;48mM[38;2;27;26;47mM[38;2;27;26;48mMM[38;2;24;23;42mW[38;2;27;26;47mM[38;2;9;8;14mB[38;2;24;23;42mW[38;2;27;26;47mMMMMMMM                    [38;2;24;23;42mW[38;2;27;26;47mM[38;2;32;31;58m#[38;2;24;23;42mW[38;2;27;26;47mMMMM[38;2;25;23;36mW[38;2;24;23;42mW[38;2;27;26;48mMM[38;2;6;6;11m@                 [0m
              [38;2;24;23;42mW[38;2;27;26;47mM[38;2;24;23;42mW[38;2;27;26;48mM[38;2;27;26;47mMMM[38;2;27;26;48mM[38;2;27;26;47mMM[38;2;24;23;42mW[38;2;27;26;47mMMM[38;2;17;16;30m8                     [38;2;11;11;20m%[38;2;27;26;47mM[38;2;32;31;58m#[38;2;24;23;42mW[38;2;27;26;47mMMMM[38;2;25;23;36mW[38;2;24;23;42mW[38;2;27;26;48mMM[38;2;6;6;11m@                 [0m
              [38;2;27;26;48mM[38;2;27;26;47mMMMM[38;2;24;23;42mW[38;2;25;23;36mW[38;2;27;26;47mM[38;2;27;26;48mM[38;2;27;26;47mMMM[38;2;27;26;48mM[38;2;24;23;42mW                      [38;2;27;26;47mM[38;2;32;31;58m#[38;2;27;26;48mM[38;2;27;26;47mMMM[38;2;27;26;48mM[38;2;25;23;36mW[38;2;27;26;47mM[38;2;27;26;48mM[38;2;27;26;47mMMM[38;2;16;15;28m8                [0m
              [38;2;27;26;47mMMM[38;2;32;31;58m#[38;2;27;26;48mM[38;2;27;26;47mMMM[38;2;27;26;48mM[38;2;25;23;36mW[38;2;27;26;47mM[38;2;27;26;48mM[38;2;27;26;47mM[38;2;6;6;11m@                      [38;2;27;26;47mMM[38;2;24;23;42mW[38;2;25;23;36mW[38;2;27;26;47mM[38;2;27;26;48mM[38;2;27;26;47mMM[38;2;24;23;42mW[38;2;27;26;48mMM[38;2;27;26;47mM[38;2;27;26;48mMM                [0m
             [38;2;3;2;5m$[38;2;27;26;47mMM[38;2;38;36;56m*[38;2;27;26;48mM[38;2;27;26;47mMMMMMMMMM                       [38;2;6;6;11m@[38;2;27;26;48mM[38;2;24;23;42mW[38;2;27;26;48mM[38;2;27;26;47mMMM[38;2;27;26;48mM[38;2;27;26;47mMM[38;2;24;23;42mW[38;2;27;26;47mMM[38;2;16;15;28m8                [0m
             [38;2;16;15;28m8[38;2;27;26;47mMMMM[38;2;32;31;58m#[38;2;24;23;42mW[38;2;27;26;47mMMMM[38;2;25;23;36mW[38;2;24;23;42mW[38;2;27;26;48mM                       [38;2;25;23;36mW[38;2;27;26;47mMM[38;2;32;31;58m#[38;2;27;26;48mM[38;2;27;26;47mMMM[38;2;27;26;48mM[38;2;25;23;36mW[38;2;27;26;47mM[38;2;27;26;48mM[38;2;27;26;47mMM                [0m
             [38;2;16;15;28m8[38;2;24;23;42mW[38;2;27;26;48mM[38;2;27;26;47mM[38;2;27;26;48mM[38;2;27;26;47mMMMMMMMM[38;2;11;11;20m%                       [38;2;25;23;36mW[38;2;27;26;47mMM[38;2;32;31;58m#[38;2;27;26;48mM[38;2;27;26;47mMMM[38;2;27;26;48mM[38;2;25;23;36mW[38;2;27;26;47mM[38;2;27;26;48mM[38;2;27;26;47mMM                [0m
             [38;2;24;23;42mWW[38;2;27;26;48mM[38;2;27;26;47mM[38;2;27;26;48mM[38;2;27;26;47mMMMMMMMM                        [38;2;27;26;48mM[38;2;24;23;42mW[38;2;27;26;48mM[38;2;27;26;47mM[38;2;24;23;42mW[38;2;27;26;47mMMMMMMMMM                [0m
             [38;2;27;26;47mMMM[38;2;24;23;42mW[38;2;25;23;36mW[38;2;27;26;47mM[38;2;27;26;48mM[38;2;27;26;47mMM[38;2;24;23;42mW[38;2;27;26;48mMM[38;2;27;26;47mM                        MM[38;2;24;23;42mW[38;2;25;23;36mW[38;2;27;26;47mM[38;2;27;26;48mM[38;2;27;26;47mMM[38;2;24;23;42mW[38;2;27;26;48mMM[38;2;27;26;47mM[38;2;27;26;48mM[38;2;17;16;30m8                [0m
             [38;2;24;23;42mW[38;2;27;26;47mMMMM[38;2;24;23;42mW[38;2;25;23;36mW[38;2;27;26;47mM[38;2;27;26;48mM[38;2;27;26;47mMM[38;2;24;23;42mW                        [38;2;6;6;11m@[38;2;27;26;47mMM[38;2;24;23;42mW[38;2;27;26;48mM[38;2;27;26;47mMMM[38;2;27;26;48mM[38;2;27;26;47mMM[38;2;24;23;42mW[38;2;27;26;47mMM[38;2;16;15;28m8                [0m
