                                                                                [0m
                                                                                [0m
                                                                                [0m
                                                                                [0m
                                                                                [0m
                                                                                [0m
                                                                                [0m
                                                                                [0m
                                                                                [0m
                                                                                [0m
                                                                                [0m
                                                                                [0m
                                                                                [0m
                                                     [38;2;114;107;116mY[38;2;216;207;226m<[38;2;233;223;243mI[38;2;75;69;66mw[38;2;3;3;5m$[38;2;175;168;183m1                     [0m
                                              [38;2;123;117;129mc[38;2;233;223;243mI[38;2;228;218;238m![38;2;233;223;243mI[38;2;228;218;238m!![38;2;233;223;243mI[38;2;228;218;238m!![38;2;233;223;243mI[38;2;228;218;238m!!![38;2;233;223;243mI   [38;2;114;107;116mY                [0m
                                              [38;2;208;199;217m+[38;2;233;223;243mI[38;2;228;218;238m!![38;2;233;223;243mI[38;2;168;160;175m([38;2;228;218;238m![38;2;233;223;243mI[38;2;228;218;238m!!!!!!!! [38;2;225;215;234mi                [0m
                                           [38;2;3;3;5m$[38;2;203;194;212m_[38;2;216;207;226m<[38;2;164;157;171m|[38;2;233;223;243mII[38;2;139;131;141mn[38;2;233;223;243mI[38;2;158;114;104mv[38;2;225;215;234mi[38;2;228;218;238m!![38;2;233;223;243mI[38;2;228;218;238m![38;2;233;223;243mI[38;2;228;218;238m!!!!!![38;2;216;207;226m< [38;2;164;157;171m|             [0m
                                            [38;2;233;223;243mI[38;2;191;183;200m[[38;2;3;3;5m$[38;2;233;223;243mI[38;2;142;138;119mx[38;2;196;187;204m?[38;2;38;37;67moo[38;2;172;164;179m))[38;2;233;223;243mI[38;2;228;218;238m![38;2;225;215;234mi[38;2;228;218;238m!![38;2;233;223;243mI[38;2;228;218;238m!!!![38;2;208;199;217m+[38;2;233;223;243mI              [0m
                                           [38;2;164;157;171m|[38;2;162;152;164m/[38;2;151;136;134mr[38;2;255;236;216m:[38;2;255;233;213m::[38;2;3;3;5m$[38;2;24;23;42mW[38;2;34;33;60m*[38;2;204;187;171m?[38;2;226;206;189m<[38;2;87;83;87mO[38;2;120;103;94mU[38;2;233;223;243mI[38;2;228;218;238m!!!!!!!!               [0m
                                            [38;2;3;3;5m$$[38;2;255;233;213m:::::[38;2;254;242;214m,[38;2;255;233;213m:[38;2;255;246;217m'[38;2;148;141;154mj[38;2;233;223;243mI[38;2;228;218;238m![38;2;233;223;243mI[38;2;164;157;171m|[38;2;233;223;243mI[38;2;228;218;238m![38;2;187;179;195m][38;2;228;218;238m![38;2;233;223;243mI[38;2;148;141;154mj[38;2;220;210;229m>[38;2;208;199;217m+             [0m
                                             [38;2;178;162;148m([38;2;255;233;213m:::[38;2;254;242;214m,[38;2;255;233;213m:[38;2;255;246;217m'[38;2;255;233;213m::::[38;2;185;169;154m1[38;2;120;103;94mU[38;2;177;126;115mx[38;2;172;158;147m|[38;2;184;175;192m{[38;2;196;187;204m?[38;2;228;218;238m!![38;2;75;69;66mw               [0m
                                             [38;2;186;181;157m{[38;2;255;233;213m::[38;2;255;236;216m:[38;2;255;233;213m::::::[38;2;226;206;189m<[38;2;251;229;210m;[38;2;222;203;186m~[38;2;148;141;154mj[38;2;233;223;243mI[38;2;228;218;238m![38;2;192;183;200m[[38;2;148;141;154mj[38;2;139;131;141mn[38;2;192;183;200m[[38;2;200;191;208m-              [0m
                                             [38;2;114;107;116mY[38;2;255;236;216m:[38;2;255;233;213m::[38;2;255;236;216m:[38;2;255;233;213m:[38;2;238;205;187m<[38;2;187;134;122mf[38;2;170;121;110mn[38;2;206;150;137m(([38;2;196;187;204m?[38;2;220;210;229m>[38;2;228;218;238m![38;2;156;149;162mt[38;2;196;187;204m? [38;2;131;125;138mu                 [0m
                         [38;2;236;209;191m>[38;2;255;233;213m::[38;2;255;236;216m:[38;2;233;216;195mi[38;2;87;83;87mO                 [38;2;204;146;133m|[38;2;200;143;131m/[38;2;204;146;133m||[38;2;200;143;131m/[38;2;206;150;137m([38;2;204;146;133m||[38;2;136;116;108mc[38;2;104;99;108mJ  [38;2;114;107;116mY                   [0m
                       [38;2;167;154;140m/[38;2;226;186;169m-[38;2;243;212;194mi[38;2;255;233;213m:::::[38;2;245;225;205mI[38;2;3;3;5m$[38;2;16;15;27m8[38;2;27;26;48mM[38;2;27;26;47mM[38;2;27;26;48mM[38;2;27;26;47mMMMMMMMMMMM[38;2;27;26;48mM[38;2;43;41;51mo[38;2;32;31;57m#[38;2;27;26;47mMM[38;2;20;20;36m&[38;2;27;26;47mM[38;2;27;26;48mMM[38;2;12;11;20m%                      [0m
                      [38;2;206;150;137m([38;2;204;146;133m|[38;2;206;150;137m([38;2;200;143;131m/[38;2;249;223;204mI[38;2;254;242;214m,[38;2;255;233;213m:[38;2;255;246;217m'[38;2;202;181;164m][38;2;37;36;51m*[38;2;27;26;47mMMMM[38;2;17;17;30m8[38;2;24;23;42mWWW[38;2;27;26;47mM[38;2;37;36;51m*[38;2;27;26;47mM[38;2;24;23;42mW[38;2;27;26;47mM[38;2;24;23;42mWWW[38;2;27;26;47mM[38;2;17;17;30m8[38;2;20;20;36m&[38;2;27;26;47mMM[38;2;24;23;42mW[38;2;27;26;47mMMM[38;2;6;6;10m@                      [0m
                      [38;2;75;69;66mww [38;2;158;114;104mv[38;2;204;146;133m|[38;2;206;150;137m(([38;2;125;90;83mC[38;2;27;26;47mMMMMMMMMM[38;2;20;20;36m&[38;2;27;26;47mM[38;2;24;23;42mW[38;2;27;26;47mMMMMMM[38;2;20;20;36m&&[38;2;27;26;48mM[38;2;25;22;35mW[38;2;27;26;47mMMMMMMMM                    [0m
                         [38;2;3;3;5m$[38;2;24;23;42mW[38;2;27;26;47mMMMMMMMMMM[38;2;20;20;36m&[38;2;27;26;47mM[38;2;24;23;42mW[38;2;27;26;47mM[38;2;24;23;42mW[38;2;27;26;47mMMMMMM[38;2;20;20;36m&&[38;2;24;23;42mWW[38;2;20;20;36m&[38;2;27;26;47mMMMMMMMMMM[38;2;20;20;36m&[38;2;8;7;13m@               [0m
                       [38;2;16;15;27m8[38;2;27;26;47mM[38;2;24;23;42mW[38;2;27;26;47mMMMMMM[38;2;20;20;36m&&[38;2;24;23;42mWW[38;2;27;26;47mMMMM[38;2;27;26;48mM[38;2;27;26;47mMMM[38;2;24;23;42mW[38;2;27;26;47mMMM[38;2;27;26;48mM[38;2;27;26;47mMM[38;2;6;6;10m@[38;2;17;17;30m8[38;2;27;26;48mM[38;2;27;26;47mM[38;2;12;11;20m%[38;2;27;26;47mMMMMMMMMMMM[38;2;3;3;5m$            [0m
                    [38;2;16;15;27m8[38;2;33;29;39m#[38;2;27;26;47mMMMM[38;2;27;26;48mM[38;2;27;26;47mMMM[38;2;24;23;42mW[38;2;27;26;47mM[38;2;16;15;27m8[38;2;24;23;42mWWW[38;2;27;26;47mM[38;2;37;36;51m*[38;2;27;26;47mM[38;2;24;23;42mW[38;2;27;26;47mMM[38;2;20;20;36m&[38;2;27;26;47mM[38;2;24;23;42mW[38;2;27;26;47mMMMM[38;2;27;26;48mMM[38;2;27;26;47mM[38;2;80;67;22mp[38;2;20;20;36m&[38;2;27;26;48mM[38;2;17;17;30m8[38;2;27;26;48mM[38;2;17;17;30m8[38;2;27;26;48mM[38;2;27;26;47mMM[38;2;24;23;42mW[38;2;27;26;47mMM[38;2;24;23;42mW[38;2;27;26;47mM[38;2;24;23;42mW[38;2;27;26;48mM            [0m
                  [38;2;29;26;35mW[38;2;27;26;47mMM[38;2;20;20;36m&[38;2;27;26;47mMMMMMMM[38;2;24;23;42mW[38;2;27;26;47mMM[38;2;17;17;30m8[38;2;27;26;47mM[38;2;20;20;36m&[38;2;27;26;48mM[38;2;25;22;35mW[38;2;27;26;47mMM[38;2;27;26;48mM[38;2;27;26;47mM[38;2;24;23;42mW[38;2;27;26;47mMMMMMM[38;2;20;20;36m&&[38;2;24;23;42mWW[38;2;27;26;47mMM[38;2;17;17;30m8[38;2;24;23;42mWWW[38;2;27;26;47mM[38;2;37;36;51m*[38;2;27;26;47mM[38;2;24;23;42mW[38;2;27;26;47mMM[38;2;20;20;36m&[38;2;27;26;47mM[38;2;24;23;42mW[38;2;17;17;30m8            [0m
                 [38;2;17;17;30m8[38;2;27;26;47mMMMMMMM[38;2;20;20;36m&[38;2;27;26;47mM[38;2;27;26;48mMM[38;2;27;26;47mMMM[38;2;17;17;30m8[38;2;24;23;42mW[38;2;27;26;48mM[38;2;27;26;47mMMM[38;2;27;26;48mM[38;2;27;26;47mMM[38;2;24;23;42mWWW[38;2;27;26;47mM[38;2;37;36;51m*[38;2;27;26;47mM[38;2;24;23;42mW[38;2;27;26;47mMM[38;2;20;20;36m&[38;2;27;26;47mM[38;2;24;23;42mW[38;2;27;26;47mMMMMM[38;2;24;23;42mW[38;2;27;26;47mM[38;2;24;23;42mW[38;2;27;26;48mM[38;2;37;36;51m*[38;2;27;26;47mM[38;2;24;23;42mWW[38;2;12;11;20m%             [0m
                 [38;2;27;26;48mMMM[38;2;20;20;36m&[38;2;27;26;48mM[38;2;27;26;47mMMMMM[38;2;24;23;42mWW    [38;2;12;11;20m%[38;2;27;26;47mM[38;2;27;26;48mM[38;2;20;20;36m&&[38;2;27;26;47mMM[38;2;32;31;57m#[38;2;20;20;36m&[38;2;27;26;47mMMMMM[38;2;24;23;42mW[38;2;27;26;47mMMMMMM[38;2;20;20;36m&&[38;2;24;23;42mWW[38;2;27;26;47mMM[38;2;17;17;30m8[38;2;27;26;47mMMMM[38;2;3;3;5m$              [0m
                  [38;2;6;6;10m@[38;2;27;26;47mMMM[38;2;27;26;48mM[38;2;27;26;47mMMM[38;2;24;23;42mW[38;2;27;26;47mMMM[38;2;255;236;216m:[38;2;255;233;213m::[38;2;255;236;216m:[38;2;255;233;213m::[38;2;3;3;5m$[38;2;27;26;47mMMMMM[38;2;27;26;48mM[38;2;17;17;30m8[38;2;20;20;36m&[38;2;27;26;47mMMM[38;2;27;26;48mM[38;2;27;26;47mMMM[38;2;24;23;42mW[38;2;27;26;47mMMMMM[38;2;24;23;42mW[38;2;27;26;47mMMMMM                [0m
                      [38;2;27;26;47mM[38;2;27;26;48mM[38;2;27;26;47mMMMM[38;2;255;233;213m:::::::[38;2;251;229;210m;[38;2;255;233;213m:[38;2;246;218;199m![38;2;200;143;131m/[38;2;158;114;104mv[38;2;29;26;36mM[38;2;27;26;48mM[38;2;27;26;47mMMMM[38;2;33;29;39m#[38;2;27;26;48mM[38;2;27;26;47mMMMMMMMMMMM[38;2;20;20;36m&[38;2;27;26;47mM[38;2;24;23;42mW                  [0m
                        [38;2;6;6;10m@[38;2;27;26;47mM[38;2;24;23;42mW[38;2;27;26;47mM[38;2;206;150;137m([38;2;219;170;155m][38;2;255;233;213m:::[38;2;255;236;216m:[38;2;233;216;195mi[38;2;187;134;122mf[38;2;206;150;137m([38;2;200;143;131m/[38;2;125;90;83mC[38;2;16;15;27m8[38;2;27;26;48mM[38;2;27;26;47mMMMM[38;2;24;23;42mW[38;2;27;26;47mMM[38;2;17;17;30m8[38;2;27;26;47mM[38;2;20;20;36m&[38;2;27;26;47mM[38;2;24;23;42mW[38;2;17;17;30m8[38;2;27;26;48mM[38;2;27;26;47mMM[38;2;24;23;42mW[38;2;27;26;47mMMM[38;2;17;17;30m8                  [0m
                              [38;2;75;69;66mw[38;2;178;127;116mr[38;2;212;161;147m}[38;2;206;150;137m([38;2;146;104;95mX[38;2;204;146;133m|[38;2;200;143;131m/[38;2;16;15;27m8[38;2;27;26;48mM[38;2;27;26;47mMMM[38;2;17;17;30m8[38;2;24;23;42mWWW[38;2;27;26;47mM[38;2;37;36;51m*[38;2;27;26;47mM[38;2;24;23;42mW[38;2;27;26;47mMM[38;2;20;20;36m&[38;2;27;26;47mM[38;2;24;23;42mW[38;2;27;26;47mMMMMM                    [0m
                                [38;2;20;20;36m&[38;2;27;26;47mMMM[38;2;24;23;42mW[38;2;27;26;47mM[38;2;24;23;42mW[38;2;27;26;48mM[38;2;37;36;51m*[38;2;27;26;47mM[38;2;24;23;42mWW[38;2;27;26;47mMMMMM[38;2;24;23;42mW[38;2;27;26;47mMMMMM[38;2;17;17;30m8[38;2;27;26;47mM[38;2;24;23;42mWW                     [0m
                               [38;2;12;11;20m%[38;2;27;26;47mMMMMM[38;2;24;23;42mW[38;2;27;26;47mMMMMMM[38;2;20;20;36m&&[38;2;24;23;42mWW[38;2;27;26;47mMM[38;2;17;17;30m8[38;2;27;26;47mMMMMMMMM[38;2;17;17;30m8                    [0m
                              [38;2;16;15;27m8[38;2;24;23;42mWWW[38;2;27;26;47mM[38;2;37;36;51m*[38;2;27;26;47mM[38;2;24;23;42mW[38;2;27;26;47mMM[38;2;20;20;36m&[38;2;27;26;47mM[38;2;24;23;42mW[38;2;27;26;47mMMMMMMMMMMMMM[38;2;27;26;48mM[38;2;27;26;47mMMM                    [0m
                              [38;2;27;26;47mM[38;2;27;26;48mM[38;2;20;20;36m&&[38;2;27;26;47mMMMMMM[38;2;17;17;30m8[38;2;27;26;47mMMM[38;2;27;26;48mM[38;2;27;26;47mMMM[38;2;24;23;42mW[38;2;27;26;47mMMMMM[38;2;24;23;42mW[38;2;27;26;47mMMMMM                    [0m
                             [38;2;27;26;47mM[38;2;24;23;42mW[38;2;27;26;47mM[38;2;24;23;42mW[38;2;27;26;48mM[38;2;37;36;51m*[38;2;27;26;47mM[38;2;24;23;42mWW[38;2;27;26;47mMMMMM[38;2;24;23;42mW[38;2;27;26;47mMMMMM[38;2;17;17;30m8[38;2;27;26;47mMMMMMMMM[38;2;27;26;48mM[38;2;27;26;47mM                    [0m
                            [38;2;8;8;14mB[38;2;20;20;36m&[38;2;24;23;42mW[38;2;27;26;47mM[38;2;24;23;42mW[38;2;27;26;48mM[38;2;37;36;51m*[38;2;27;26;47mM[38;2;24;23;42mWW[38;2;27;26;47mMMMMM[38;2;24;23;42mW[38;2;27;26;47mMMMMM[38;2;17;17;30m8[38;2;27;26;47mMMMMMMMMMM                    [0m
                            [38;2;27;26;48mM[38;2;27;26;47mMMMMMM[38;2;24;23;42mWWW[38;2;27;26;47mM[38;2;37;36;51m*[38;2;27;26;47mM[38;2;24;23;42mW[38;2;27;26;47mMM[38;2;20;20;36m&[38;2;27;26;47mM[38;2;24;23;42mW[38;2;27;26;47mMMMMMMMMMMMMM                    [0m
                          [38;2;16;15;27m8[38;2;33;29;39m#[38;2;27;26;47mMMMMMMMMMMMMMMMMM[38;2;20;20;36m&[38;2;27;26;47mM[38;2;24;23;42mW[38;2;27;26;47mMMM[38;2;17;17;30m8[38;2;27;26;47mMMMMMM[38;2;17;17;30m8[38;2;27;26;48mM[38;2;8;8;14mB                   [0m
                         [38;2;12;11;20m%[38;2;27;26;48mM[38;2;27;26;47mMM[38;2;24;23;42mW[38;2;27;26;47mMMMMMM[38;2;20;20;36m&&[38;2;24;23;42mWW[38;2;27;26;47mMM[38;2;17;17;30m8[38;2;27;26;47mMMMMMM[38;2;6;6;10m@[38;2;27;26;47mM[38;2;24;23;42mW[38;2;27;26;47mMMMMMM[38;2;20;20;36m&&[38;2;24;23;42mW                   [0m
                           [38;2;24;23;42mW[38;2;27;26;47mM[38;2;24;23;42mW[38;2;12;11;20m%[38;2;24;23;42mW[38;2;27;26;47mMMMMM[38;2;24;23;42mWWW[38;2;27;26;47mM[38;2;37;36;51m*[38;2;27;26;47mM[38;2;24;23;42mW[38;2;27;26;47mMM[38;2;20;20;36m&[38;2;27;26;47mM[38;2;24;23;42mW[38;2;27;26;47mMMMMMMMMMMMM                   [0m
                          [38;2;24;23;42mW[38;2;27;26;47mM[38;2;24;23;42mW[38;2;27;26;48mM[38;2;37;36;51m*[38;2;27;26;47mM[38;2;24;23;42mWW[38;2;27;26;47mMMMM[38;2;12;11;20m%[38;2;16;15;27m88[38;2;27;26;48mM[38;2;27;26;47mMMMMMM[38;2;27;26;48mM[38;2;17;17;30m8[38;2;20;20;36m&[38;2;27;26;47mM[38;2;24;23;42mW[38;2;27;26;47mM[38;2;24;23;42mW[38;2;27;26;48mM[38;2;37;36;51m*[38;2;27;26;47mM[38;2;24;23;42mWW[38;2;12;11;20m%                   [0m
                        [38;2;3;3;5m$[38;2;27;26;48mM[38;2;27;26;47mMMMMMMMMM[38;2;20;20;36m&[38;2;27;26;47mM[38;2;24;23;42mW[38;2;27;26;47mMMM[38;2;17;17;30m8[38;2;20;20;36m&[38;2;27;26;48mM[38;2;25;22;35mW[38;2;27;26;47mMM[38;2;27;26;48mM[38;2;27;26;47mMMMMMMMMMMMM                    [0m
                       [38;2;6;6;10m@[38;2;27;26;47mM[38;2;27;26;48mM[38;2;20;20;36m&&[38;2;27;26;47mMMMMMM[38;2;17;17;30m8[38;2;27;26;47mM[38;2;24;23;42mW[38;2;27;26;47mM[38;2;24;23;42mW[38;2;27;26;48mM[38;2;37;36;51m*[38;2;27;26;47mM[38;2;24;23;42mWW[38;2;27;26;47mMMMMM[38;2;24;23;42mW[38;2;27;26;47mMMMMM[38;2;17;17;30m8[38;2;27;26;47mMMMM                    [0m
                      [38;2;24;23;42mW[38;2;27;26;48mM[38;2;27;26;47mMMMM[38;2;17;17;30m8[38;2;27;26;47mMM[38;2;27;26;48mM[38;2;24;23;42mW[38;2;27;26;47mMM[38;2;17;17;30m8[38;2;27;26;48mM[38;2;27;26;47mMM[38;2;24;23;42mW[38;2;27;26;47mMMMMMMMMMMM[38;2;20;20;36m&[38;2;27;26;47mM[38;2;24;23;42mW[38;2;27;26;47mMMM[38;2;17;17;30m8[38;2;27;26;47mMM                    [0m
                     [38;2;33;29;39m#[38;2;27;26;47mMMMMMMM[38;2;24;23;42mW[38;2;27;26;47mMMMMM[38;2;8;7;13m@[38;2;16;15;27m8[38;2;27;26;48mMM[38;2;27;26;47mMMMMMMMMMMMMMM[38;2;20;20;36m&[38;2;27;26;47mM[38;2;24;23;42mW[38;2;27;26;47mMMM[38;2;17;17;30m8 [38;2;3;3;5m$                  [0m
                    [38;2;27;26;47mMMMMMMMMMMM[38;2;20;20;36m&[38;2;27;26;47mM[38;2;17;17;30m8[38;2;27;26;48mM[38;2;27;26;47mMM[38;2;24;23;42mW[38;2;27;26;47mM[38;2;17;17;30m8[38;2;27;26;47mM[38;2;24;23;42mW[38;2;27;26;47mMMMMMM[38;2;20;20;36m&&[38;2;24;23;42mWW[38;2;27;26;47mMM[38;2;17;17;30m8[38;2;27;26;47mMMMMM [38;2;3;3;5m$                  [0m
                  [38;2;8;8;14mB[38;2;20;20;36m&[38;2;27;26;47mMMMMMMMMM[38;2;20;20;36m&[38;2;27;26;47mM[38;2;24;23;42mW[38;2;27;26;47mMMM[38;2;17;17;30m8[38;2;27;26;48mM[38;2;27;26;47mMMM[38;2;17;17;30m8[38;2;27;26;48mM[38;2;27;26;47mMM[38;2;16;15;27m8[38;2;27;26;48mMM[38;2;27;26;47mMMMMMM[38;2;24;23;42mWWW[38;2;27;26;47mM[38;2;37;36;51m*[38;2;27;26;47mM[38;2;24;23;42mW                    [0m
                 [38;2;3;3;5m$[38;2;24;23;42mW[38;2;27;26;47mMMMMMMMMM[38;2;27;26;48mM[38;2;27;26;47mMMM[38;2;24;23;42mW[38;2;27;26;47mMMMMM[38;2;24;23;42mW[38;2;27;26;47mM [38;2;3;3;5m$[38;2;27;26;48mMM[38;2;27;26;47mMM[38;2;27;26;48mM[38;2;27;26;47mMM[38;2;24;23;42mW[38;2;27;26;47mMM[38;2;17;17;30m8[38;2;24;23;42mWWW[38;2;27;26;47mM[38;2;37;36;51m*[38;2;27;26;47mM[38;2;24;23;42mW                    [0m
                [38;2;8;7;13m@[38;2;27;26;47mM[38;2;24;23;42mW[38;2;27;26;47mM[38;2;24;23;42mW[38;2;27;26;48mM[38;2;37;36;51m*[38;2;27;26;47mM[38;2;24;23;42mWW[38;2;27;26;47mMMMMM[38;2;24;23;42mW[38;2;27;26;47mMMMMM[38;2;17;17;30m8    [38;2;12;11;20m%[38;2;27;26;48mM[38;2;27;26;47mM[38;2;24;23;42mW[38;2;27;26;47mMMMMMM[38;2;20;20;36m&&[38;2;24;23;42mWW[38;2;27;26;47mMM[38;2;17;17;30m8[38;2;27;26;47mM                    [0m
               [38;2;17;17;30m8[38;2;20;20;36m&[38;2;27;26;47mMMMM[38;2;20;20;36m&[38;2;27;26;47mMMM[38;2;24;23;42mW[38;2;27;26;47mMMMMMM[38;2;20;20;36m&&[38;2;24;23;42mWW        [38;2;27;26;47mMMM[38;2;24;23;42mWWW[38;2;27;26;47mM[38;2;37;36;51m*[38;2;27;26;47mM[38;2;24;23;42mW[38;2;27;26;47mMM[38;2;20;20;36m&[38;2;27;26;47mM[38;2;24;23;42mW[38;2;27;26;47mM                    [0m
              [38;2;27;26;48mM[38;2;27;26;47mMMMMMM[38;2;24;23;42mW[38;2;27;26;47mMMMMMM[38;2;20;20;36m&&[38;2;24;23;42mWW[38;2;27;26;47mMM           MMM[38;2;27;26;48mM[38;2;27;26;47mMMM[38;2;24;23;42mW[38;2;27;26;47mMMMMM[38;2;24;23;42mW[38;2;27;26;47mM                    [0m
            [38;2;8;8;14mB[38;2;27;26;48mM[38;2;27;26;47mM[38;2;24;23;42mW[38;2;27;26;47mMMMMMM[38;2;20;20;36m&&[38;2;24;23;42mWW[38;2;27;26;47mMM[38;2;17;17;30m8[38;2;27;26;47mMMM              M[38;2;24;23;42mWWW[38;2;27;26;47mM[38;2;37;36;51m*[38;2;27;26;47mM[38;2;24;23;42mW[38;2;27;26;47mMM[38;2;20;20;36m&[38;2;27;26;47mM[38;2;24;23;42mW[38;2;27;26;47mM                    [0m
            [38;2;27;26;48mM[38;2;27;26;47mMMM[38;2;27;26;48mM[38;2;27;26;47mMMM[38;2;24;23;42mW[38;2;27;26;47mMMMMM[38;2;24;23;42mW[38;2;27;26;47mMMM                [38;2;8;8;14mB[38;2;20;20;36m&[38;2;27;26;47mM[38;2;24;23;42mWWW[38;2;27;26;47mM[38;2;37;36;51m*[38;2;27;26;47mM[38;2;24;23;42mW[38;2;27;26;47mMM[38;2;20;20;36m&[38;2;27;26;47mM[38;2;3;3;5m$                   [0m
            [38;2;27;26;47mM[38;2;24;23;42mWWW[38;2;27;26;47mM[38;2;37;36;51m*[38;2;27;26;47mM[38;2;24;23;42mW[38;2;27;26;47mMM[38;2;20;20;36m&[38;2;27;26;47mM[38;2;24;23;42mW[38;2;27;26;47mMMM                   [38;2;16;15;27m8[38;2;27;26;47mM[38;2;24;23;42mW[38;2;27;26;47mMMMMMM[38;2;20;20;36m&&[38;2;24;23;42mWW[38;2;27;26;47mM                   [0m
            [38;2;27;26;47mMMM[38;2;24;23;42mW[38;2;27;26;47mMMMMMM[38;2;20;20;36m&&[38;2;24;23;42mWW                      [38;2;27;26;48mM[38;2;27;26;47mM[38;2;24;23;42mW[38;2;27;26;47mM[38;2;24;23;42mW[38;2;27;26;48mM[38;2;37;36;51m*[38;2;27;26;47mM[38;2;24;23;42mWW[38;2;27;26;47mMMM                   [0m
            [38;2;27;26;47mMMMMMMMMM[38;2;20;20;36m&[38;2;27;26;47mM[38;2;24;23;42mW[38;2;27;26;47mMM                      [38;2;12;11;20m%[38;2;27;26;47mMM[38;2;20;20;36m&[38;2;27;26;47mMMMMMMMMM                   [0m
           [38;2;3;3;5m$[38;2;27;26;47mM[38;2;27;26;48mM[38;2;20;20;36m&&[38;2;27;26;47mMMMMMM[38;2;17;17;30m8[38;2;27;26;47mM                         [38;2;24;23;42mWW[38;2;27;26;47mM[38;2;24;23;42mW[38;2;27;26;48mM[38;2;37;36;51m*[38;2;27;26;47mM[38;2;24;23;42mWW[38;2;27;26;47mM[38;2;16;15;27m8[38;2;27;26;48mM[38;2;6;6;10m@                  [0m
           [38;2;16;15;27m8[38;2;27;26;48mM[38;2;27;26;47mMMM[38;2;17;17;30m8[38;2;27;26;47mMMMMMM                          [38;2;6;6;10m@[38;2;24;23;42mW[38;2;27;26;47mM[38;2;24;23;42mW[38;2;27;26;48mM[38;2;37;36;51m*[38;2;27;26;47mM[38;2;24;23;42mWW[38;2;12;11;20m%[38;2;20;20;36m&[38;2;24;23;42mW[38;2;27;26;47mM[38;2;16;15;27m8                 [0m
           [38;2;24;23;42mW[38;2;27;26;47mMMMMMMMMMMM[38;2;12;11;20m%                         [38;2;16;15;27m8[38;2;27;26;47mM[38;2;24;23;42mWWW[38;2;27;26;47mM[38;2;37;36;51m*[38;2;27;26;47mM[38;2;24;23;42mW[38;2;27;26;47mMM[38;2;20;20;36m&[38;2;27;26;47mM[38;2;24;23;42mW[38;2;17;17;30m8                [0m
          [38;2;3;3;5m$[38;2;27;26;47mMMMMMMMMM[38;2;24;23;42mW[38;2;27;26;47mM[38;2;24;23;42mW[38;2;17;17;30m8                         [38;2;16;15;27m8[38;2;24;23;42mW[38;2;27;26;47mM[38;2;24;23;42mW[38;2;27;26;48mM[38;2;37;36;51m*[38;2;27;26;47mM[38;2;24;23;42mWW[38;2;27;26;47mMMMMM[38;2;24;23;42mW                [0m
          [38;2;20;20;36m&[38;2;27;26;47mMM[38;2;24;23;42mW[38;2;27;26;47mMMMMMM[38;2;20;20;36m&&[38;2;24;23;42mWW                         [38;2;3;3;5m$[38;2;24;23;42mW[38;2;27;26;47mMMMMMMMMMMM[38;2;27;26;48mM[38;2;3;3;5m$                [0m
          [38;2;12;11;20m%[38;2;27;26;48mM[38;2;27;26;47mMMMM[38;2;27;26;48mM[38;2;27;26;47mMMM[38;2;24;23;42mW[38;2;27;26;47mMM[38;2;8;7;13m@                          [38;2;27;26;47mM[38;2;24;23;42mWWW[38;2;27;26;47mM[38;2;37;36;51m*[38;2;27;26;47mM[38;2;24;23;42mW[38;2;27;26;47mMM[38;2;20;20;36m&[38;2;27;26;47mM[38;2;24;23;42mW[38;2;17;17;30m8                [0m
          [38;2;20;20;36m&[38;2;27;26;47mMMM[38;2;27;26;48mM[38;2;27;26;47mMMM[38;2;24;23;42mW[38;2;27;26;47mMMMM[38;2;3;3;5m$                          [38;2;20;20;36m&[38;2;27;26;48mM[38;2;25;22;35mW[38;2;27;26;47mMM[38;2;27;26;48mM[38;2;27;26;47mMMMMM[38;2;17;17;30m8[38;2;27;26;47mM[38;2;3;3;5m$                [0m
          [38;2;20;20;36m&[38;2;27;26;47mMMMMMMMMMM[38;2;20;20;36m&[38;2;27;26;47mM[38;2;3;3;5m$                          [38;2;17;17;30m8[38;2;27;26;48mM[38;2;27;26;47mMMMM[38;2;20;20;36m&[38;2;27;26;47mMMMMMM[38;2;3;3;5m$                [0m
