                                                                                [0m
                                                                                [0m
                                                                                [0m
                                                                                [0m
                                                                                [0m
                                                                                [0m
                                                                                [0m
                                                                                [0m
                                                                                [0m
                                                                                [0m
                                                                                [0m
                                                                                [0m
                                                           [38;2;114;107;116mY                    [0m
                                                    [38;2;131;125;138mu[38;2;196;187;204m??[38;2;192;183;200m[[38;2;225;215;234mi[38;2;233;222;243ml[38;2;75;69;66mw[38;2;225;215;234mi                    [0m
                                                [38;2;225;215;234mi[38;2;233;222;243ml[38;2;228;218;238m!![38;2;233;222;243mll[38;2;228;218;238m!![38;2;233;222;243mll[38;2;228;218;238m!!!!  [38;2;131;125;138mu               [0m
                                               [38;2;131;125;138mu[38;2;233;222;243ml[38;2;228;218;238m![38;2;233;222;243mlll[38;2;225;215;234mi[38;2;228;218;238m!![38;2;233;222;243ml[38;2;228;218;238m!!!!![38;2;233;222;243mlll[38;2;211;202;220m~              [0m
                                             [38;2;139;131;141mn[38;2;233;222;243ml[38;2;168;160;175m([38;2;200;191;209m-[38;2;233;222;243ml[38;2;157;143;152mf[38;2;233;222;243ml[38;2;190;136;124mf[38;2;151;136;134mr[38;2;168;160;175m([38;2;233;222;243ml[38;2;228;218;238m!!![38;2;233;222;243ml[38;2;228;218;238m!!!!!![38;2;3;3;5m$[38;2;87;83;87mO            [0m
                                              [38;2;203;194;212m_[38;2;88;85;105m0[38;2;148;141;154mj[38;2;12;11;20m%[38;2;228;218;238m![38;2;3;3;5m$[38;2;38;37;67mo[38;2;27;26;48mM[38;2;144;124;129mu[38;2;163;117;107mu[38;2;228;218;238m![38;2;203;194;212m_[38;2;233;222;243ml[38;2;228;218;238m!!![38;2;233;222;243mll[38;2;228;218;238m!!!!            [0m
                                             [38;2;123;117;129mc[38;2;220;210;229m>[38;2;200;143;130m/[38;2;255;236;216m::[38;2;185;169;154m1[38;2;38;37;67mo[38;2;43;41;51mo[38;2;123;117;129mc[38;2;252;230;210m;;[38;2;87;83;87mO[38;2;225;215;234mi[38;2;228;218;238m![38;2;233;222;243ml[38;2;228;218;238m!!!!!!              [0m
                                               [38;2;254;242;214m,[38;2;255;236;216m:[38;2;255;233;213m:[38;2;255;236;216m:[38;2;255;233;213m:[38;2;255;236;216m::[38;2;255;233;213m::[38;2;225;215;234mi[38;2;228;218;238m![38;2;196;187;204m?[38;2;36;34;37m#[38;2;228;218;238m![38;2;175;168;183m1[38;2;172;164;179m)[38;2;233;222;243ml[38;2;228;218;238m!![38;2;123;117;129mc[38;2;233;222;243ml            [0m
                                               [38;2;255;236;216m:[38;2;254;242;214m,[38;2;255;236;216m:::[38;2;255;233;213m::::[38;2;255;236;216m:[38;2;218;200;183m+[38;2;75;69;66mw[38;2;190;136;124mf[38;2;142;138;119mx[38;2;233;222;243ml[38;2;211;202;220m~[38;2;228;218;238m![38;2;233;222;243ml[38;2;216;207;226m<              [0m
                                              [38;2;136;116;108mc[38;2;255;233;213m:[38;2;255;236;216m::[38;2;255;233;213m:[38;2;255;236;216m:[38;2;255;233;213m:::[38;2;255;236;216m:[38;2;178;162;148m([38;2;178;127;116mr[38;2;99;75;71mZ[38;2;225;215;234mi[38;2;233;222;243ml[38;2;228;218;238m![38;2;196;187;204m?[38;2;233;222;243ml  [38;2;148;141;154mj             [0m
                                                [38;2;165;131;121mr[38;2;219;170;155m][38;2;212;161;147m}[38;2;204;146;133m|[38;2;200;143;130m//[38;2;204;146;133m||[38;2;212;161;147m}[38;2;145;117;113mv[38;2;225;215;234mii[38;2;211;202;220m~[38;2;148;141;154mj [38;2;139;131;141mn                [0m
                                                 [38;2;206;150;137m([38;2;204;146;133m||[38;2;200;143;130m//[38;2;204;146;133m||[38;2;178;127;116mr[38;2;206;150;137m([38;2;139;131;141mn  [38;2;36;34;37m#                  [0m
                                               [38;2;9;8;14mB[38;2;27;26;48mMM[38;2;17;17;30m8[38;2;27;26;48mMMMMMM[38;2;25;22;35mW[38;2;27;26;47mM                     [0m
                                     [38;2;16;15;28m8[38;2;27;26;48mM[38;2;27;26;47mMMM[38;2;27;26;48mMMM[38;2;27;26;47mM[38;2;27;26;48mM[38;2;12;11;20m%[38;2;27;26;48mM[38;2;25;22;35mW[38;2;24;23;42mW[38;2;27;26;47mM[38;2;27;26;48mM[38;2;27;26;47mMMM[38;2;27;26;48mM[38;2;27;26;47mMM[38;2;27;26;48mM                    [0m
                                   [38;2;20;20;35m&[38;2;27;26;47mMMM[38;2;17;17;30m8[38;2;27;26;48mM[38;2;27;26;47mMMMMMM[38;2;27;26;48mM[38;2;27;26;47mMM[38;2;27;26;48mM[38;2;27;26;47mM[38;2;17;17;30m8[38;2;27;26;47mMMMM[38;2;24;23;42mW[38;2;27;26;47mMMM[38;2;17;17;30m8[38;2;27;26;48mM[38;2;3;3;5m$                [0m
                                 [38;2;12;11;20m%[38;2;27;26;47mMMM[38;2;27;26;48mM[38;2;27;26;47mMM[38;2;27;26;48mM[38;2;27;26;47mMMMMM[38;2;27;26;48mM[38;2;27;26;47mMM[38;2;27;26;48mM[38;2;27;26;47mMM[38;2;27;26;48mM[38;2;27;26;47mMMMMM[38;2;27;26;48mM[38;2;27;26;47mM[38;2;17;17;30m8[38;2;27;26;47mMMMM[38;2;24;23;42mW[38;2;27;26;47mMM            [0m
                                [38;2;27;26;47mMMM[38;2;17;17;30m8[38;2;27;26;48mM[38;2;27;26;47mMMMMMMMMMM[38;2;20;20;35m&[38;2;27;26;47mMMM[38;2;27;26;48mM[38;2;27;26;47mM[38;2;12;11;20m%[38;2;27;26;47mMMM[38;2;17;17;30m8[38;2;27;26;48mM[38;2;27;26;47mMMMMMMMMMM[38;2;20;20;35m&          [0m
                              [38;2;17;17;30m8[38;2;20;20;35m&[38;2;27;26;47mMMM[38;2;36;34;37m#[38;2;167;154;140m/[38;2;255;236;216m:[38;2;254;242;214m,[38;2;255;236;216m:[38;2;255;233;213m:[38;2;255;236;216m:[38;2;167;154;140m/[38;2;255;236;216m:[38;2;43;41;51mo[38;2;27;26;48mMMMM[38;2;27;26;47mM[38;2;17;17;30m8[38;2;27;26;47mMM[38;2;17;17;30m8[38;2;170;145;36mr[38;2;20;20;35m&&[38;2;27;26;48mM[38;2;17;17;30m8[38;2;27;26;48mM[38;2;20;20;35m&[38;2;27;26;47mMM[38;2;33;29;39m#[38;2;27;26;47mM[38;2;17;17;30m8[38;2;27;26;48mM[38;2;27;26;47mMMM          [0m
                             [38;2;9;8;14mB[38;2;27;26;48mM[38;2;27;26;47mMMM[38;2;246;218;199m![38;2;255;233;213m:[38;2;255;236;216m::[38;2;255;233;213m:[38;2;255;236;216m:[38;2;255;233;213m::[38;2;204;146;133m|[38;2;139;100;91mY[38;2;41;40;50mo[38;2;27;26;48mM[38;2;27;26;47mMMM[38;2;27;26;48mM[38;2;27;26;47mMM[38;2;27;26;48mM[38;2;27;26;47mMM[38;2;20;20;35m&[38;2;16;15;28m8[38;2;27;26;47mMMM[38;2;27;26;48mM[38;2;27;26;47mMMM[38;2;27;26;48mMM[38;2;27;26;47mMMM           [0m
                           [38;2;25;22;35mW[38;2;27;26;48mMM[38;2;38;37;67mo[38;2;27;26;48mM[38;2;25;22;35mW[38;2;158;114;104mv[38;2;214;167;153m{[38;2;224;181;165m?[38;2;212;161;147m}}[38;2;204;146;133m|||[38;2;178;127;116mr[38;2;158;114;104mv[38;2;145;104;95mX[38;2;27;26;48mM[38;2;27;26;47mMM[38;2;27;26;48mM[38;2;27;26;47mMMM[38;2;27;26;48mM[38;2;24;23;42mW[38;2;27;26;47mM[38;2;24;23;42mW[38;2;27;26;47mMM[38;2;17;17;30m8[38;2;27;26;48mM[38;2;27;26;47mMMMMMMMMM            [0m
                        [38;2;255;236;216m::[38;2;255;233;213m:::::[38;2;6;6;10m@[38;2;27;26;47mM[38;2;17;17;30m8[38;2;27;26;48mM[38;2;27;26;47mMMMMMMMMMM[38;2;20;20;35m&[38;2;27;26;47mM[38;2;27;26;48mMMM[38;2;27;26;47mM[38;2;27;26;48mM[38;2;27;26;47mMMM[38;2;20;20;35m&[38;2;27;26;48mM[38;2;27;26;47mMMM[38;2;27;26;48mMM[38;2;27;26;47mMMMMM             [0m
                     [38;2;255;233;213m:[38;2;172;158;147m|[38;2;254;242;214m,[38;2;255;233;213m:::[38;2;255;236;216m:[38;2;255;233;213m::[38;2;196;180;164m][38;2;27;26;48mMMM[38;2;27;26;47mM[38;2;27;26;48mM[38;2;27;26;47mMMM[38;2;20;20;35m&[38;2;27;26;47mMMM[38;2;27;26;48mM[38;2;27;26;47mMM[38;2;27;26;48mM[38;2;27;26;47mMMMMM[38;2;27;26;48mM[38;2;27;26;47mMMMMMM[38;2;17;17;30m8[38;2;27;26;48mM[38;2;27;26;47mMMMMM              [0m
                     [38;2;204;146;133m|[38;2;255;233;213m::[38;2;255;236;216m:[38;2;255;233;213m:[38;2;255;236;216m:[38;2;255;233;213m:::[38;2;3;3;5m$[38;2;43;41;51mo[38;2;27;26;47mM[38;2;17;17;30m8[38;2;27;26;48mM[38;2;27;26;47mMMMMMMMMMM[38;2;20;20;35m&[38;2;27;26;47mM[38;2;27;26;48mM[38;2;27;26;47mMMMM[38;2;17;17;30m8[38;2;27;26;47mMMMM[38;2;24;23;42mW[38;2;27;26;47mMMMMMM[38;2;20;20;35m&               [0m
                     [38;2;3;3;5m$[38;2;212;161;147m}[38;2;255;233;213m:[38;2;254;242;214m,[38;2;228;200;183m~[38;2;221;175;160m[[38;2;204;146;133m|[38;2;134;99;90mU[38;2;24;23;42mW[38;2;20;20;35m&&[38;2;27;26;48mM[38;2;25;22;35mW[38;2;27;26;47mMMMM[38;2;27;26;48mM[38;2;27;26;47mMMM[38;2;27;26;48mM[38;2;27;26;47mMMM[38;2;27;26;48mMM[38;2;27;26;47mMMMMM[38;2;27;26;48mM[38;2;27;26;47mMMMMMMMM[38;2;12;11;20m%                 [0m
                      [38;2;8;7;13m@[38;2;204;146;133m|[38;2;206;150;137m([38;2;204;146;133m|[38;2;206;150;137m([38;2;163;117;107mu[38;2;20;20;35m&[38;2;27;26;47mM[38;2;27;26;48mM[38;2;6;6;10m@[38;2;27;26;47mMM[38;2;27;26;48mM[38;2;27;26;47mMMM[38;2;27;26;48mMM[38;2;27;26;47mMMMMM[38;2;27;26;48mM[38;2;27;26;47mMMMM[38;2;20;20;35m&[38;2;16;15;28m8[38;2;20;20;35m&&[38;2;17;17;30m8[38;2;20;20;35m&[38;2;27;26;47mMMMMMM                  [0m
                        [38;2;27;26;48mM[38;2;24;23;42mW     [38;2;3;3;5m$[38;2;27;26;47mMMMM[38;2;17;17;30m8[38;2;27;26;47mMMMM[38;2;24;23;42mW[38;2;27;26;47mMMMMMM[38;2;20;20;35m&[38;2;27;26;47mM[38;2;27;26;48mM[38;2;17;17;30m8[38;2;27;26;48mM[38;2;20;20;35m&[38;2;27;26;47mMMMMMMM                   [0m
                               [38;2;24;23;42mW[38;2;27;26;47mM[38;2;27;26;48mM[38;2;27;26;47mMMM[38;2;27;26;48mM[38;2;24;23;42mW[38;2;27;26;47mMMMMMMMMMMMMMMMMMM[38;2;17;17;30m8[38;2;27;26;48mM[38;2;27;26;47mM                    [0m
                             [38;2;16;15;28m8[38;2;24;23;42mWW[38;2;27;26;48mM[38;2;27;26;47mM[38;2;27;26;48mM[38;2;27;26;47mMMM[38;2;27;26;48mMM[38;2;27;26;47mMMMMM[38;2;27;26;48mM[38;2;27;26;47mMMMM[38;2;20;20;35m&&[38;2;27;26;47mMMMM[38;2;27;26;48mM[38;2;27;26;47mMMM                    [0m
                            [38;2;20;20;35m&[38;2;27;26;47mMMMMM[38;2;27;26;48mM[38;2;27;26;47mMMM[38;2;27;26;48mMM[38;2;27;26;47mMMMMM[38;2;27;26;48mM[38;2;27;26;47mMMMM[38;2;20;20;35m&[38;2;27;26;47mM[38;2;17;17;30m8[38;2;27;26;47mMMMM[38;2;24;23;42mW[38;2;27;26;47mM                     [0m
                          [38;2;16;15;28m8[38;2;27;26;47mMMM[38;2;27;26;48mM[38;2;27;26;47mMM[38;2;17;17;30m8[38;2;27;26;48mM[38;2;27;26;47mMMMMMMMMMM[38;2;20;20;35m&[38;2;27;26;47mM[38;2;27;26;48mM[38;2;27;26;47mMMM[38;2;27;26;48mM[38;2;27;26;47mMMM[38;2;27;26;48mM[38;2;24;23;42mW[38;2;27;26;47mM[38;2;3;3;5m$                     [0m
                        [38;2;8;7;13m@[38;2;27;26;48mMM[38;2;27;26;47mMMM[38;2;27;26;48mMM[38;2;27;26;47mMMMMM[38;2;27;26;48mM[38;2;27;26;47mMMMMMMMMM[38;2;27;26;48mM[38;2;27;26;47mMM[38;2;27;26;48mM[38;2;27;26;47mMMMMMM[38;2;27;26;48mM                      [0m
                       [38;2;16;15;28m8[38;2;27;26;48mM[38;2;25;22;35mW[38;2;27;26;47mMMMM[38;2;27;26;48mM[38;2;27;26;47mMMMMMM[38;2;17;17;30m8[38;2;27;26;48mM[38;2;27;26;47mMMMMMMMMMM[38;2;20;20;35m&[38;2;27;26;47mM[38;2;27;26;48mM[38;2;27;26;47mMMMMMM                      [0m
                       [38;2;16;15;28m8[38;2;27;26;47mM[38;2;27;26;48mM[38;2;27;26;47mM[38;2;27;26;48mM[38;2;27;26;47mMM[38;2;27;26;48mM[38;2;27;26;47mMM[38;2;27;26;48mM[38;2;27;26;47mMMM[38;2;27;26;48mM[38;2;24;23;42mW[38;2;27;26;47mMMMMMMMMM[38;2;17;17;30m8[38;2;24;23;42mW[38;2;27;26;47mMMMMMMM[38;2;17;17;30m8                      [0m
                      [38;2;24;23;42mWW[38;2;27;26;47mMMMMMMM[38;2;16;15;28m8[38;2;17;17;30m8[38;2;3;3;5m$[38;2;24;23;42mW[38;2;17;17;30m8[38;2;20;20;35m&&[38;2;27;26;47mM[38;2;27;26;48mM[38;2;27;26;47mMMM[38;2;27;26;48mM[38;2;24;23;42mW[38;2;27;26;47mMMMMMMMMMMMMM[38;2;3;3;5m$                     [0m
                     [38;2;16;15;28m8[38;2;27;26;47mM[38;2;17;17;30m8[38;2;27;26;48mM[38;2;27;26;47mMMMMMMMMMM[38;2;20;20;35m&[38;2;27;26;47mM[38;2;27;26;48mM[38;2;27;26;47mMMMM[38;2;20;20;35m&[38;2;27;26;47mM[38;2;27;26;48mM[38;2;27;26;47mM[38;2;24;23;42mW[38;2;27;26;47mMM[38;2;27;26;48mMM[38;2;12;11;20m%[38;2;17;17;30m8[38;2;16;15;28m8[38;2;24;23;42mW[38;2;27;26;47mMM[38;2;27;26;48mM                      [0m
                    [38;2;20;20;35m&[38;2;27;26;47mM[38;2;27;26;48mM[38;2;27;26;47mM[38;2;24;23;42mW[38;2;27;26;47mMM[38;2;27;26;48mM[38;2;27;26;47mMMM[38;2;17;17;30m8[38;2;27;26;48mM[38;2;27;26;47mMMMMMMMMMM[38;2;20;20;35m&[38;2;27;26;47mM[38;2;27;26;48mM[38;2;27;26;47mMMMMMMMMM[38;2;20;20;35m&&                       [0m
                   [38;2;6;6;10m@[38;2;27;26;47mMMM[38;2;27;26;48mM[38;2;27;26;47mMM[38;2;27;26;48mM[38;2;27;26;47mMMMMM[38;2;27;26;48mM[38;2;27;26;47mMMMMMMMMM[38;2;27;26;48mM[38;2;27;26;47mMMMM[38;2;20;20;35m&[38;2;27;26;47mMM[38;2;17;17;30m8[38;2;27;26;47mMMMM[38;2;24;23;42mW[38;2;27;26;47mM[38;2;3;3;5m$                      [0m
                  [38;2;17;17;30m8[38;2;27;26;47mM[38;2;27;26;48mM[38;2;27;26;47mMMM[38;2;27;26;48mMM[38;2;27;26;47mMMMMM[38;2;27;26;48mM[38;2;27;26;47mMMMMMM[38;2;16;15;28m8[38;2;27;26;47mM[38;2;27;26;48mMMM[38;2;27;26;47mM[38;2;27;26;48mM[38;2;27;26;47mMM[38;2;27;26;48mM[38;2;20;20;35m&[38;2;27;26;47mMMMMMM[38;2;17;17;30m8[38;2;27;26;48mM[38;2;3;3;5m$                      [0m
                  [38;2;20;20;35m&[38;2;27;26;47mMMMMMM[38;2;24;23;42mW[38;2;27;26;47mM[38;2;20;20;35m&&&[38;2;27;26;48mMMM[38;2;27;26;47mMMM[38;2;27;26;48mM[38;2;27;26;47mMMMMMMMM[38;2;17;17;30m8[38;2;27;26;48mM[38;2;27;26;47mMMMMMMMMMM                       [0m
                 [38;2;32;31;57m#[38;2;27;26;47mMMM[38;2;27;26;48mM[38;2;27;26;47mMM[38;2;27;26;48mM[38;2;27;26;47mMMMMM[38;2;27;26;48mM[38;2;27;26;47mMMMM[38;2;27;26;48mM[38;2;17;17;30m8[38;2;27;26;48mM[38;2;20;20;35m&[38;2;27;26;47mMM[38;2;33;29;39m#[38;2;27;26;47mMMMMMM[38;2;27;26;48mM[38;2;27;26;47mMMM[38;2;27;26;48mMM[38;2;27;26;47mMMM [38;2;3;3;5m$                     [0m
                [38;2;29;26;36mM[38;2;27;26;47mMMMMMM[38;2;27;26;48mM[38;2;27;26;47mMMM[38;2;27;26;48mM[38;2;24;23;42mW[38;2;27;26;47mMMM[38;2;27;26;48mMMM[38;2;27;26;47mM[38;2;27;26;48mM[38;2;27;26;47mMM[38;2;27;26;48mM[38;2;20;20;35m&[38;2;27;26;47mMMMMMMM[38;2;17;17;30m8[38;2;27;26;47mMMMM[38;2;24;23;42mW[38;2;27;26;47mMMM [38;2;3;3;5m$                     [0m
               [38;2;3;3;5m$[38;2;27;26;47mMMMMMMM[38;2;17;17;30m8[38;2;27;26;48mM[38;2;27;26;47mMMMMM[38;2;3;3;5m$[38;2;27;26;47mMM[38;2;27;26;48mM[38;2;27;26;47mM[38;2;12;11;20m%[38;2;27;26;48mM[38;2;27;26;47mMM[38;2;27;26;48mM[38;2;27;26;47mMM[38;2;27;26;48mM[38;2;27;26;47mMMMMM[38;2;27;26;48mM[38;2;27;26;47mMMMMMMMM                       [0m
               [38;2;20;20;35m&[38;2;27;26;47mMMMMMMM[38;2;17;17;30m8[38;2;27;26;47mMMMM[38;2;17;17;30m8[38;2;27;26;47mMMMM[38;2;24;23;42mW[38;2;16;15;28m8 [38;2;17;17;30m8[38;2;27;26;48mM[38;2;20;20;35m&[38;2;27;26;47mMM[38;2;33;29;39m#[38;2;27;26;47mMMMMMMMM[38;2;17;17;30m8[38;2;27;26;47mMMMM[38;2;24;23;42mW[38;2;27;26;47mM [38;2;3;3;5m$                     [0m
              [38;2;27;26;48mM[38;2;24;23;42mW[38;2;27;26;47mM[38;2;27;26;48mM[38;2;27;26;47mMMM[38;2;27;26;48mM[38;2;27;26;47mMMM[38;2;27;26;48mM[38;2;24;23;42mW[38;2;27;26;47mMMMMMMM   [38;2;3;3;5m$[38;2;27;26;47mMMMMMMMM[38;2;17;17;30m8[38;2;27;26;47mMMMM[38;2;24;23;42mW[38;2;27;26;47mMMMMM                       [0m
             [38;2;6;6;10m@[38;2;27;26;48mM[38;2;27;26;47mMMM[38;2;27;26;48mMM[38;2;27;26;47mMMMMM[38;2;27;26;48mM[38;2;27;26;47mMMMMMM[38;2;16;15;28m8     8[38;2;27;26;48mM[38;2;24;23;42mW[38;2;27;26;47mMMMMM[38;2;17;17;30m8[38;2;27;26;47mMMMM[38;2;24;23;42mW[38;2;27;26;47mMMMMM                       [0m
            [38;2;3;3;5m$[38;2;27;26;47mMMMMMMMM[38;2;17;17;30m8[38;2;27;26;48mM[38;2;27;26;47mMMMMMMMM[38;2;9;8;14mB       [38;2;12;11;20m%[38;2;27;26;47mM[38;2;27;26;48mM[38;2;27;26;47mM[38;2;27;26;48mM[38;2;27;26;47mMM[38;2;27;26;48mM[38;2;27;26;47mMMMMMM[38;2;17;17;30m8[38;2;27;26;48mM[38;2;27;26;47mMM                       [0m
            [38;2;27;26;47mMMMMMMMMM[38;2;17;17;30m8[38;2;27;26;48mM[38;2;27;26;47mMMMMMMM          [38;2;12;11;20m%[38;2;27;26;47mMMM[38;2;17;17;30m8[38;2;27;26;47mMMMM[38;2;24;23;42mW[38;2;27;26;47mMMMMMM[38;2;20;20;35m&                       [0m
            [38;2;27;26;48mMMM[38;2;27;26;47mMMM[38;2;27;26;48mM[38;2;27;26;47mMMMMMMMMMM            [38;2;3;3;5m$[38;2;27;26;47mM[38;2;17;17;30m8[38;2;27;26;48mM[38;2;27;26;47mMMMMMMMMMM[38;2;20;20;35m&[38;2;27;26;47mM                       [0m
           [38;2;9;8;14mB[38;2;27;26;48mM[38;2;25;22;35mW[38;2;27;26;47mMMMM[38;2;27;26;48mM[38;2;27;26;47mMMMMMMMM[38;2;12;11;20m%              [38;2;20;20;35m&[38;2;27;26;48mM[38;2;27;26;47mMMMMMM[38;2;17;17;30m8[38;2;27;26;48mM[38;2;27;26;47mMMMMM                       [0m
           [38;2;29;26;36mM[38;2;27;26;47mMMMMMMMM[38;2;17;17;30m8[38;2;27;26;48mMMMM[38;2;27;26;47mM                [38;2;17;17;30m8[38;2;27;26;47mM[38;2;27;26;48mM[38;2;27;26;47mMMM[38;2;27;26;48mMM[38;2;27;26;47mMMMMM[38;2;27;26;48mM[38;2;27;26;47mM                       [0m
           [38;2;27;26;47mM[38;2;27;26;48mM[38;2;27;26;47mMMM[38;2;27;26;48mMM[38;2;27;26;47mMMMMM[38;2;27;26;48mM[38;2;27;26;47mM                 [38;2;3;3;5m$[38;2;27;26;47mMMMM[38;2;17;17;30m8[38;2;27;26;48mM[38;2;27;26;47mMMMMMMMM[38;2;9;8;14mB                      [0m
          [38;2;3;3;5m$[38;2;27;26;47mM[38;2;17;17;30m8[38;2;27;26;47mMMMM[38;2;24;23;42mW[38;2;27;26;47mMMMMM[38;2;6;6;10m@                   [38;2;3;3;5m$[38;2;27;26;47mM[38;2;17;17;30m8[38;2;27;26;48mM[38;2;27;26;47mMMMMMMMMM[38;2;16;15;28m8[38;2;20;20;35m&[38;2;27;26;47mM                     [0m
          [38;2;3;3;5m$[38;2;27;26;47mMMMMMMMM[38;2;24;23;42mW[38;2;27;26;47mM[38;2;27;26;48mM                      [38;2;27;26;47mM[38;2;27;26;48mM[38;2;27;26;47mMMM[38;2;27;26;48mM[38;2;24;23;42mW[38;2;27;26;47mMMMM[38;2;8;7;13m@[38;2;27;26;48mM[38;2;17;17;30m8[38;2;27;26;47mMM                    [0m
          [38;2;3;3;5m$[38;2;27;26;48mM[38;2;27;26;47mMMMMMMMMM[38;2;17;17;30m8                       [38;2;24;23;42mW[38;2;27;26;47mM[38;2;27;26;48mM[38;2;27;26;47mMMM[38;2;27;26;48mM[38;2;24;23;42mW[38;2;27;26;47mMMMMMMM                    [0m
          [38;2;6;6;10m@[38;2;27;26;47mMM[38;2;27;26;48mM[38;2;27;26;47mMM[38;2;27;26;48mM[38;2;27;26;47mMMMMM                       [38;2;3;3;5m$[38;2;24;23;42mW[38;2;27;26;47mMMMMMMMMMMM[38;2;27;26;48mM[38;2;27;26;47mM[38;2;12;11;20m%                   [0m
          [38;2;17;17;30m8[38;2;27;26;47mM[38;2;27;26;48mM[38;2;27;26;47mMMM[38;2;27;26;48mMM[38;2;27;26;47mMMMM                        [38;2;27;26;48mM[38;2;27;26;47mM[38;2;17;17;30m8[38;2;27;26;47mMMMM[38;2;24;23;42mW[38;2;27;26;47mMMMMMM[38;2;20;20;35m&                   [0m
          [38;2;27;26;48mM[38;2;27;26;47mM[38;2;27;26;48mM[38;2;27;26;47mMMM[38;2;27;26;48mMM[38;2;27;26;47mMMMM[38;2;8;7;13m@                        [38;2;27;26;48mM[38;2;27;26;47mM[38;2;27;26;48mM[38;2;27;26;47mMMM[38;2;27;26;48mM[38;2;24;23;42mW[38;2;27;26;47mMMMMMM                   [0m
          [38;2;20;20;35m&[38;2;27;26;47mMMMMMM[38;2;24;23;42mW[38;2;27;26;47mMMMM[38;2;12;11;20m%                        [38;2;3;3;5m$[38;2;27;26;48mMMM[38;2;27;26;47mMMM[38;2;27;26;48mM[38;2;27;26;47mMMMMMM                   [0m
         [38;2;12;11;20m%[38;2;27;26;47mM[38;2;17;17;30m8[38;2;27;26;48mM[38;2;27;26;47mMMMMMMMMM[38;2;3;3;5m$                         [38;2;27;26;48mM[38;2;27;26;47mMM[38;2;17;17;30m8[38;2;27;26;48mM[38;2;27;26;47mMMMMMMMM[38;2;9;8;14mB                  [0m
