                                                                                [0m
                                                                                [0m
                                                                                [0m
                                                                                [0m
                                                                                [0m
                                                                                [0m
                                                                                [0m
                                                                                [0m
                                                                                [0m
                                                                                [0m
                                                                                [0m
                                                                                [0m
                                                                                [0m
                                                      [38;2;219;210;229m>[38;2;232;222;242ml[38;2;211;202;221m~[38;2;2;2;4m$[38;2;164;157;171m|[38;2;188;179;196m]                    [0m
                                               [38;2;131;125;138mu[38;2;232;222;242mll[38;2;228;218;238m!!!!!!!!!![38;2;192;183;200m[                   [0m
                                                [38;2;232;222;242mll[38;2;228;218;238m!![38;2;175;168;183m1[38;2;225;215;234mi[38;2;228;218;238m!!!!!!![38;2;225;215;234mi[38;2;228;218;238m![38;2;75;69;66mw[38;2;225;215;234mi               [0m
                                             [38;2;131;125;138mu[38;2;225;215;234mi[38;2;184;175;192m{[38;2;228;218;238m!![38;2;162;152;164m/[38;2;228;218;238m![38;2;158;114;104mv[38;2;188;179;196m][38;2;228;218;238m!!!!!!!!![38;2;225;215;234mi[38;2;228;218;238m!! [38;2;104;99;108mJ            [0m
                                             [38;2;219;210;229m>[38;2;164;157;171m|[38;2;123;117;129mc[38;2;232;222;242ml[38;2;146;104;95mX[38;2;175;168;183m1[38;2;34;33;60m*[38;2;38;37;67mo[38;2;114;107;116mY[38;2;130;106;104mY[38;2;216;207;226m<[38;2;228;218;238m!!!!!!!!![38;2;232;222;242ml[38;2;211;202;221m~[38;2;180;172;188m}            [0m
                                            [38;2;192;183;200m[ [38;2;163;117;107mu[38;2;255;233;213m:[38;2;239;219;201m![38;2;255;233;213m:[38;2;27;26;47mMM[38;2;38;37;67mo[38;2;75;69;66mw[38;2;120;103;94mU[38;2;87;83;87mO[38;2;162;152;164m/[38;2;232;222;242ml[38;2;225;215;234mi[38;2;228;218;238m!!!!!!!              [0m
                                             [38;2;87;83;87mO[38;2;2;2;4m$[38;2;243;212;194mi[38;2;255;233;213m:[38;2;255;236;216m::[38;2;255;233;213m::[38;2;255;236;216m:[38;2;212;195;179m_[38;2;208;191;175m-[38;2;219;210;229m>[38;2;228;218;238m!!![38;2;232;222;242ml[38;2;225;215;234mi[38;2;216;207;226m<[38;2;228;218;238m![38;2;225;215;234mi[38;2;208;199;217m+[38;2;232;222;242ml[38;2;228;218;238m!            [0m
                                              [38;2;233;216;195mii[38;2;255;236;216m:[38;2;226;212;190m>[38;2;245;225;205mI[38;2;255;233;213m:[38;2;245;225;205mI[38;2;255;233;213m:[38;2;255;236;216m:[38;2;255;233;213m:[38;2;230;211;193m>[38;2;120;103;94mU[38;2;168;160;175m([38;2;154;124;114mu[38;2;164;147;135mf[38;2;180;172;188m}[38;2;219;210;229m>[38;2;232;222;242ml[38;2;225;215;234mi[38;2;162;152;164m/  [38;2;43;41;51mo           [0m
                                              [38;2;208;191;175m-[38;2;255;233;213m:[38;2;245;225;205mI[38;2;255;233;213m:::[38;2;255;236;216m:[38;2;255;233;213m:::[38;2;238;205;187m<[38;2;255;233;213m:[38;2;222;203;186m~[38;2;169;164;142m|[38;2;232;222;242ml[38;2;228;218;238m!!![38;2;188;179;196m][38;2;232;222;242ml[38;2;147;135;145mx             [0m
                                              [38;2;212;195;179m_[38;2;255;233;213m:[38;2;245;225;205mI[38;2;255;233;213m::::[38;2;235;198;181m~[38;2;158;114;104mv[38;2;164;139;127mj[38;2;204;146;133m|[38;2;145;117;113mv[38;2;232;222;242ml[38;2;228;218;238m![38;2;216;207;226m<[38;2;228;218;238m! [38;2;147;135;145mx                [0m
                                                [38;2;11;11;20m%[38;2;190;136;124mf[38;2;208;149;136m([38;2;204;146;133m||||[38;2;200;143;130m/[38;2;170;121;110mn[38;2;178;127;116mr[38;2;184;175;192m{[38;2;114;107;116mY [38;2;131;125;138mu                  [0m
                                    [38;2;17;17;30m8[38;2;27;26;48mM[38;2;34;33;60m*[38;2;27;26;48mMMM[38;2;27;26;47mM[38;2;43;41;51mo[38;2;27;26;47mM[38;2;27;26;48mM[38;2;27;26;47mMM[38;2;20;20;36m&[38;2;24;23;42mW[38;2;27;26;47mM[38;2;17;17;30m8[38;2;20;20;36m&&[38;2;24;23;42mW[38;2;27;26;48mMM[38;2;29;26;36mM[38;2;27;26;47mM                     [0m
                                   [38;2;16;15;27m8[38;2;27;26;48mM[38;2;31;30;57m#[38;2;27;26;47mMM[38;2;27;26;48mM[38;2;27;26;47mM[38;2;43;41;51mo[38;2;20;20;36m&[38;2;27;26;47mMMM[38;2;27;26;48mMM[38;2;27;26;47mM[38;2;24;23;42mWW[38;2;27;26;47mMM[38;2;27;26;48mM[38;2;27;26;47mM[38;2;43;41;51mo[38;2;20;20;36m&[38;2;27;26;47mM                     [0m
                           [38;2;222;203;186m~[38;2;255;236;216m:[38;2;245;225;205mI   [38;2;12;11;20m%[38;2;27;26;47mM[38;2;27;26;48mM[38;2;27;26;47mMM[38;2;27;26;48mM[38;2;27;26;47mMMMMMM[38;2;27;26;48mM[38;2;27;26;47mMM[38;2;27;26;48mM[38;2;27;26;47mMMMMM[38;2;27;26;48mMM[38;2;17;17;30m8[38;2;27;26;47mM[38;2;27;26;48mMM[38;2;27;26;47mM[38;2;24;23;42mW                  [0m
                         [38;2;196;180;164m][38;2;255;236;216m:[38;2;255;233;213m::::[38;2;255;236;216m:[38;2;114;82;75mQ[38;2;33;29;39m#[38;2;27;26;47mM[38;2;27;26;48mM[38;2;27;26;47mMM[38;2;27;26;48mM[38;2;27;26;47mMMMMMM[38;2;27;26;48mM[38;2;27;26;47mM[38;2;27;26;48mMM[38;2;27;26;47mM[38;2;24;23;42mW[38;2;8;8;14mB[38;2;27;26;47mMMM[38;2;27;26;48mMM[38;2;27;26;47mMMMMMMMMM[38;2;11;11;20m%             [0m
                        [38;2;255;236;216m:::[38;2;255;233;213m:::[38;2;243;221;202ml[38;2;255;233;213m:[38;2;212;161;147m}[38;2;24;23;42mW[38;2;27;26;47mMM[38;2;17;17;30m8[38;2;27;26;48mM[38;2;27;26;47mMMMMMM[38;2;20;20;36m&[38;2;27;26;48mM[38;2;27;26;47mMMMMM[38;2;17;17;30m8[38;2;20;20;36m&[38;2;27;26;48mM[38;2;17;17;30m88[38;2;27;26;47mMMM[38;2;27;26;48mM[38;2;27;26;47mMM[38;2;27;26;48mM[38;2;27;26;47mMMMMMM           [0m
                        [38;2;204;146;133m|||[38;2;200;143;130m/[38;2;219;170;155m][38;2;200;143;130m//[38;2;170;121;110mn[38;2;27;26;48mM[38;2;31;30;57m#[38;2;27;26;47mMMMM[38;2;20;20;36m&[38;2;27;26;47mMMMMMMM[38;2;20;20;36m&[38;2;27;26;48mM[38;2;27;26;47mMMMMM[38;2;145;123;32mz[38;2;36;34;37m#[38;2;24;23;42mW[38;2;27;26;47mMMMMMM[38;2;20;20;36m&[38;2;27;26;48mM[38;2;27;26;47mMMMMM[38;2;17;17;30m8          [0m
                          [38;2;11;11;20m%[38;2;17;17;30m8[38;2;99;75;71mZ[38;2;43;41;51mo[38;2;17;17;30m8[38;2;34;33;60m*[38;2;27;26;47mM[38;2;12;11;20m%[38;2;27;26;47mMMM[38;2;24;23;42mW[38;2;27;26;48mMMM[38;2;27;26;47mM[38;2;24;23;42mW[38;2;8;8;14mB[38;2;34;33;60m*[38;2;27;26;48mM[38;2;12;11;20m%[38;2;27;26;47mMMM[38;2;24;23;42mW[38;2;27;26;47mMMMM[38;2;16;15;27m8[38;2;34;33;60m*[38;2;27;26;48mM[38;2;20;20;36m&&[38;2;27;26;47mMMMMMMMM[38;2;24;23;42mW[38;2;27;26;48mM          [0m
                         [38;2;27;26;47mMM[38;2;27;26;48mMM[38;2;27;26;47mMMMMMMMMM[38;2;27;26;48mM[38;2;24;23;42mW[38;2;27;26;48mM[38;2;17;17;30m8[38;2;27;26;48mMM[38;2;27;26;47mM[38;2;24;23;42mW[38;2;27;26;47mM[38;2;16;15;27m8[38;2;24;23;42mW[38;2;27;26;48mM[38;2;31;30;57m#[38;2;27;26;47mMMM[38;2;16;15;27m8[38;2;20;20;36m&[38;2;27;26;48mM[38;2;27;26;47mM[38;2;27;26;48mM[38;2;27;26;47mM[38;2;43;41;51mo[38;2;20;20;36m&[38;2;27;26;47mMMMMMM[38;2;25;23;37mW           [0m
                       [38;2;16;15;27m8[38;2;27;26;47mMMMM[38;2;20;20;36m&[38;2;27;26;48mM[38;2;27;26;47mMMM[38;2;8;8;14mB[38;2;24;23;42mW[38;2;27;26;47mMMMMMMM[38;2;20;20;36m&[38;2;27;26;48mM[38;2;27;26;47mMMMMMM[38;2;24;23;42mW[38;2;27;26;47mM[38;2;27;26;48mM[38;2;27;26;47mMM[38;2;27;26;48mMM[38;2;27;26;47mMMMMMMMMM[38;2;27;26;48mM[38;2;24;23;42mW            [0m
                      [38;2;16;15;27m8[38;2;27;26;47mMMMMM[38;2;24;23;42mW[38;2;27;26;48mM[38;2;27;26;47mM[38;2;2;2;4m$ [38;2;27;26;47mM[38;2;27;26;48mM[38;2;27;26;47mM[38;2;36;34;37m#[38;2;24;23;42mWW[38;2;27;26;47mMM[38;2;27;26;48mMMM[38;2;27;26;47mM[38;2;43;41;51mo[38;2;27;26;47mMMMMMMM[38;2;25;23;37mW[38;2;24;23;42mW[38;2;27;26;47mM[38;2;17;17;30m8[38;2;27;26;47mMMMMMMM[38;2;24;23;42mW[38;2;27;26;48mM[38;2;27;26;47mM             [0m
                      [38;2;27;26;48mM[38;2;31;30;57m#[38;2;27;26;47mMMMM[38;2;20;20;36m&[38;2;27;26;47mMMMM[38;2;87;83;87mO[38;2;255;236;216m:[38;2;255;233;213m:::[38;2;196;180;164m][38;2;212;195;179m_[38;2;17;17;30m8[38;2;16;15;27m8[38;2;27;26;48mMM[38;2;27;26;47mM[38;2;27;26;48mM[38;2;27;26;47mMM[38;2;27;26;48mM[38;2;27;26;47mMMMMMM[38;2;27;26;48mM[38;2;27;26;47mM[38;2;27;26;48mM[38;2;27;26;47mM[38;2;24;23;42mW[38;2;27;26;47mMMMMM               [0m
                      [38;2;11;11;20m%[38;2;27;26;48mM[38;2;27;26;47mM[38;2;27;26;48mMM[38;2;27;26;47mMMMMM[38;2;255;236;216m:[38;2;255;233;213m:[38;2;255;236;216m:[38;2;255;233;213m::[38;2;222;203;186m~[38;2;206;150;136m([38;2;208;149;136m([38;2;43;41;51mo[38;2;27;26;47mMMM[38;2;17;17;30m8[38;2;24;23;42mW[38;2;27;26;47mM[38;2;27;26;48mMM[38;2;27;26;47mMMMMMMMMM[38;2;27;26;48mM[38;2;24;23;42mW[38;2;27;26;48mM[38;2;17;17;30m8[38;2;24;23;42mW[38;2;2;2;4m$                [0m
                        [38;2;2;2;4m$[38;2;24;23;42mW[38;2;27;26;47mMM[38;2;24;23;42mW[38;2;27;26;47mMM[38;2;6;6;11m@[38;2;255;233;213m:[38;2;255;236;216m:[38;2;255;233;213m::[38;2;206;158;144m1[38;2;163;117;107mu[38;2;194;139;126mt[38;2;208;149;136m([38;2;24;23;42mW[38;2;27;26;47mMM[38;2;27;26;48mM[38;2;27;26;47mMM[38;2;27;26;48mM[38;2;27;26;47mM[38;2;27;26;48mM[38;2;34;33;60m*[38;2;27;26;47mM[38;2;12;11;20m%[38;2;27;26;47mMMM[38;2;24;23;42mW[38;2;27;26;48mM[38;2;27;26;47mMMM[38;2;24;23;42mW[38;2;17;17;30m8                  [0m
                            [38;2;2;2;4m$[38;2;16;15;27m8[38;2;20;20;36m&[38;2;27;26;48mM[38;2;158;114;104mv[38;2;208;149;136m([38;2;200;143;130m/[38;2;204;146;133m|[38;2;170;121;110mn[38;2;158;114;104mv[38;2;11;11;20m%[38;2;27;26;47mMM[38;2;27;26;48mM[38;2;27;26;47mMM[38;2;27;26;48mM[38;2;27;26;47mMMMMMM[38;2;27;26;48mM[38;2;6;6;11m@[38;2;20;20;36m&[38;2;27;26;48mM[38;2;27;26;47mM[38;2;17;17;30m8[38;2;20;20;36m&[38;2;27;26;48mM[38;2;27;26;47mM[38;2;24;23;42mW                   [0m
                             [38;2;27;26;47mM[38;2;27;26;48mM[38;2;27;26;47mM[38;2;43;41;51mo[38;2;20;20;36m&[38;2;27;26;47mMMMMMM[38;2;25;23;37mW[38;2;24;23;42mW[38;2;27;26;47mM[38;2;27;26;48mM[38;2;27;26;47mMMMMMM[38;2;27;26;48mM[38;2;31;30;57m#[38;2;27;26;47mMMMM[38;2;20;20;36m&[38;2;27;26;47mMMM                    [0m
                            [38;2;8;8;14mB[38;2;27;26;47mMM[38;2;27;26;48mM[38;2;27;26;47mMM[38;2;27;26;48mM[38;2;27;26;47mMMMMMM[38;2;27;26;48mM[38;2;27;26;47mM[38;2;27;26;48mM[38;2;27;26;47mM[38;2;24;23;42mW[38;2;27;26;47mMMMM[38;2;34;33;60m*[38;2;27;26;48mM[38;2;12;11;20m%[38;2;27;26;47mMMM[38;2;24;23;42mW[38;2;27;26;47mMMM                    [0m
                            [38;2;27;26;47mMM[38;2;27;26;48mMM[38;2;27;26;47mM[38;2;43;41;51mo[38;2;27;26;47mMMMMMMM[38;2;25;23;37mW[38;2;24;23;42mW[38;2;27;26;47mM[38;2;17;17;30m8[38;2;27;26;47mMMMMM[38;2;27;26;48mMM[38;2;27;26;47mMM[38;2;27;26;48mMM[38;2;27;26;47mM[38;2;24;23;42mW[38;2;27;26;47mM                     [0m
                           [38;2;27;26;47mM[38;2;27;26;48mM[38;2;27;26;47mM[38;2;43;41;51mo[38;2;20;20;36m&[38;2;27;26;47mMMMMMM[38;2;25;23;37mW[38;2;24;23;42mW[38;2;27;26;47mM[38;2;27;26;48mM[38;2;27;26;47mMMMMMM[38;2;27;26;48mM[38;2;17;17;30m8[38;2;20;20;36m&[38;2;27;26;47mMMMMMMMM                     [0m
                          [38;2;27;26;48mMM[38;2;27;26;47mM[38;2;43;41;51mo[38;2;27;26;47mMMMMMMM[38;2;25;23;37mW[38;2;24;23;42mW[38;2;27;26;47mM[38;2;17;17;30m8[38;2;27;26;47mMMMMM[38;2;27;26;48mMM[38;2;27;26;47mMMM[38;2;27;26;48mMM[38;2;27;26;47mMMMMMM                     [0m
                        [38;2;16;15;27m8[38;2;27;26;48mMM[38;2;27;26;47mM[38;2;27;26;48mMM[38;2;27;26;47mM[38;2;43;41;51mo[38;2;27;26;47mMMMMMMM[38;2;25;23;37mW[38;2;24;23;42mW[38;2;27;26;47mM[38;2;17;17;30m8[38;2;27;26;47mMMMMM[38;2;27;26;48mM[38;2;27;26;47mMMMMMM[38;2;27;26;48mMM[38;2;27;26;47mM[38;2;24;23;42mW                     [0m
                        [38;2;27;26;47mMMMM[38;2;20;20;36m&[38;2;27;26;48mM[38;2;27;26;47mMMMMMM[38;2;24;23;42mW[38;2;27;26;47mM[38;2;27;26;48mM[38;2;27;26;47mMMMMMMMMM[38;2;16;15;27m8[38;2;27;26;47mM[38;2;27;26;48mM[38;2;27;26;47mM[38;2;43;41;51mo[38;2;20;20;36m&[38;2;27;26;47mMMMMM[38;2;27;26;48mM                    [0m
                        [38;2;8;8;14mB[38;2;27;26;47mMM[38;2;27;26;48mM[38;2;27;26;47mMM[38;2;27;26;48mM[38;2;27;26;47mMMMMMM[38;2;27;26;48mM[38;2;27;26;47mM[38;2;27;26;48mM[38;2;27;26;47mM[38;2;24;23;42mW[38;2;27;26;47mMMMMMMMMMMM[38;2;27;26;48mM[38;2;27;26;47mMM[38;2;27;26;48mM[38;2;27;26;47mMM[38;2;8;8;14mB                    [0m
                         [38;2;8;8;14mB[38;2;27;26;47mMM[38;2;27;26;48mM[38;2;27;26;47mM[38;2;27;26;48mM[38;2;20;20;36m&&[38;2;27;26;48mMM[38;2;27;26;47mMMMMMMMM[38;2;27;26;48mM[38;2;27;26;47mMM[38;2;27;26;48mM[38;2;27;26;47mMMMMMM[38;2;27;26;48mM[38;2;27;26;47mM[38;2;27;26;48mM[38;2;27;26;47mM[38;2;24;23;42mW[38;2;27;26;47mMM                    [0m
                        [38;2;20;20;36m&&[38;2;27;26;47mMMMMM[38;2;24;23;42mW[38;2;27;26;47mMMM[38;2;27;26;48mMM[38;2;27;26;47mMMMMM[38;2;8;8;14mB[38;2;27;26;47mM[38;2;20;20;36m&[38;2;27;26;48mM[38;2;17;17;30m8[38;2;20;20;36m&[38;2;11;11;20m%[38;2;27;26;48mMMM[38;2;27;26;47mMMMMMM[38;2;17;17;30m8[38;2;27;26;47mM                    [0m
                       [38;2;20;20;36m&[38;2;27;26;48mM[38;2;27;26;47mMMMMMMMMM[38;2;27;26;48mMM[38;2;27;26;47mM[38;2;43;41;51mo[38;2;27;26;47mMMMMMMM[38;2;25;23;37mW[38;2;24;23;42mW[38;2;27;26;47mM[38;2;20;20;36m&&[38;2;11;11;20m%[38;2;20;20;36m&[38;2;16;15;27m8[38;2;17;17;30m8[38;2;20;20;36m&[38;2;27;26;48mMM[38;2;27;26;47mM                      [0m
                      [38;2;24;23;42mW[38;2;27;26;47mM[38;2;27;26;48mM[38;2;27;26;47mM[38;2;43;41;51mo[38;2;20;20;36m&[38;2;27;26;47mMMMMMM[38;2;25;23;37mW[38;2;24;23;42mW[38;2;27;26;47mM[38;2;27;26;48mM[38;2;27;26;47mMMMMMM[38;2;27;26;48mM[38;2;27;26;47mMMMMM[38;2;24;23;42mW[38;2;27;26;47mMM[38;2;27;26;48mM[38;2;27;26;47mMM[38;2;27;26;48mM[38;2;27;26;47mM                      [0m
                     [38;2;27;26;48mM[38;2;31;30;57m#[38;2;27;26;47mMMMMMM[38;2;27;26;48mM[38;2;27;26;47mMMM[38;2;24;23;42mW[38;2;27;26;47mMMMMMM[38;2;27;26;48mMM[38;2;27;26;47mM[38;2;43;41;51mo[38;2;27;26;47mMMMMMMM[38;2;25;23;37mW[38;2;24;23;42mW[38;2;27;26;47mM[38;2;17;17;30m8[38;2;27;26;47mMMM                      [0m
                    [38;2;27;26;48mMMM[38;2;27;26;47mMMMMMMM[38;2;17;17;30m88[38;2;27;26;48mMM[38;2;27;26;47mM[38;2;27;26;48mMM[38;2;17;17;30m8[38;2;27;26;47mM[38;2;24;23;42mW[38;2;27;26;47mMMMMMM[38;2;27;26;48mMM[38;2;27;26;47mM[38;2;43;41;51mo[38;2;27;26;47mMMMMMMM[38;2;25;23;37mW[38;2;8;7;13m@                     [0m
                   [38;2;27;26;47mMM[38;2;27;26;48mM[38;2;27;26;47mMM[38;2;27;26;48mM[38;2;27;26;47mMMMMMM[38;2;27;26;48mM[38;2;27;26;47mM[38;2;27;26;48mM[38;2;27;26;47mM[38;2;24;23;42mW[38;2;16;15;27m8[38;2;20;20;36m&[38;2;24;23;42mW[38;2;27;26;48mM[38;2;27;26;47mMMMMMMMMM[38;2;27;26;48mMM[38;2;27;26;47mMMMMMMM[38;2;6;6;11m@                     [0m
                  [38;2;27;26;48mM[38;2;31;30;57m#[38;2;27;26;47mMMMM[38;2;20;20;36m&[38;2;27;26;47mMMMMMMMMM[38;2;16;15;27m8[38;2;27;26;48mMM[38;2;16;15;27m8[38;2;27;26;48mMM[38;2;27;26;47mM[38;2;27;26;48mMMM[38;2;27;26;47mMMMMMM[38;2;17;17;30m8[38;2;27;26;47mMM[38;2;27;26;48mMM[38;2;27;26;47mM[38;2;24;23;42mW[38;2;27;26;47mMM                     [0m
                [38;2;2;2;4m$[38;2;20;20;36m&[38;2;24;23;42mW[38;2;27;26;48mM[38;2;27;26;47mMMMMMMMMMM[38;2;27;26;48mM[38;2;27;26;47mM[38;2;24;23;42mWW[38;2;16;15;27m8[38;2;17;17;30m8[38;2;31;30;57m#[38;2;27;26;47mM[38;2;2;2;4m$[38;2;20;20;36m&[38;2;27;26;48mM[38;2;27;26;47mMMM[38;2;11;11;20m%[38;2;20;20;36m&[38;2;27;26;48mM[38;2;27;26;47mM[38;2;27;26;48mM[38;2;27;26;47mM[38;2;43;41;51mo[38;2;20;20;36m&[38;2;27;26;47mMMMMMM[38;2;25;23;37mW                     [0m
                [38;2;27;26;47mMM[38;2;27;26;48mMM[38;2;27;26;47mM[38;2;43;41;51mo[38;2;27;26;47mMMMMMMM[38;2;25;23;37mW[38;2;24;23;42mW[38;2;27;26;47mM[38;2;17;17;30m8[38;2;27;26;47mMMM[38;2;16;15;27m8   [38;2;2;2;4m$[38;2;27;26;48mMM[38;2;27;26;47mMMMM[38;2;20;20;36m&[38;2;27;26;47mMMMMMMMMMMM[38;2;6;6;11m@                    [0m
              [38;2;6;6;11m@[38;2;27;26;48mMM[38;2;27;26;47mMMMM[38;2;20;20;36m&[38;2;27;26;47mMMMMMMMMMMMMM       MM[38;2;27;26;48mM[38;2;27;26;47mM[38;2;43;41;51mo[38;2;20;20;36m&[38;2;27;26;47mMMMMMM[38;2;25;23;37mW[38;2;24;23;42mW[38;2;27;26;47mM[38;2;27;26;48mM[38;2;27;26;47mMM                    [0m
              [38;2;27;26;48mMM[38;2;27;26;47mMMMMMMM[38;2;17;17;30m8[38;2;20;20;36m&[38;2;27;26;47mMMM[38;2;27;26;48mM[38;2;27;26;47mM[38;2;24;23;42mWW[38;2;27;26;47mMM         [38;2;17;17;30m8[38;2;27;26;47mMMMM[38;2;27;26;48mM[38;2;27;26;47mM[38;2;43;41;51mo[38;2;20;20;36m&[38;2;27;26;47mMMMMMM[38;2;25;23;37mW[38;2;24;23;42mW                    [0m
            [38;2;6;6;11m@[38;2;27;26;48mMM[38;2;27;26;47mMMMMMMMMM[38;2;27;26;48mM[38;2;24;23;42mW[38;2;27;26;48mM[38;2;17;17;30m8[38;2;24;23;42mW[38;2;27;26;47mMMM           [38;2;2;2;4m$[38;2;20;20;36m&[38;2;27;26;47mMMMM[38;2;27;26;48mMM[38;2;27;26;47mMMMMMMMMM                    [0m
           [38;2;11;11;20m%[38;2;27;26;47mMMMMMMM[38;2;27;26;48mM[38;2;27;26;47mMM[38;2;27;26;48mM[38;2;27;26;47mMMMMMM[38;2;27;26;48mM[38;2;6;6;11m@             [38;2;24;23;42mW[38;2;27;26;48mMM[38;2;27;26;47mMMMMMMMMM[38;2;27;26;48mM[38;2;24;23;42mW[38;2;27;26;48mM[38;2;17;17;30m8                    [0m
          [38;2;17;17;30m8[38;2;27;26;48mMM[38;2;27;26;47mMMMMMMMMM[38;2;27;26;48mM[38;2;24;23;42mW[38;2;27;26;48mM[38;2;17;17;30m8[38;2;24;23;42mW[38;2;27;26;47mMM                [38;2;20;20;36m&[38;2;27;26;47mMM[38;2;27;26;48mMM[38;2;27;26;47mM[38;2;43;41;51mo[38;2;27;26;47mMMMMMMM[38;2;25;23;37mW                    [0m
          [38;2;11;11;20m%[38;2;34;33;60m*[38;2;27;26;47mM[38;2;12;11;20m%[38;2;27;26;47mMMM[38;2;24;23;42mW[38;2;27;26;48mM[38;2;27;26;47mMMM[38;2;24;23;42mW[38;2;27;26;47mMMMM[38;2;8;7;13m@                 [38;2;11;11;20m%[38;2;27;26;48mMM[38;2;27;26;47mMMMMMMM[38;2;17;17;30m8[38;2;20;20;36m&[38;2;27;26;47mMMM[38;2;8;8;14mB                   [0m
          [38;2;16;15;27m8[38;2;27;26;48mMM[38;2;27;26;47mMMM[38;2;27;26;48mMM[38;2;27;26;47mM[38;2;43;41;51mo[38;2;27;26;47mMMMMM[38;2;11;11;20m%                    [38;2;20;20;36m&[38;2;27;26;48mMM[38;2;27;26;47mMMMMMMMMMM[38;2;24;23;42mW[38;2;11;11;20m%                   [0m
          [38;2;25;22;35mW[38;2;27;26;47mMMM[38;2;27;26;48mMM[38;2;27;26;47mM[38;2;43;41;51mo[38;2;27;26;47mMMMMM[38;2;2;2;4m$                      [38;2;27;26;48mM[38;2;20;20;36m&[38;2;27;26;48mM[38;2;27;26;47mMMMMMMMMMMM[38;2;16;15;27m8                   [0m
          [38;2;11;11;20m%[38;2;27;26;47mMM[38;2;27;26;48mM[38;2;27;26;47mMM[38;2;27;26;48mM[38;2;27;26;47mMMMM[38;2;16;15;27m8                        [38;2;24;23;42mW[38;2;27;26;47mMM[38;2;27;26;48mM[38;2;27;26;47mMM[38;2;27;26;48mM[38;2;27;26;47mMMMMMM[38;2;27;26;48mM[38;2;6;6;11m@                   [0m
          [38;2;24;23;42mW[38;2;27;26;47mMMMMMMMMMMM                        [38;2;24;23;42mW[38;2;27;26;47mMM[38;2;27;26;48mM[38;2;27;26;47mMMMM[38;2;27;26;48mMM[38;2;27;26;47mM[38;2;24;23;42mW[38;2;17;17;30m8[38;2;27;26;48mM[38;2;17;17;30m8                   [0m
          [38;2;27;26;47mMMMM[38;2;20;20;36m&[38;2;27;26;48mM[38;2;27;26;47mMMMMMM                         [38;2;24;23;42mW[38;2;27;26;48mMM[38;2;27;26;47mM[38;2;43;41;51mo[38;2;27;26;47mMMMMMMM[38;2;25;23;37mW[38;2;24;23;42mW[38;2;8;8;14mB                  [0m
          [38;2;27;26;47mMMMM[38;2;20;20;36m&[38;2;27;26;48mM[38;2;27;26;47mMMMMMM[38;2;2;2;4m$                        [38;2;6;6;11m@[38;2;27;26;47mMMMM[38;2;20;20;36m&[38;2;27;26;48mM[38;2;27;26;47mMMMMMM[38;2;24;23;42mW[38;2;27;26;47mM                  [0m
          [38;2;27;26;47mM[38;2;27;26;48mMM[38;2;27;26;47mMMMMMMMMM[38;2;2;2;4m$                         [38;2;27;26;47mMM[38;2;27;26;48mMM[38;2;27;26;47mM[38;2;43;41;51mo[38;2;27;26;47mMMMMMMM[38;2;25;23;37mW                  [0m
          [38;2;24;23;42mW[38;2;27;26;47mMM[38;2;27;26;48mM[38;2;27;26;47mMM[38;2;27;26;48mM[38;2;27;26;47mMMMMM[38;2;11;11;20m%                         [38;2;8;8;14mB[38;2;27;26;47mMMM[38;2;27;26;48mMM[38;2;27;26;47mM[38;2;43;41;51mo[38;2;27;26;47mMMMMMM                  [0m
          [38;2;27;26;48mM[38;2;31;30;57m#[38;2;27;26;47mMMMM[38;2;20;20;36m&[38;2;27;26;47mMMMMM[38;2;2;2;4m$                          [38;2;27;26;47mMMM[38;2;27;26;48mMM[38;2;27;26;47mM[38;2;43;41;51mo[38;2;27;26;47mMMMMMM[38;2;2;2;4m$                 [0m
