                                                                                [0m
                                                                                [0m
                                                                                [0m
                                                                                [0m
                                                                                [0m
                                                                                [0m
                                                                                [0m
                                                                                [0m
                                                                                [0m
                                                                                [0m
                                                                                [0m
                                                                                [0m
                                                   [38;2;104;99;108mJ[38;2;232;222;242mll[38;2;172;164;179m) [38;2;131;125;138mu[38;2;180;172;187m}                      [0m
                                            [38;2;199;190;208m-[38;2;232;222;242mllll[38;2;228;218;238m!!!!!![38;2;232;222;242mll[38;2;228;218;238m![38;2;208;199;217m+[38;2;2;2;4m$                    [0m
                                              [38;2;204;195;212m_[38;2;224;215;234mi[38;2;232;222;242ml[38;2;228;218;238m!!![38;2;211;202;221m~[38;2;220;210;229m>[38;2;228;218;238m![38;2;232;222;242ml[38;2;228;218;238m!!!!![38;2;199;190;208m-[38;2;228;218;238m![38;2;211;202;221m~                [0m
                                             [38;2;204;195;212m_[38;2;220;210;229m>>[38;2;228;218;238m!![38;2;184;175;192m{[38;2;232;222;242ml[38;2;194;139;126mt[38;2;224;215;234mi[38;2;228;218;238m!!![38;2;232;222;242ml[38;2;228;218;238m!!!![38;2;224;215;234mi[38;2;228;218;238m![38;2;114;107;116mY [38;2;43;41;51mo             [0m
                                         [38;2;75;69;66mw[38;2;208;199;217m+[38;2;232;222;242mll[38;2;228;218;238m![38;2;156;149;162mt[38;2;24;23;42mW[38;2;232;222;242ml[38;2;177;126;115mx[38;2;199;190;208m-[38;2;38;37;67moo[38;2;208;199;217m+[38;2;170;121;110mn[38;2;216;207;226m<[38;2;228;218;238m![38;2;180;172;187m}[38;2;228;218;238m![38;2;232;222;242ml[38;2;228;218;238m!!!![38;2;131;125;138mu[38;2;232;222;242ml              [0m
                                           [38;2;104;99;108mJ[38;2;139;131;141mn[38;2;208;199;217m+[38;2;36;34;37m#[38;2;224;181;165m?[38;2;134;119;120mc[38;2;255;236;216m:[38;2;2;2;4m$[38;2;27;26;47mMM[38;2;38;37;67mo[38;2;131;125;138mu[38;2;255;236;216m:[38;2;36;34;37m#[38;2;224;215;234mi[38;2;228;218;238m!!!!!![38;2;104;99;108mJ               [0m
                                           [38;2;123;117;129mc [38;2;164;157;171m|[38;2;254;242;214m,[38;2;235;198;181m~[38;2;255;236;216m:[38;2;255;233;213m::[38;2;247;227;208mI[38;2;255;236;216m:[38;2;255;233;213m:[38;2;142;138;119mx[38;2;164;157;171m||[38;2;228;218;238m!![38;2;232;222;242mll[38;2;228;218;238m![38;2;232;222;242ml[38;2;228;218;238m![38;2;208;199;217m+[38;2;228;218;238m!              [0m
                                              [38;2;255;233;213m:[38;2;247;227;208mI[38;2;255;236;216m:[38;2;255;233;213m:[38;2;236;228;198ml[38;2;255;236;216m:[38;2;247;227;208mI[38;2;255;233;213m:[38;2;230;211;193m>[38;2;233;216;195mi[38;2;251;229;210m;[38;2;255;236;216m:[38;2;156;149;162mt[38;2;177;126;115mx[38;2;120;103;94mU[38;2;204;195;212m_[38;2;232;222;242mll  [38;2;36;34;37m#             [0m
                                              [38;2;255;233;213m:::[38;2;255;236;216m:[38;2;255;233;213m:[38;2;255;236;216m:[38;2;255;233;213m:::[38;2;255;236;216m:[38;2;229;190;173m_[38;2;226;206;189m<[38;2;167;154;140m/[38;2;184;175;192m{[38;2;228;218;238m!![38;2;114;107;116mY[38;2;204;195;212m_[38;2;220;210;229m>               [0m
                                              [38;2;251;229;210m;[38;2;255;236;216m:[38;2;255;233;213m:::[38;2;255;236;216m:[38;2;255;233;213m:[38;2;255;236;216m:[38;2;158;114;104mv[38;2;206;150;137m([38;2;190;136;124mf[38;2;224;215;234mi[38;2;164;157;171m|[38;2;232;222;242ml[38;2;147;135;145mx[38;2;228;218;238m!                  [0m
                                                [38;2;204;146;133m||||||||[38;2;75;69;66mw[38;2;184;175;192m{ [38;2;164;157;171m|  [38;2;12;11;20m%                 [0m
                                               [38;2;33;31;56m#[38;2;114;82;75mQ[38;2;204;146;133m||||||[38;2;178;127;116mr[38;2;99;75;71mZ[38;2;16;15;27m8                      [0m
                                            [38;2;16;15;27m8[38;2;25;22;36mW[38;2;17;17;30m8[38;2;27;26;48mM[38;2;27;26;47mM[38;2;24;23;42mW[38;2;27;26;47mMM[38;2;24;23;42mW[38;2;27;26;47mM[38;2;33;31;56m#[38;2;24;23;42mW[38;2;27;26;47mMM                      [0m
                                     [38;2;16;15;27m8[38;2;27;26;47mMM[38;2;33;31;56m#[38;2;24;23;42mW[38;2;27;26;47mMMMM[38;2;33;31;56m##[38;2;27;26;48mM[38;2;27;26;47mMMMMM[38;2;33;31;56m#[38;2;24;23;42mW[38;2;27;26;47mMMMM                    [0m
                                   [38;2;27;26;47mMMM[38;2;33;31;56m#[38;2;24;23;42mW[38;2;27;26;47mMMMMMMMM[38;2;33;31;56m#[38;2;16;15;27m88[38;2;27;26;47mM[38;2;29;26;36mM[38;2;27;26;48mM[38;2;27;26;47mM[38;2;33;31;56m#[38;2;25;22;36mW[38;2;27;26;48mM[38;2;27;26;47mMMMM[38;2;17;17;30m8[38;2;27;26;47mMMM[38;2;16;15;27m8             [0m
                                 [38;2;8;8;14mB[38;2;27;26;47mMMMMM[38;2;25;22;36mW[38;2;27;26;47mMMMMM[38;2;17;17;30m8[38;2;27;26;47mMMMMMM[38;2;16;15;27m8[38;2;27;26;47mMMMMM[38;2;33;31;56m#[38;2;24;23;42mW[38;2;27;26;47mMMMMMMMMM           [0m
                                [38;2;24;23;42mW[38;2;27;26;47mMM[38;2;25;22;36mW[38;2;106;100;91mC[38;2;2;2;4m$$[38;2;27;26;48mM[38;2;11;11;20m%[38;2;16;15;27m8[38;2;27;26;47mM[38;2;27;26;48mMM[38;2;27;26;47mMMM[38;2;33;31;56m##[38;2;27;26;48mM[38;2;27;26;47mM[38;2;194;165;41m|[38;2;25;22;36mW[38;2;33;31;56m#[38;2;25;22;36mW[38;2;40;38;55mo[38;2;29;26;36mM[38;2;27;26;47mMMMMM[38;2;27;26;48mM[38;2;17;17;30m8[38;2;27;26;47mMM[38;2;33;31;56m#[38;2;25;22;36mW[38;2;27;26;48mM          [0m
                               [38;2;27;26;47mMM[38;2;25;22;36mW[38;2;255;236;216m:[38;2;255;233;213m:[38;2;255;236;216m:[38;2;255;233;213m:[38;2;204;187;171m?[38;2;218;200;183m+[38;2;178;162;148m([38;2;196;180;164m][38;2;40;38;55mo[38;2;27;26;47mMM[38;2;25;22;36mW[38;2;27;26;47mMMMMM[38;2;17;17;30m8[38;2;27;26;47mMM[38;2;16;15;27m8[38;2;27;26;47mMMM[38;2;16;15;27m8[38;2;24;23;42mW[38;2;27;26;47mMM[38;2;33;31;56m#[38;2;24;23;42mW[38;2;27;26;47mMMMMMM          [0m
                             [38;2;2;2;4m$[38;2;27;26;48mM[38;2;27;26;47mM[38;2;6;6;10m@[38;2;255;233;213m::[38;2;255;236;216m:[38;2;255;233;213m:[38;2;255;236;216m:[38;2;255;233;213m:[38;2;185;169;154m1[38;2;190;136;124mf[38;2;33;29;39m#[38;2;33;31;56m##[38;2;27;26;48mM[38;2;27;26;47mMMMMMMMMM[38;2;25;22;36mW[38;2;24;23;42mW[38;2;27;26;47mMMM[38;2;33;31;56m#[38;2;25;22;36mW[38;2;27;26;48mM[38;2;27;26;47mMMMM[38;2;17;17;30m8[38;2;27;26;47mMM           [0m
                            [38;2;24;23;42mW[38;2;27;26;47mMM[38;2;25;22;36mW[38;2;200;143;131m/[38;2;212;161;147m}[38;2;238;205;187m<[38;2;229;190;173m_[38;2;200;143;131m/[38;2;208;149;136m([38;2;158;114;104mv[38;2;194;139;126mt[38;2;33;31;56m#[38;2;40;38;55mo[38;2;33;31;56m##[38;2;27;26;48mM[38;2;27;26;47mMMMMMMMM[38;2;16;15;27m8[38;2;27;26;47mMMM[38;2;25;22;36mW[38;2;27;26;47mMMMMM[38;2;17;17;30m8[38;2;27;26;47mMMMM            [0m
                          [38;2;24;23;42mW[38;2;27;26;47mMM[38;2;25;22;36mW[38;2;27;26;47mMM[38;2;75;69;66mw[38;2;204;146;133m|||[38;2;17;17;30m8[38;2;16;15;27m8[38;2;24;23;42mW[38;2;27;26;48mM[38;2;27;26;47mMMMM[38;2;24;23;42mW[38;2;27;26;47mMMMMMMM[38;2;25;22;36mW[38;2;24;23;42mW[38;2;33;31;56m##[38;2;27;26;48mM[38;2;27;26;47mMMMMMMMMM[38;2;2;2;4m$             [0m
                       [38;2;185;169;154m1[38;2;255;236;216m:[38;2;255;233;213m:::::[38;2;230;211;193m>[38;2;25;22;36mW[38;2;27;26;47mMMMMM[38;2;27;26;48mMMM[38;2;27;26;47mMMMMM[38;2;27;26;48mM[38;2;27;26;47mM[38;2;25;22;36mW[38;2;27;26;47mMMMMM[38;2;17;17;30m8[38;2;27;26;47mMMMMMMMM[38;2;33;31;56m#[38;2;24;23;42mW[38;2;27;26;47mM               [0m
                      [38;2;255;236;216m::[38;2;247;227;208mI[38;2;255;233;213m::[38;2;247;227;208mI[38;2;255;233;213m::[38;2;151;136;134mr[38;2;38;37;67mo[38;2;27;26;47mMMM[38;2;25;22;36mW[38;2;27;26;47mMMMMM[38;2;17;17;30m8[38;2;27;26;47mMMMMMMMMMM[38;2;33;31;56m#[38;2;24;23;42mW[38;2;27;26;47mMMMMMMMMMM                [0m
                      [38;2;224;181;165m?[38;2;251;229;210m;[38;2;255;236;216m:[38;2;255;233;213m:[38;2;224;181;165m?[38;2;204;146;133m|||[38;2;16;15;27m8[38;2;33;31;56m#[38;2;25;22;36mW[38;2;27;26;48mM[38;2;27;26;47mMMMM[38;2;17;17;30m8[38;2;27;26;47mMMMM[38;2;17;17;30m8[38;2;27;26;47mM[38;2;25;22;36mW[38;2;27;26;47mMMMMMM[38;2;24;23;42mW[38;2;27;26;47mMMMMMMMMMM                 [0m
                      [38;2;204;146;133m||||||[38;2;27;26;48mM[38;2;27;26;47mM[38;2;24;23;42mW[38;2;27;26;47mMMMM[38;2;27;26;48mMMM[38;2;27;26;47mMMMMM[38;2;27;26;48mM[38;2;27;26;47mMM[38;2;33;31;56m#[38;2;24;23;42mW[38;2;27;26;47mMMMMMMMMMM[38;2;24;23;42mW[38;2;27;26;47mMMM                  [0m
                               [38;2;24;23;42mW[38;2;27;26;47mMMM[38;2;25;22;36mW[38;2;27;26;47mMMMMM[38;2;17;17;30m8[38;2;27;26;47mMMMMMMM[38;2;16;15;27m8[38;2;17;17;30m8[38;2;25;22;36mWWW[38;2;27;26;47mMMMMMM                    [0m
                              [38;2;27;26;48mM[38;2;27;26;47mM[38;2;33;31;56m#[38;2;24;23;42mW[38;2;27;26;47mMMMMMMMMMM[38;2;24;23;42mW[38;2;27;26;47mMMMMMMMM[38;2;27;26;48mM[38;2;27;26;47mMM[38;2;24;23;42mW[38;2;27;26;47mM[38;2;17;17;30m8                     [0m
                            [38;2;16;15;27m8[38;2;27;26;47mM[38;2;33;31;56m##[38;2;27;26;48mM[38;2;27;26;47mMMMMMMMMM[38;2;17;17;30m8[38;2;24;23;42mW[38;2;25;22;36mW[38;2;27;26;47mMMMMMMMMMM[38;2;33;31;56m#[38;2;25;22;36mW[38;2;27;26;48mM                      [0m
                          [38;2;11;11;20m%[38;2;24;23;42mW[38;2;27;26;47mM[38;2;33;31;56m#[38;2;25;22;36mW[38;2;27;26;48mM[38;2;27;26;47mMMMM[38;2;17;17;30m8[38;2;27;26;47mMMMM[38;2;17;17;30m8[38;2;27;26;47mM[38;2;25;22;36mW[38;2;27;26;47mMMMMMM[38;2;17;17;30m8[38;2;27;26;47mMMMMM[38;2;24;23;42mW[38;2;27;26;47mM                      [0m
                         [38;2;27;26;47mM[38;2;33;31;56m#[38;2;24;23;42mW[38;2;27;26;47mMMMMMMMMMM[38;2;24;23;42mW[38;2;27;26;47mMMMMMMMM[38;2;27;26;48mM[38;2;27;26;47mMMMMM[38;2;25;22;36mW[38;2;27;26;47mMMMM                      [0m
                        [38;2;11;11;20m%[38;2;27;26;48mM[38;2;33;31;56m##[38;2;27;26;48mM[38;2;27;26;47mMMMMMMMMM[38;2;17;17;30m8[38;2;24;23;42mW[38;2;25;22;36mW[38;2;27;26;47mMMMMMMMMMMMMM[38;2;33;31;56m#[38;2;24;23;42mW[38;2;27;26;47mM[38;2;17;17;30m8                      [0m
                         [38;2;27;26;47mMMM[38;2;16;15;27m8[38;2;24;23;42mW[38;2;25;22;36mW[38;2;27;26;47mMMM[38;2;29;26;36mM[38;2;27;26;48mM[38;2;27;26;47mMMM[38;2;27;26;48mM[38;2;27;26;47mMMMMMMMMMM[38;2;24;23;42mW[38;2;27;26;47mMMMMM[38;2;24;23;42mW                       [0m
                        [38;2;27;26;47mM[38;2;33;31;56m#[38;2;25;22;36mW[38;2;27;26;48mM[38;2;27;26;47mMMMM[38;2;17;17;30m8[38;2;27;26;47mMMMM[38;2;17;17;30m8[38;2;27;26;47mM[38;2;25;22;36mW[38;2;27;26;47mMM[38;2;17;17;30m8[38;2;25;22;36mWWW[38;2;24;23;42mW[38;2;27;26;47mM[38;2;29;26;36mM[38;2;27;26;48mM[38;2;27;26;47mMMM[38;2;27;26;48mM[38;2;27;26;47mMMM                       [0m
                      [38;2;24;23;42mW[38;2;27;26;47mMMMM[38;2;27;26;48mM[38;2;27;26;47mMM[38;2;33;31;56m#[38;2;24;23;42mW[38;2;27;26;47mMMMMMMMMMM[38;2;16;15;27m8[38;2;25;22;36mWW[38;2;16;15;27m8[38;2;25;22;36mW[38;2;16;15;27m88[38;2;27;26;48mM[38;2;27;26;47mM[38;2;27;26;48mM[38;2;25;22;36mW[38;2;17;17;30m8[38;2;27;26;47mMMM                       [0m
                     [38;2;24;23;42mW[38;2;27;26;47mMM[38;2;24;23;42mW[38;2;27;26;47mMMMMMMMMM[38;2;27;26;48mM[38;2;33;31;56m#[38;2;25;22;36mW[38;2;27;26;48mM[38;2;27;26;47mMMMM[38;2;17;17;30m8[38;2;27;26;47mMMMM[38;2;17;17;30m8[38;2;27;26;47mM[38;2;25;22;36mW[38;2;27;26;47mMMMMM[38;2;16;15;27m8                        [0m
                    [38;2;27;26;48mM[38;2;33;31;56m#[38;2;25;22;36mW[38;2;27;26;48mM[38;2;27;26;47mMMMM[38;2;17;17;30m8[38;2;27;26;47mMMMM[38;2;17;17;30m8[38;2;27;26;47mM[38;2;25;22;36mW[38;2;27;26;47mMMMMMM[38;2;17;17;30m8[38;2;27;26;47mMMMMMMMMM[38;2;24;23;42mW[38;2;27;26;47mMM[38;2;17;17;30m8                        [0m
                  [38;2;17;17;30m8[38;2;27;26;48mM[38;2;27;26;47mM[38;2;27;26;48mM[38;2;27;26;47mMMMMMM[38;2;33;31;56m#[38;2;24;23;42mW[38;2;27;26;47mMMM[38;2;8;8;14mB[38;2;27;26;47mMMMM[38;2;27;26;48mM[38;2;27;26;47mMM[38;2;33;31;56m#[38;2;25;22;36mW[38;2;27;26;48mM[38;2;27;26;47mMMMM[38;2;17;17;30m8[38;2;27;26;47mMMMM[38;2;17;17;30m8[38;2;27;26;47mM[38;2;25;22;36mW                        [0m
                  [38;2;27;26;47mMM[38;2;24;23;42mW[38;2;27;26;47mMMMMMMM[38;2;25;22;36mW[38;2;24;23;42mW[38;2;8;8;14mB[38;2;27;26;47mM[38;2;24;23;42mW[38;2;25;22;36mW[38;2;27;26;48mM[38;2;33;31;56m#[38;2;25;22;36mW[38;2;27;26;48mM[38;2;27;26;47mMMMM[38;2;17;17;30m8[38;2;27;26;47mMMMM[38;2;17;17;30m8[38;2;27;26;47mM[38;2;25;22;36mW[38;2;27;26;47mMMMMMM                        [0m
                [38;2;2;2;4m$[38;2;27;26;48mM[38;2;27;26;47mMMM[38;2;25;22;36mW[38;2;27;26;47mMMMMM[38;2;17;17;30m8[38;2;27;26;47mMMMMMMMMMMMMM[38;2;17;17;30m8[38;2;27;26;47mMMMMMMMMM[38;2;33;31;56m#[38;2;25;22;36mW[38;2;27;26;48mM[38;2;27;26;47mMM  [38;2;2;2;4m$                     [0m
                [38;2;27;26;47mMMMMMMM[38;2;27;26;48mM[38;2;27;26;47mMM[38;2;25;22;36mW[38;2;27;26;47mM[38;2;33;31;56m#[38;2;24;23;42mW[38;2;27;26;47mM[38;2;17;17;30m8[38;2;27;26;47mM[38;2;17;17;30m8[38;2;27;26;47mMM[38;2;33;31;56m#[38;2;24;23;42mW[38;2;27;26;47mMMMMMMMMMM[38;2;24;23;42mW[38;2;27;26;47mMMMMMMM[38;2;8;8;14mB[38;2;2;2;4m$                      [0m
               [38;2;33;29;39m#[38;2;27;26;47mM[38;2;25;22;36mW[38;2;27;26;47mMMMMM[38;2;17;17;30m8[38;2;27;26;47mMMMMMMMM[38;2;25;22;36mW[38;2;24;23;42mW[38;2;27;26;47mMMMMMM[38;2;33;31;56m##[38;2;27;26;48mM[38;2;27;26;47mMMMMMMMMM[38;2;17;17;30m8[38;2;24;23;42mW[38;2;25;22;36mW[38;2;27;26;47mM[38;2;2;2;4m$$                      [0m
              [38;2;16;15;27m8[38;2;27;26;48mM[38;2;27;26;47mMM[38;2;33;31;56m##[38;2;27;26;48mM[38;2;27;26;47mMMMMMMM[38;2;36;34;37m#[38;2;27;26;47mMMM[38;2;27;26;48mM[38;2;27;26;47mM [38;2;25;22;36mW[38;2;27;26;47mMM[38;2;24;23;42mW[38;2;27;26;47mMMMMM[38;2;33;31;56m##[38;2;27;26;48mM[38;2;27;26;47mMMMMMMMMM[38;2;17;17;30m8                       [0m
              [38;2;27;26;48mM[38;2;40;38;55mo[38;2;27;26;48mM[38;2;27;26;47mMMMMM[38;2;27;26;48mM[38;2;27;26;47mMMM[38;2;25;22;36mW[38;2;27;26;47mMMM[38;2;33;31;56m##[38;2;27;26;48mM[38;2;27;26;47mM [38;2;2;2;4m$[38;2;27;26;48mM[38;2;27;26;47mMMM[38;2;33;31;56m##[38;2;27;26;48mM[38;2;27;26;47mMMMMMMMMM[38;2;17;17;30m8[38;2;24;23;42mW[38;2;25;22;36mW[38;2;27;26;47mM[38;2;2;2;4m$                       [0m
             [38;2;8;8;14mB[38;2;33;31;56m##[38;2;27;26;48mM[38;2;27;26;47mMMMMMMMMM[38;2;17;17;30m8[38;2;24;23;42mW[38;2;25;22;36mW[38;2;27;26;47mMMMM[38;2;2;2;4m$  [38;2;16;15;27m8[38;2;27;26;48mM[38;2;27;26;47mMMMMM[38;2;25;22;36mW[38;2;27;26;47mMMMMM[38;2;17;17;30m8[38;2;27;26;47mMMMMMMM                       [0m
            [38;2;8;8;14mB[38;2;36;34;37m#[38;2;27;26;47mMMM[38;2;27;26;48mM[38;2;27;26;47mMMM[38;2;25;22;36mW[38;2;27;26;47mMMMMM[38;2;17;17;30m8[38;2;27;26;47mMMMM     [38;2;16;15;27m8[38;2;27;26;47mMMMMM[38;2;33;31;56m#[38;2;25;22;36mW[38;2;27;26;48mM[38;2;27;26;47mMMMM[38;2;17;17;30m8[38;2;27;26;47mMMMM[38;2;17;17;30m88                       [0m
            [38;2;27;26;47mMM[38;2;24;23;42mW[38;2;27;26;47mMMMMMMMMMMMMMMMM[38;2;17;17;30m8      [38;2;27;26;47mMMMMMMMMMMMMM[38;2;25;22;36mW[38;2;27;26;47mMMMMM                       [0m
           [38;2;17;17;30m8[38;2;33;31;56m##[38;2;27;26;48mM[38;2;27;26;47mMMMMMMMMM[38;2;17;17;30m8[38;2;24;23;42mW[38;2;25;22;36mW[38;2;27;26;47mMMM         M[38;2;33;31;56m#[38;2;24;23;42mW[38;2;27;26;47mMMMMMMMMMM[38;2;24;23;42mW[38;2;27;26;47mMMMM[38;2;17;17;30m8                      [0m
          [38;2;2;2;4m$[38;2;27;26;47mMMMMM[38;2;24;23;42mW[38;2;27;26;47mMMMM[38;2;25;22;36mW[38;2;27;26;47mMMMM[38;2;24;23;42mW[38;2;27;26;47mM[38;2;17;17;30m8[38;2;2;2;4m$          [38;2;27;26;48mM[38;2;27;26;47mMMMMMMMMM[38;2;24;23;42mW[38;2;27;26;47mMMMMMMM                      [0m
          [38;2;24;23;42mW[38;2;27;26;47mMMMM[38;2;27;26;48mM[38;2;27;26;47mMMMM[38;2;33;31;56m#[38;2;24;23;42mW[38;2;27;26;47mMMMMMM            [38;2;2;2;4m$[38;2;27;26;47mMM[38;2;25;22;36mW[38;2;27;26;47mMMMMM[38;2;17;17;30m8[38;2;27;26;47mMMMMMMMM                      [0m
          [38;2;27;26;48mM[38;2;27;26;47mM[38;2;33;31;56m#[38;2;24;23;42mW[38;2;27;26;47mMMM[38;2;8;8;14mB[38;2;36;34;37m#[38;2;27;26;47mMMM[38;2;27;26;48mM[38;2;27;26;47mMMM[38;2;11;11;20m%               [38;2;27;26;48mM[38;2;27;26;47mMMMMM[38;2;24;23;42mW[38;2;27;26;47mMMMMMMMMM                      [0m
          [38;2;27;26;47mMMM[38;2;25;22;36mW[38;2;27;26;47mMMMMM[38;2;17;17;30m8[38;2;27;26;47mMMMMM                  [38;2;24;23;42mW[38;2;27;26;47mM[38;2;33;31;56m#[38;2;25;22;36mW[38;2;27;26;48mM[38;2;27;26;47mMMMM[38;2;17;17;30m8[38;2;27;26;47mMMMM[38;2;24;23;42mW                      [0m
          [38;2;33;31;56m##[38;2;27;26;48mM[38;2;27;26;47mMMMMMMMMM[38;2;2;2;4m$                     [38;2;27;26;48mM[38;2;40;38;55mo[38;2;27;26;48mM[38;2;27;26;47mMMMMM[38;2;27;26;48mM[38;2;27;26;47mMMM[38;2;25;22;36mW[38;2;27;26;47mMM                     [0m
         [38;2;11;11;20m%[38;2;27;26;47mM[38;2;27;26;48mMM[38;2;27;26;47mMMM[38;2;27;26;48mM[38;2;27;26;47mMMMMM[38;2;2;2;4m$                      [38;2;24;23;42mW[38;2;27;26;47mMM[38;2;24;23;42mW[38;2;27;26;47mMMMMMMMMMM[38;2;8;8;14mB                    [0m
         [38;2;6;6;10m@[38;2;27;26;47mMM[38;2;24;23;42mW[38;2;27;26;47mMMMMMMMMM[38;2;2;2;4m$                       [38;2;27;26;47mMM[38;2;33;31;56m#[38;2;24;23;42mW[38;2;27;26;47mMMMMMMMMMM                    [0m
         [38;2;25;22;36mW[38;2;40;38;55mo[38;2;29;26;36mM[38;2;27;26;47mMMMMMMMMMMM                       [38;2;25;22;36mW[38;2;24;23;42mW[38;2;27;26;47mM[38;2;17;17;30m8[38;2;27;26;47mM[38;2;27;26;48mMMM[38;2;27;26;47mMMMMMM                    [0m
         [38;2;24;23;42mW[38;2;33;31;56m##[38;2;27;26;48mM[38;2;27;26;47mMMMMMMMMM[38;2;17;17;30m8                        [38;2;27;26;47mMM[38;2;25;22;36mW[38;2;27;26;47mMMMMM[38;2;17;17;30m8[38;2;27;26;47mMMMM[38;2;8;8;14mB                   [0m
         [38;2;27;26;48mM[38;2;27;26;47mM[38;2;25;22;36mW[38;2;27;26;47mMMMMM[38;2;17;17;30m8[38;2;27;26;47mMMMMM                        [38;2;6;6;10m@[38;2;27;26;47mM[38;2;27;26;48mMM[38;2;27;26;47mMMM[38;2;27;26;48mM[38;2;27;26;47mMMMMMM                   [0m
         [38;2;27;26;47mM[38;2;33;31;56m##[38;2;27;26;48mM[38;2;27;26;47mMMMMMMMMM[38;2;17;17;30m8                         [38;2;27;26;47mMMM[38;2;25;22;36mW[38;2;27;26;47mMMMMM[38;2;17;17;30m8[38;2;27;26;47mMMM[38;2;8;8;14mB                  [0m
         [38;2;27;26;47mMMMMM[38;2;33;31;56m#[38;2;24;23;42mW[38;2;27;26;47mMMMMMM[38;2;16;15;27m8                         8[38;2;27;26;48mM[38;2;27;26;47mMMMMMMMM[38;2;33;31;56m#[38;2;24;23;42mW[38;2;27;26;47mM[38;2;17;17;30m8                  [0m
