                                                                                [0m
                                                                                [0m
                                                                                [0m
                                                                                [0m
                                                                                [0m
                                                                                [0m
                                                                                [0m
                                                                                [0m
                                                                                [0m
                                                                                [0m
                                                    [38;2;180;172;188m}[38;2;228;218;238m![38;2;216;207;226m<[38;2;3;3;5m$ [38;2;148;141;154mj                      [0m
                                            [38;2;3;3;5m$[38;2;224;215;234mi[38;2;233;222;243mll[38;2;224;215;234mi[38;2;233;222;243mlllll[38;2;228;218;238m![38;2;233;222;243ml[38;2;204;195;212m_[38;2;233;222;243ml[38;2;191;183;200m[   [38;2;3;3;5m$                 [0m
                                              [38;2;156;149;162mt[38;2;216;207;226m<[38;2;228;218;238m![38;2;233;222;243ml[38;2;228;218;238m!!!![38;2;233;222;243ml[38;2;228;218;238m!!!!!![38;2;162;152;164m/[38;2;164;156;171m|[38;2;233;222;243ml                [0m
                                             [38;2;172;164;179m)[38;2;228;218;238m![38;2;233;222;243mll[38;2;228;218;238m!![38;2;200;191;208m-[38;2;228;218;238m![38;2;180;172;188m}[38;2;233;222;243ml[38;2;228;218;238m![38;2;233;222;243mll[38;2;228;218;238m![38;2;233;222;243ml[38;2;228;218;238m!!!![38;2;3;3;5m$[38;2;87;83;87mO              [0m
                                          [38;2;168;160;175m([38;2;233;222;243ml[38;2;228;218;238m!![38;2;3;3;5m$[38;2;66;63;88mq[38;2;38;37;67mo[38;2;168;160;175m([38;2;147;135;145mx[38;2;188;179;196m][38;2;87;83;87mO[38;2;38;37;67mo[38;2;148;141;154mj[38;2;216;207;226m<[38;2;224;215;234mi[38;2;233;222;243ml[38;2;180;172;188m}[38;2;228;218;238m![38;2;233;222;243ml[38;2;228;218;238m!!![38;2;75;69;66mw[38;2;233;222;243ml              [0m
                                           [38;2;212;202;221m~[38;2;220;210;229m>[38;2;228;218;238m![38;2;3;3;5m$[38;2;40;38;55mo[38;2;172;158;147m|[38;2;188;180;166m{[38;2;255;237;216m:[38;2;114;82;75mQ[38;2;17;17;30m8[38;2;27;26;48mM[38;2;38;37;67mo[38;2;11;11;20m%[38;2;125;90;83mC[38;2;75;69;66mw[38;2;147;135;145mx[38;2;224;215;234mi[38;2;228;218;238m![38;2;233;222;243ml[38;2;228;218;238m!!![38;2;3;3;5m$              [0m
                                          [38;2;75;69;66mw [38;2;220;210;229m>[38;2;233;222;243ml[38;2;254;242;214m,[38;2;255;233;213m:[38;2;200;143;130m/[38;2;212;161;147m}[38;2;255;233;213m:[38;2;251;229;210m;[38;2;255;233;213m:[38;2;251;229;210m;[38;2;255;233;213m::[38;2;114;107;116mY[38;2;200;191;208m-[38;2;168;160;175m([38;2;233;222;243ml[38;2;228;218;238m!!!!!!              [0m
                                             [38;2;75;69;66mw[38;2;255;237;216m:[38;2;185;169;154m1[38;2;204;186;170m[[38;2;210;205;180m+[38;2;188;180;166m{[38;2;134;119;120mc[38;2;255;233;213m:[38;2;251;229;210m;[38;2;255;233;213m::[38;2;247;227;208mI[38;2;218;200;183m+[38;2;125;90;83mC[38;2;114;82;75mQ[38;2;168;160;175m([38;2;123;117;129mc[38;2;180;172;188m}[38;2;172;164;179m)  [38;2;131;125;138mu             [0m
                                             [38;2;218;200;183m+[38;2;255;233;213m:[38;2;251;229;210m;[38;2;255;233;213m::[38;2;247;227;208mI[38;2;255;237;216m:[38;2;255;233;213m::::[38;2;255;237;216m:[38;2;247;227;208mI[38;2;158;114;104mv[38;2;167;154;140m/[38;2;180;172;188m}[38;2;228;218;238m![38;2;233;222;243mll[38;2;156;149;163mt               [0m
                                             [38;2;3;3;5m$[38;2;251;229;210m;[38;2;255;237;216m:[38;2;254;242;214m,[38;2;255;233;213m::[38;2;251;229;210m;[38;2;255;233;213m::[38;2;212;161;147m}[38;2;200;143;130m/[38;2;206;150;137m([38;2;145;104;95mX[38;2;172;164;179m)[38;2;233;222;243ml[38;2;180;172;188m}[38;2;228;218;238m!                  [0m
                                               [38;2;170;121;110mn[38;2;204;146;133m||||||||[38;2;177;126;115mx[38;2;220;210;229m> >  [38;2;87;83;87mO                 [0m
                                               [38;2;75;69;66mw[38;2;204;146;133m||||||||[38;2;114;82;75mQ                       [0m
                                              [38;2;25;23;36mW[38;2;27;26;47mMM[38;2;145;104;95mX[38;2;16;15;28m8[38;2;27;26;48mM[38;2;24;23;42mW[38;2;27;26;47mM[38;2;24;23;42mW[38;2;27;26;47mM[38;2;24;23;42mW                       [0m
                                       [38;2;11;11;20m%[38;2;25;23;36mW[38;2;27;26;48mMM[38;2;24;23;42mW[38;2;27;26;48mM[38;2;27;26;47mM[38;2;27;26;48mM[38;2;27;26;47mMM[38;2;27;26;48mM[38;2;27;26;47mM[38;2;27;26;48mM[38;2;27;26;47mM[38;2;24;23;42mW[38;2;27;26;47mMMMM                      [0m
                                  [38;2;16;15;28m8[38;2;27;26;48mM[38;2;27;26;47mMM[38;2;25;23;36mW[38;2;27;26;47mMMM[38;2;24;23;42mW[38;2;27;26;47mM[38;2;27;26;48mM[38;2;27;26;47mMMMMM[38;2;24;23;42mW[38;2;27;26;47mM[38;2;27;26;48mM[38;2;27;26;47mMMM[38;2;24;23;42mW[38;2;27;26;47mMM[38;2;25;23;36mW[38;2;24;23;42mW[38;2;17;17;30m8[38;2;3;3;5m$                 [0m
                                 [38;2;27;26;48mMM[38;2;27;26;47mMMM[38;2;27;26;48mM[38;2;27;26;47mM[38;2;27;26;48mM[38;2;27;26;47mMMM[38;2;25;23;36mW[38;2;27;26;47mMMMMM[38;2;24;23;42mW[38;2;27;26;47mMM[38;2;25;23;36mW[38;2;24;23;42mW[38;2;27;26;47mMMM[38;2;24;23;42mW[38;2;27;26;47mM[38;2;27;26;48mM[38;2;27;26;47mMMMMM[38;2;27;26;48mMM            [0m
                              [38;2;16;15;28m8[38;2;24;23;42mWW[38;2;27;26;47mMM[38;2;24;23;42mW[38;2;27;26;47mM[38;2;27;26;48mM[38;2;27;26;47mMM[38;2;27;26;48mM[38;2;27;26;47mMM[38;2;27;26;48mM[38;2;16;15;28m8[38;2;27;26;47mM[38;2;24;23;42mW[38;2;27;26;47mMM[38;2;24;23;42mW[38;2;27;26;47mM[38;2;27;26;48mM[38;2;27;26;47mMM[38;2;27;26;48mM[38;2;27;26;47mMM[38;2;24;23;42mW[38;2;27;26;47mMMMMMMM[38;2;27;26;48mM[38;2;27;26;47mMM[38;2;17;17;30m8[38;2;25;23;36mW          [0m
                            [38;2;16;15;28m8[38;2;24;23;42mW[38;2;3;3;5m$[38;2;218;200;183m+[38;2;255;233;213m::[38;2;255;237;216m:[38;2;3;3;5m$[38;2;8;8;14mB[38;2;87;83;87mO[38;2;17;17;30m8[38;2;27;26;48mM[38;2;27;26;47mM[38;2;24;23;42mW[38;2;27;26;47mMMMMMMM[38;2;27;26;48mM[38;2;27;26;47mMMM[38;2;36;34;37m#[38;2;194;165;41m|[38;2;80;67;22mp[38;2;27;26;48mM[38;2;24;23;42mW[38;2;27;26;47mMMMMMM[38;2;24;23;42mW[38;2;27;26;47mMM[38;2;24;23;42mW[38;2;27;26;47mM[38;2;17;17;30m8          [0m
                        [38;2;11;11;20m%[38;2;25;23;36mW[38;2;24;23;42mW[38;2;27;26;47mM[38;2;245;225;205mI[38;2;249;223;204mI[38;2;251;229;210m;[38;2;255;237;216m:[38;2;226;212;190m>[38;2;255;233;213m:[38;2;251;229;210m;[38;2;233;216;195mi[38;2;146;104;95mX[38;2;170;121;110mn[38;2;27;26;48mM[38;2;24;23;42mW[38;2;27;26;48mM[38;2;27;26;47mMM[38;2;24;23;42mW[38;2;27;26;47mMMMM[38;2;27;26;48mM[38;2;27;26;47mM[38;2;27;26;48mM[38;2;27;26;47mMMM[38;2;25;23;36mW[38;2;27;26;47mM[38;2;34;33;60m*[38;2;27;26;47mM[38;2;24;23;42mWW[38;2;27;26;47mM[38;2;27;26;48mM[38;2;27;26;47mM[38;2;27;26;48mM[38;2;27;26;47mMMM[38;2;25;23;36mW[38;2;27;26;47mMM          [0m
                     [38;2;27;26;47mMMM[38;2;24;23;42mW[38;2;27;26;47mM[38;2;87;83;87mO[38;2;255;237;216m:[38;2;254;242;214m,[38;2;255;233;213m::[38;2;255;237;216m:[38;2;255;233;213m:[38;2;212;161;147m}[38;2;204;146;133m|[38;2;200;143;130m/[38;2;27;26;48mM[38;2;24;23;42mW[38;2;27;26;48mM[38;2;27;26;47mMM[38;2;24;23;42mW[38;2;27;26;47mMMMM[38;2;24;23;42mW[38;2;27;26;47mMM[38;2;24;23;42mW[38;2;27;26;47mM[38;2;27;26;48mM[38;2;27;26;47mMM[38;2;24;23;42mW[38;2;17;17;30m8[38;2;27;26;47mMMMM[38;2;27;26;48mM[38;2;27;26;47mM[38;2;27;26;48mM[38;2;27;26;47mMMM[38;2;25;23;36mW[38;2;27;26;47mMMM          [0m
                    [38;2;17;17;30m8[38;2;27;26;48mM[38;2;27;26;47mMMMMM[38;2;75;69;66mw[38;2;206;150;137m([38;2;204;146;133m|[38;2;206;158;144m1[38;2;204;146;133m||[38;2;114;82;75mQ[38;2;27;26;48mM[38;2;27;26;47mMMMMMMMM[38;2;27;26;48mM[38;2;27;26;47mM[38;2;27;26;48mM[38;2;27;26;47mMMM[38;2;25;23;36mW[38;2;27;26;47mMMMM[38;2;27;26;48mM[38;2;27;26;47mM[38;2;17;17;30m8[38;2;27;26;47mMMM[38;2;24;23;42mW[38;2;27;26;47mM[38;2;27;26;48mM[38;2;27;26;47mMMMMM[38;2;27;26;48mM[38;2;3;3;5m$          [0m
                    [38;2;27;26;47mM[38;2;27;26;48mM[38;2;27;26;47mM[38;2;27;26;48mM[38;2;27;26;47mM[38;2;27;26;48mM[38;2;27;26;47mMMM[38;2;25;23;36mW[38;2;27;26;47mMMMM[38;2;27;26;48mM[38;2;27;26;47mMMM[38;2;24;23;42mW[38;2;27;26;47mM[38;2;24;23;42mW[38;2;27;26;47mMM[38;2;25;23;36mW[38;2;24;23;42mW[38;2;16;15;28m8[38;2;27;26;47mM[38;2;27;26;48mMM[38;2;27;26;47mMMMMMMMM[38;2;24;23;42mW[38;2;27;26;47mMMMMMMM[38;2;27;26;48mM[38;2;27;26;47mMM[38;2;17;17;30m8           [0m
                    [38;2;24;23;42mW[38;2;27;26;47mMM[38;2;24;23;42mW[38;2;27;26;47mM[38;2;27;26;48mM[38;2;27;26;47mMM[38;2;27;26;48mM[38;2;27;26;47mMM[38;2;8;8;14mB[38;2;27;26;48mM[38;2;27;26;47mM[38;2;3;3;5m$[38;2;120;103;94mUU[38;2;34;33;60m*[38;2;27;26;47mM[38;2;27;26;48mM[38;2;27;26;47mM[38;2;27;26;48mM[38;2;27;26;47mMMM[38;2;25;23;36mW[38;2;27;26;47mMMMM[38;2;27;26;48mM[38;2;27;26;47mMMM[38;2;24;23;42mW[38;2;27;26;47mMM[38;2;24;23;42mW[38;2;27;26;47mMMMMMMM[38;2;27;26;48mM[38;2;27;26;47mMM            [0m
                    [38;2;11;11;20m%[38;2;27;26;47mM[38;2;27;26;48mM[38;2;24;23;42mW[38;2;27;26;48mM[38;2;27;26;47mMM[38;2;11;11;20m%   [38;2;151;136;134mr[38;2;255;233;213m::[38;2;251;229;210m;[38;2;255;237;216m:[38;2;218;200;183m+[38;2;27;26;48mMM[38;2;27;26;47mMMMMMMMMMM[38;2;27;26;48mM[38;2;27;26;47mM[38;2;27;26;48mM[38;2;27;26;47mMMM[38;2;25;23;36mW[38;2;27;26;47mMMMM[38;2;27;26;48mM[38;2;27;26;47mMMM[38;2;24;23;42mW[38;2;27;26;47mMM[38;2;3;3;5m$            [0m
                              [38;2;239;219;201m![38;2;255;233;213m:::[38;2;255;237;216m:[38;2;247;227;208mI[38;2;136;116;108mc[38;2;25;23;36mW[38;2;24;23;42mW[38;2;27;26;47mMMMM[38;2;24;23;42mW[38;2;27;26;47mMMMMMMM[38;2;27;26;48mM[38;2;27;26;47mMMM[38;2;16;15;28m8[38;2;27;26;47mM[38;2;25;23;36mWW[38;2;27;26;47mMMMMMM[38;2;17;17;30m8              [0m
                              [38;2;125;90;83mC[38;2;204;146;133m|||[38;2;154;124;114muu[38;2;16;15;28m8[38;2;24;23;42mW[38;2;25;23;36mW[38;2;27;26;48mMM[38;2;17;17;30m8[38;2;27;26;47mMMMMMMMM[38;2;16;15;28m8[38;2;25;23;36mWW[38;2;27;26;48mMM[38;2;17;17;30m8[38;2;27;26;47mMMMM[38;2;17;17;30m8[38;2;6;6;10m@                  [0m
                            [38;2;3;3;5m$[38;2;41;40;50mo[38;2;24;23;42mW[38;2;11;11;20m%[38;2;27;26;47mM[38;2;16;15;28m88[38;2;24;23;42mW[38;2;27;26;48mM[38;2;27;26;47mM[38;2;27;26;48mM[38;2;27;26;47mMMM[38;2;25;23;36mW[38;2;27;26;47mMMMMMMMM[38;2;25;23;36mW[38;2;27;26;47mMMMMMM                      [0m
                            [38;2;27;26;48mMM[38;2;17;17;30m8[38;2;27;26;47mMMMMMMMMM[38;2;27;26;48mM[38;2;27;26;47mM[38;2;27;26;48mM[38;2;27;26;47mMMM[38;2;25;23;36mW[38;2;27;26;47mMMMMMMMM[38;2;25;23;36mW[38;2;27;26;47mM                       [0m
                          [38;2;25;23;36mW[38;2;27;26;48mMM[38;2;17;17;30m8[38;2;27;26;47mMMMMMMMMM[38;2;24;23;42mW[38;2;27;26;47mMMMMMMM[38;2;27;26;48mM[38;2;16;15;28m8[38;2;17;17;30m8[38;2;27;26;48mM[38;2;27;26;47mM[38;2;27;26;48mM[38;2;27;26;47mMMM[38;2;25;23;36mW                       [0m
                          [38;2;27;26;47mMMM[38;2;24;23;42mW[38;2;27;26;47mMMMMMMM[38;2;27;26;48mM[38;2;27;26;47mMMM[38;2;16;15;28m8[38;2;27;26;47mM[38;2;25;23;36mWW[38;2;27;26;47mMMMMMMMMM[38;2;24;23;42mW[38;2;27;26;47mM                        [0m
                        [38;2;16;15;28m8[38;2;24;23;42mW[38;2;27;26;48mM[38;2;27;26;47mM[38;2;27;26;48mM[38;2;27;26;47mMMM[38;2;25;23;36mW[38;2;27;26;47mMMMMMMMM[38;2;25;23;36mW[38;2;27;26;47mMMMMMMMMMMM[38;2;24;23;42mW[38;2;27;26;47mMM[38;2;17;17;30m8                       [0m
                          [38;2;27;26;47mM[38;2;27;26;48mMM[38;2;27;26;47mMMMMMMMMMMM[38;2;27;26;48mM[38;2;27;26;47mM[38;2;27;26;48mM[38;2;27;26;47mMMM[38;2;25;23;36mW[38;2;27;26;47mMMMMMMMM[38;2;25;23;36mW[38;2;3;3;5m$                       [0m
                         [38;2;27;26;47mMMM[38;2;24;23;42mW[38;2;27;26;47mM[38;2;27;26;48mM[38;2;27;26;47mMMMM[38;2;6;6;10m@[38;2;24;23;42mWW[38;2;27;26;47mMMMMMMMM[38;2;24;23;42mW[38;2;27;26;47mM[38;2;27;26;48mM[38;2;27;26;47mMMMMM[38;2;27;26;48mMM[38;2;16;15;28m8                       [0m
                        [38;2;24;23;42mW[38;2;27;26;47mMM[38;2;24;23;42mW[38;2;27;26;47mM[38;2;27;26;48mM[38;2;27;26;47mMM[38;2;27;26;48mM[38;2;27;26;47mMM[38;2;27;26;48mM[38;2;16;15;28m8[38;2;27;26;47mM[38;2;25;23;36mW[38;2;27;26;47mMM[38;2;27;26;48mM[38;2;27;26;47mMMMMMMM[38;2;25;23;36mW[38;2;16;15;28m8[38;2;24;23;42mWW[38;2;27;26;47mM[38;2;25;23;36mW[38;2;24;23;42mW[38;2;6;6;10m@                       [0m
                      [38;2;16;15;28m8[38;2;24;23;42mW[38;2;27;26;47mM[38;2;27;26;48mM[38;2;27;26;47mM[38;2;27;26;48mM[38;2;27;26;47mMMM[38;2;25;23;36mW[38;2;27;26;47mMMMM[38;2;27;26;48mM[38;2;27;26;47mMMM[38;2;24;23;42mW[38;2;27;26;47mMMMMM[38;2;24;23;42mW[38;2;27;26;47mMMMMM[38;2;27;26;48mM[38;2;24;23;42mW                          [0m
                     [38;2;16;15;28m8[38;2;27;26;47mM[38;2;27;26;48mM[38;2;27;26;47mM[38;2;27;26;48mM[38;2;27;26;47mMMM[38;2;25;23;36mW[38;2;27;26;47mMMMM[38;2;27;26;48mM[38;2;27;26;47mMMM[38;2;24;23;42mW[38;2;27;26;47mMMMMM[38;2;24;23;42mW[38;2;27;26;47mMMMMM[38;2;27;26;48mM[38;2;27;26;47mM[38;2;24;23;42mW[38;2;27;26;47mM[38;2;3;3;5m$                         [0m
                    [38;2;25;23;36mW[38;2;34;33;60m*[38;2;27;26;48mM[38;2;27;26;47mMMMMMMM[38;2;24;23;42mW[38;2;27;26;47mM[38;2;27;26;48mM[38;2;27;26;47mMMMMM[38;2;27;26;48mMM[38;2;27;26;47mMMM[38;2;24;23;42mW[38;2;27;26;48mM[38;2;27;26;47mMMMM[38;2;24;23;42mW[38;2;27;26;47mMMMM[38;2;3;3;5m$                         [0m
                    [38;2;24;23;42mW[38;2;27;26;47mM[38;2;27;26;48mM[38;2;24;23;42mW[38;2;27;26;47mM[38;2;11;11;20m%[38;2;27;26;48mMM[38;2;17;17;30m8[38;2;27;26;47mMMMM[38;2;25;23;36mW[38;2;24;23;42mW[38;2;27;26;47mMMMMMMMMM[38;2;24;23;42mW[38;2;27;26;47mM[38;2;27;26;48mM[38;2;27;26;47mMMMMM[38;2;27;26;48mMM[38;2;16;15;28m8                         [0m
                   [38;2;25;23;36mW[38;2;24;23;42mW[38;2;27;26;47mMM[38;2;24;23;42mW[38;2;27;26;47mM[38;2;27;26;48mM[38;2;27;26;47mMM[38;2;27;26;48mM[38;2;27;26;47mMM[38;2;27;26;48mM[38;2;16;15;28m8[38;2;27;26;47mM[38;2;25;23;36mW[38;2;27;26;47mMM[38;2;27;26;48mM[38;2;27;26;47mMMMMMMMMMMMMMM[38;2;27;26;48mM[38;2;27;26;47mM[38;2;17;17;30m8                         [0m
                  [38;2;16;15;28m8[38;2;24;23;42mW[38;2;27;26;47mMMMMMMMMMM[38;2;24;23;42mW[38;2;27;26;47mM[38;2;34;33;60m*[38;2;27;26;47mM[38;2;27;26;48mM[38;2;27;26;47mMM[38;2;17;17;30m8[38;2;27;26;47mM[38;2;27;26;48mMM[38;2;27;26;47mMMMMMMMMMMM[38;2;25;23;36mW[38;2;27;26;47mMM [38;2;3;3;5m$                       [0m
                  [38;2;27;26;47mM[38;2;24;23;42mW[38;2;27;26;47mMMMMMMM[38;2;27;26;48mM[38;2;27;26;47mMMM[38;2;16;15;28m8[38;2;27;26;47mM[38;2;25;23;36mWW[38;2;27;26;47mMMMMMMMMMMMMMMMMM[38;2;24;23;42mW[38;2;27;26;47mMM [38;2;3;3;5m$                       [0m
                 [38;2;25;23;36mW[38;2;27;26;47mM[38;2;27;26;48mM[38;2;27;26;47mMMMMMMMMMM[38;2;27;26;48mM[38;2;27;26;47mMM[38;2;17;17;30m8[38;2;27;26;47mM[38;2;16;15;28m8[38;2;27;26;47mMM[38;2;24;23;42mW[38;2;27;26;47mMMMMMM[38;2;27;26;48mM[38;2;27;26;47mM[38;2;27;26;48mM[38;2;27;26;47mMMM[38;2;25;23;36mW[38;2;27;26;47mMMM [38;2;3;3;5m$                       [0m
                [38;2;3;3;5m$[38;2;27;26;48mM[38;2;24;23;42mW[38;2;27;26;48mM[38;2;27;26;47mMMMMMMMMMMMMMM[38;2;27;26;48mM [38;2;17;17;30m8[38;2;27;26;48mM[38;2;27;26;47mMMMMMM[38;2;24;23;42mW[38;2;27;26;47mMM[38;2;24;23;42mW[38;2;27;26;47mM[38;2;27;26;48mM[38;2;27;26;47mMM[38;2;27;26;48mM[38;2;27;26;47mMM                         [0m
                [38;2;27;26;47mMMMM[38;2;24;23;42mW[38;2;27;26;47mM[38;2;27;26;48mM[38;2;27;26;47mMMMMM[38;2;27;26;48mMM[38;2;27;26;47mMMM[38;2;24;23;42mW  [38;2;17;17;29m8[38;2;24;23;42mW[38;2;27;26;47mMMMMMMM[38;2;27;26;48mM[38;2;27;26;47mMMM[38;2;16;15;28m8[38;2;27;26;47mM[38;2;25;23;36mWW[38;2;27;26;47mMM[38;2;8;8;14mB                        [0m
                [38;2;27;26;48mM[38;2;27;26;47mMMMMMMMMMMMM[38;2;24;23;42mW[38;2;27;26;47mMMM[38;2;6;6;10m@   [38;2;16;15;28m8[38;2;24;23;42mWW[38;2;27;26;47mMMMMMMM[38;2;27;26;48mM[38;2;27;26;47mMMM[38;2;16;15;28m8[38;2;27;26;47mM[38;2;25;23;36mWWW                        [0m
                [38;2;27;26;48mM[38;2;24;23;42mW[38;2;27;26;47mMMMMMMM[38;2;27;26;48mM[38;2;27;26;47mMMM[38;2;16;15;28m8[38;2;27;26;47mM[38;2;25;23;36mW      W[38;2;27;26;47mMMM[38;2;40;38;55mo[38;2;27;26;47mMMMMMM[38;2;27;26;48mM[38;2;27;26;47mM[38;2;27;26;48mM[38;2;27;26;47mMMM[38;2;25;23;36mW                        [0m
               [38;2;3;3;5m$[38;2;27;26;47mMMMMM[38;2;27;26;48mM[38;2;27;26;47mM[38;2;27;26;48mM[38;2;27;26;47mMMM[38;2;25;23;36mW[38;2;27;26;47mMMM       [38;2;24;23;42mW[38;2;27;26;48mM[38;2;27;26;47mMM[38;2;25;23;36mW[38;2;27;26;47mMMMMMMMMMMMMM                        [0m
               [38;2;11;11;20m%[38;2;27;26;47mMM[38;2;24;23;42mW[38;2;27;26;47mMM[38;2;24;23;42mW[38;2;27;26;47mM[38;2;27;26;48mM[38;2;27;26;47mMM[38;2;27;26;48mM[38;2;27;26;47mMM[38;2;27;26;48mM         [38;2;24;23;42mWW[38;2;27;26;47mMM[38;2;24;23;42mW[38;2;27;26;47mM[38;2;27;26;48mM[38;2;27;26;47mMM[38;2;27;26;48mM[38;2;27;26;47mMM[38;2;27;26;48mM[38;2;16;15;28m8[38;2;27;26;47mM[38;2;25;23;36mW[38;2;27;26;47mM                        [0m
               [38;2;27;26;47mMMMM[38;2;24;23;42mW[38;2;27;26;47mMMMMMMM[38;2;27;26;48mM[38;2;27;26;47mM          [38;2;8;8;14mB[38;2;27;26;48mM[38;2;24;23;42mW[38;2;27;26;47mMMMMMMMMMMMMMM                        [0m
              [38;2;3;3;5m$[38;2;17;17;30m8[38;2;27;26;47mMMMM[38;2;27;26;48mM[38;2;27;26;47mMMM[38;2;24;23;42mW[38;2;27;26;47mMM[38;2;24;23;42mW            [38;2;16;15;28m8[38;2;27;26;48mM[38;2;27;26;47mMM[38;2;25;23;36mW[38;2;27;26;47mMMMMMMMMMMM                        [0m
              [38;2;24;23;42mW[38;2;27;26;48mM[38;2;27;26;47mMM[38;2;25;23;36mW[38;2;27;26;47mMMMMMMMM[38;2;8;8;14mB             [38;2;24;23;42mWW[38;2;27;26;47mMM[38;2;24;23;42mW[38;2;27;26;47mM[38;2;27;26;48mM[38;2;27;26;47mMM[38;2;27;26;48mM[38;2;27;26;47mMM[38;2;27;26;48mM[38;2;16;15;28m8[38;2;27;26;47mM                        [0m
              [38;2;27;26;47mMMMM[38;2;24;23;42mW[38;2;27;26;47mM[38;2;27;26;48mM[38;2;27;26;47mMMMMM                [38;2;41;40;50mo[38;2;27;26;47mMMMMM[38;2;27;26;48mM[38;2;27;26;47mM[38;2;27;26;48mM[38;2;27;26;47mMM[38;2;17;17;30m8[38;2;27;26;47mM[38;2;27;26;48mM                        [0m
             [38;2;3;3;5m$[38;2;27;26;47mMMMMM[38;2;27;26;48mM[38;2;27;26;47mMMMMM                 [38;2;11;11;20m%[38;2;27;26;47mMMMMMMM[38;2;24;23;42mW[38;2;27;26;47mM[38;2;27;26;48mM[38;2;27;26;47mM[38;2;34;33;60m*[38;2;27;26;47mM[38;2;16;15;28m8                       [0m
             [38;2;25;23;36mW[38;2;27;26;47mM[38;2;27;26;48mM[38;2;27;26;47mMMMMMMMM[38;2;3;3;5m$                   [38;2;27;26;47mM[38;2;27;26;48mM[38;2;27;26;47mM[38;2;27;26;48mM[38;2;27;26;47mMM[38;2;17;17;30m88[38;2;27;26;47mMM[38;2;17;17;30m8[38;2;27;26;47mMM[38;2;27;26;48mM                      [0m
             [38;2;27;26;47mM[38;2;24;23;42mW[38;2;27;26;47mMM[38;2;24;23;42mW[38;2;27;26;47mM[38;2;27;26;48mM[38;2;27;26;47mMM[38;2;27;26;48mM[38;2;27;26;47mM[38;2;11;11;20m%                   [38;2;24;23;42mW[38;2;27;26;48mM[38;2;27;26;47mM[38;2;27;26;48mM[38;2;27;26;47mM[38;2;27;26;48mM[38;2;27;26;47mMMM[38;2;25;23;36mW[38;2;27;26;47mMMMM                      [0m
            [38;2;3;3;5m$[38;2;27;26;48mMM[38;2;27;26;47mM[38;2;27;26;48mM[38;2;27;26;47mMMM[38;2;25;23;36mW[38;2;27;26;47mMMM[38;2;16;15;28m8                    8[38;2;27;26;47mMMMMMM[38;2;24;23;42mW[38;2;27;26;47mMM[38;2;24;23;42mW[38;2;27;26;47mM[38;2;27;26;48mM[38;2;27;26;47mM                     [0m
            [38;2;16;15;28m8[38;2;27;26;47mMMMMMMMM[38;2;27;26;48mM[38;2;27;26;47mM[38;2;27;26;48mM[38;2;27;26;47mM                     [38;2;24;23;42mW[38;2;27;26;48mM[38;2;27;26;47mMMMM[38;2;24;23;42mW[38;2;27;26;47mM[38;2;27;26;48mM[38;2;27;26;47mMMMM[38;2;6;6;10m@                    [0m
            [38;2;27;26;47mMMMM[38;2;24;23;42mW[38;2;27;26;47mM[38;2;27;26;48mM[38;2;27;26;47mMMMMM[38;2;27;26;48mM[38;2;11;11;20m%                    [38;2;27;26;47mM[38;2;27;26;48mM[38;2;27;26;47mM[38;2;27;26;48mM[38;2;27;26;47mMMM[38;2;25;23;36mW[38;2;27;26;47mMMMM[38;2;27;26;48mM[38;2;25;23;36mW                    [0m
            [38;2;27;26;47mM[38;2;24;23;42mW[38;2;27;26;47mMMMMMMM[38;2;27;26;48mM[38;2;27;26;47mMMM[38;2;36;34;37m#                    [38;2;16;15;28m8[38;2;24;23;42mW[38;2;27;26;47mMMMMMMM[38;2;27;26;48mM[38;2;27;26;47mMMM[38;2;36;34;37m#                    [0m
            [38;2;27;26;48mM[38;2;24;23;42mW[38;2;27;26;48mM[38;2;27;26;47mMM[38;2;24;23;42mW[38;2;27;26;47mMMMMMMMM                     [38;2;24;23;42mW[38;2;27;26;48mM[38;2;27;26;47mM[38;2;27;26;48mM[38;2;27;26;47mMMM[38;2;25;23;36mW[38;2;27;26;47mMMMMM[38;2;25;23;36mW                   [0m
            [38;2;27;26;48mM[38;2;24;23;42mW[38;2;27;26;47mMMMMMMM[38;2;27;26;48mM[38;2;27;26;47mMMM[38;2;36;34;37m#                     [38;2;11;11;20m%[38;2;27;26;47mMMMMM[38;2;24;23;42mWW[38;2;27;26;47mMM[38;2;24;23;42mW[38;2;27;26;47mM[38;2;27;26;48mM[38;2;27;26;47mM[38;2;11;11;20m%                  [0m
