                                                                                [0m
                                                                                [0m
                                                                                [0m
                                                                                [0m
                                                                                [0m
                                                                                [0m
                                                                                [0m
                                                                                [0m
                                                                                [0m
                                                                                [0m
                                                                                [0m
                                       [38;2;3;3;4m$                                        [0m
                                       [38;2;228;218;238m! [38;2;148;141;154mj[38;2;232;222;242ml[38;2;228;218;238m![38;2;131;125;138mu[38;2;139;131;141mn                                  [0m
                                  [38;2;139;131;141mn  n[38;2;228;218;238m!![38;2;232;222;242mll[38;2;224;215;234mi[38;2;228;218;238m!![38;2;224;215;234mi[38;2;228;218;238m![38;2;232;222;242ml[38;2;224;215;234mi[38;2;228;218;238m![38;2;232;222;242ml[38;2;188;180;196m]                            [0m
                                 [38;2;200;191;209m-[38;2;148;141;154mj[38;2;232;222;242ml[38;2;228;218;238m![38;2;232;222;242ml[38;2;228;218;238m!!![38;2;224;215;234mi[38;2;228;218;238m![38;2;232;222;242ml[38;2;224;215;234mi[38;2;228;218;238m![38;2;216;207;226m<[38;2;232;222;242ml[38;2;228;218;238m!![38;2;204;195;212m_                             [0m
                              [38;2;162;152;164m/ [38;2;184;175;192m{[38;2;228;218;238m!![38;2;224;215;234mi[38;2;228;218;238m![38;2;232;222;242ml[38;2;228;218;238m!!![38;2;168;160;175m([38;2;200;191;209m-[38;2;139;100;91mY[38;2;228;218;238m![38;2;180;172;187m}[38;2;228;218;238m![38;2;180;172;187m}[38;2;208;199;217m+[38;2;196;187;204m?[38;2;228;218;238m!!                            [0m
                               [38;2;232;222;242ml[38;2;188;180;196m][38;2;224;215;234mi[38;2;228;218;238m![38;2;224;215;234mi[38;2;228;218;238m![38;2;232;222;242ml[38;2;219;210;229m>[38;2;228;218;238m![38;2;158;114;104mv[38;2;139;131;141mn[38;2;16;15;27m8[38;2;43;41;51mo[38;2;228;218;238m![38;2;43;41;51mo[38;2;200;191;209m-[38;2;87;83;87mO[38;2;38;37;67mo[38;2;27;26;48mM[38;2;38;37;67mo[38;2;219;210;229m>[38;2;228;218;238m![38;2;200;191;209m-[38;2;156;149;163mt[38;2;36;34;37m#                        [0m
                                [38;2;75;69;66mw[38;2;219;210;229m>[38;2;228;218;238m!![38;2;232;222;242ml[38;2;228;218;238m![38;2;87;83;87mO[38;2;75;69;66mw[38;2;255;233;213m:[38;2;217;182;166m?[38;2;16;15;27m8[38;2;24;23;42mW[38;2;3;3;4m$[38;2;236;209;191m>[38;2;185;169;154m1[38;2;226;186;169m-[38;2;114;82;75mQ[38;2;154;133;122mx[38;2;232;222;242ml[38;2;219;210;229m>[38;2;114;107;116mY[38;2;200;191;209m-                          [0m
                              [38;2;114;107;116mY[38;2;232;222;242ml[38;2;131;125;138mu[38;2;204;195;212m_[38;2;232;222;242ml[38;2;228;218;238m![38;2;232;222;242mll[38;2;134;119;120mc[38;2;172;164;179m)[38;2;88;85;105m0[38;2;255;236;216m:[38;2;252;230;210m;[38;2;255;236;216m:[38;2;255;233;213m:[38;2;255;236;216m:[38;2;250;226;206mI[38;2;255;236;216m::[38;2;255;233;213m:[38;2;254;242;214m,[38;2;75;69;66mw[38;2;114;107;116mY[38;2;43;41;51mo                          [0m
                                 [38;2;164;156;171m|[38;2;168;160;175m([38;2;232;222;242ml[38;2;114;107;116mY[38;2;207;150;137m([38;2;249;223;204mI[38;2;255;236;216m::[38;2;252;230;210m;[38;2;255;233;213m::[38;2;255;236;216m:::[38;2;255;233;213m:[38;2;252;230;210m;[38;2;255;236;216m:[38;2;252;230;210m;[38;2;172;158;147m|                            [0m
                                [38;2;208;199;217m+[38;2;192;183;200m[[38;2;3;3;4m$[38;2;219;210;229m>[38;2;228;218;238m![38;2;168;160;175m([38;2;218;200;183m+[38;2;206;150;137m([38;2;219;170;155m][38;2;255;236;216m:[38;2;252;230;210m;[38;2;255;236;216m:[38;2;255;233;213m:[38;2;252;230;210m;[38;2;255;233;213m:::[38;2;250;226;206mI[38;2;255;233;213m:[38;2;218;200;183m+                            [0m
                                   [38;2;172;164;179m)[38;2;104;99;108mJ[38;2;148;141;161mj[38;2;148;141;154mj[38;2;168;160;175m([38;2;204;146;133m|[38;2;180;135;123mf[38;2;200;143;131m//[38;2;206;150;137m([38;2;212;161;147m}[38;2;219;170;155m]][38;2;214;167;153m{[38;2;206;150;137m([38;2;114;82;75mQ                             [0m
                                     [38;2;87;83;87mO [38;2;200;191;209m-[38;2;206;150;137m([38;2;180;135;123mf[38;2;200;143;131m/[38;2;204;146;133m||||[38;2;206;150;137m([38;2;204;146;133m|[38;2;125;90;83mC                              [0m
                                        [38;2;158;114;104mv[38;2;200;143;131m//[38;2;204;146;133m|||[38;2;206;150;137m([38;2;163;117;107mu[38;2;29;26;35mW[38;2;7;8;13mBB                             [0m
                                       [38;2;29;26;35mW[38;2;43;41;51mo[38;2;27;26;47mMM[38;2;36;34;37m#[38;2;27;26;47mMM[38;2;27;26;48mM[38;2;27;26;47mMM[38;2;27;26;48mM[38;2;27;26;47mM[38;2;24;23;42mW[38;2;43;41;51mo[38;2;27;26;47mM[38;2;27;26;48mM[38;2;20;20;36m&&&[38;2;6;6;10m@[38;2;3;3;4m$                    [0m
                                   [38;2;11;11;20m%[38;2;32;31;53m##[38;2;27;26;48mM[38;2;27;26;47mMM[38;2;27;26;48mM[38;2;27;26;47mM[38;2;20;20;36m&&[38;2;27;26;47mM[38;2;27;26;48mM[38;2;27;26;47mMM[38;2;16;15;27m8[38;2;27;26;48mM[38;2;27;26;47mM[38;2;27;26;48mM[38;2;27;26;47mMM[38;2;27;26;48mM[38;2;27;26;47mMM[38;2;27;26;48mM[38;2;27;26;47mMM[38;2;16;15;27m8                  [0m
                              [38;2;6;6;10m@[38;2;24;23;42mW[38;2;27;26;47mMMMMMMMM[38;2;27;26;48mM[38;2;27;26;47mMM[38;2;27;26;48mM[38;2;27;26;47mMM[38;2;27;26;48mM[38;2;27;26;47mMM[38;2;27;26;48mM[38;2;27;26;47mMMMM[38;2;24;23;42mW[38;2;27;26;47mM[38;2;27;26;48mM[38;2;27;26;47mMMMMMM                 [0m
                            [38;2;24;23;42mW[38;2;27;26;47mM[38;2;27;26;48mM[38;2;27;26;47mMMMMMMMMMMMMMMM[38;2;7;8;13mB[38;2;20;20;36m&&[38;2;27;26;47mMM[38;2;24;23;42mW[38;2;27;26;47mM[38;2;27;26;48mMM[38;2;27;26;47mM[38;2;20;20;36m&[38;2;27;26;47mM[38;2;27;26;48mM[38;2;27;26;47mMM[38;2;27;26;48mM[38;2;27;26;47mM[38;2;16;15;27m8                [0m
                          [38;2;11;11;20m%[38;2;27;26;48mM[38;2;27;26;47mMMMMMMMMMMMMMMMMM[38;2;27;26;48mM[38;2;27;26;47mMM[38;2;95;81;24mZ[38;2;80;67;22mp[38;2;20;20;36m&[38;2;27;26;47mMMM[38;2;27;26;48mM[38;2;17;17;30m8[38;2;27;26;48mM[38;2;27;26;47mM[38;2;27;26;48mM[38;2;27;26;47mMM[38;2;27;26;48mM[38;2;27;26;47mMM                [0m
                          [38;2;27;26;48mM[38;2;27;26;47mM[38;2;20;20;36m&[38;2;17;17;30m8[38;2;24;23;42mW[38;2;27;26;47mM[38;2;27;26;48mM[38;2;27;26;47mMMMMMMMMM[38;2;20;20;36m&[38;2;27;26;47mMM[38;2;24;23;42mW[38;2;27;26;47mM[38;2;27;26;48mMM[38;2;7;8;13mB[38;2;27;26;47mM[38;2;27;26;48mM[38;2;27;26;47mMM[38;2;16;15;27m8[38;2;27;26;48mMM[38;2;27;26;47mMM[38;2;27;26;48mM[38;2;27;26;47mMMMM[38;2;3;3;4m$               [0m
                         [38;2;32;31;53m#[38;2;27;26;47mMMMMMM[38;2;24;23;42mW[38;2;27;26;47mM[38;2;27;26;48mM[38;2;27;26;47mMMMMMMMMM[38;2;20;20;36m&[38;2;27;26;47mMMM[38;2;27;26;48mM[38;2;17;17;30m8[38;2;27;26;48mM[38;2;32;31;53m#[38;2;27;26;47mMM[38;2;17;17;30m8[38;2;27;26;47mMM[38;2;24;23;42mW[38;2;27;26;48mM[38;2;27;26;47mMM[38;2;27;26;48mM[38;2;27;26;47mMM[38;2;16;15;27m8               [0m
                        [38;2;32;31;53m#[38;2;27;26;48mM[38;2;27;26;47mM[38;2;27;26;48mM[38;2;20;20;36m&[38;2;27;26;48mM[38;2;27;26;47mMM[38;2;27;26;48mM[38;2;27;26;47mMM[38;2;27;26;48mM[38;2;27;26;47mMMMMMMMMM[38;2;36;34;37m#[38;2;27;26;47mMM[38;2;24;23;42mW[38;2;20;20;36m&[38;2;24;23;42mW[38;2;27;26;47mM[38;2;27;26;48mM[38;2;27;26;47mMM[38;2;20;20;36m&&[38;2;27;26;47mMMMMM[38;2;27;26;48mM[38;2;27;26;47mMM               [0m
                       [38;2;17;17;30m8[38;2;20;20;36m&&&[38;2;27;26;47mM[38;2;172;158;147m|[38;2;255;236;216m::[38;2;226;212;190m>[38;2;121;118;102mz[38;2;3;3;4m$[38;2;11;11;20m%[38;2;24;23;42mW[38;2;27;26;47mM[38;2;27;26;48mMM[38;2;7;8;13mB[38;2;27;26;47mM[38;2;27;26;48mM[38;2;75;69;66mw[38;2;114;82;75mQ[38;2;25;22;35mW[38;2;7;8;13mB[38;2;20;20;36m&[38;2;27;26;47mM[38;2;24;23;42mW[38;2;27;26;47mM[38;2;27;26;48mM[38;2;27;26;47mMMMMMMMMM[38;2;20;20;36m&[38;2;27;26;47mMMM[38;2;27;26;48mM               [0m
                      [38;2;27;26;48mM[38;2;43;41;51mo[38;2;32;31;53m#[38;2;24;23;42mW[38;2;3;3;4m$[38;2;255;236;216m:[38;2;252;230;210m;[38;2;255;236;216m:[38;2;255;233;213m:[38;2;252;230;210m;[38;2;255;233;213m::[38;2;255;236;216m:[38;2;255;233;213m:[38;2;3;3;4m$[38;2;27;26;48mM[38;2;27;26;47mMMMMMMMMMMMMMMMMMM[38;2;27;26;48mMM[38;2;27;26;47mM[38;2;27;26;48mM[38;2;27;26;47mMMMMM               [0m
                     [38;2;27;26;48mM[38;2;36;34;37m#[38;2;32;31;53m#[38;2;27;26;47mMM[38;2;200;143;131m//[38;2;190;136;124mf[38;2;236;209;191m>[38;2;255;233;213m:[38;2;255;236;216m:[38;2;250;226;206mI[38;2;255;236;216m:[38;2;226;186;169m-[38;2;204;146;133m|[38;2;43;41;51mo[38;2;27;26;48mM[38;2;24;23;42mW[38;2;27;26;47mM[38;2;27;26;48mM[38;2;27;26;47mMMMMMMMMM[38;2;20;20;36m&[38;2;27;26;47mMMM[38;2;27;26;48mMM[38;2;27;26;47mMMM[38;2;27;26;48mM[38;2;27;26;47mMMMM[38;2;11;11;20m%               [0m
                    [38;2;27;26;48mM[38;2;27;26;47mMM[38;2;17;17;30m8[38;2;32;31;53m#[38;2;24;23;42mW[38;2;99;75;71mZ[38;2;200;143;131m/[38;2;204;146;133m|[38;2;170;121;110mn[38;2;177;126;115mx[38;2;170;121;110mn[38;2;206;150;137m([38;2;204;146;133m|[38;2;177;126;115mx[38;2;158;114;104mv[38;2;20;20;36m&[38;2;27;26;48mM[38;2;17;17;30m8[38;2;7;8;13mB[38;2;20;20;36m&[38;2;27;26;47mM[38;2;27;26;48mM[38;2;24;23;42mW[38;2;27;26;47mM[38;2;27;26;48mMM[38;2;27;26;47mMMMMMMMM[38;2;20;20;36m&[38;2;36;34;37m#[38;2;27;26;47mMM[38;2;27;26;48mM[38;2;20;20;36m&[38;2;27;26;47mMMM                [0m
                   [38;2;24;23;42mW[38;2;43;41;51mo[38;2;27;26;47mM[38;2;24;23;42mW[38;2;27;26;47mMMMMM[38;2;17;17;30m8[38;2;43;41;51mo[38;2;75;69;66mw[38;2;27;26;47mMMMMMMMM[38;2;11;11;20m%[38;2;99;75;71mZ[38;2;25;22;35mW[38;2;27;26;48mM[38;2;27;26;47mMM[38;2;27;26;48mM[38;2;27;26;47mMMMMMMM[38;2;11;11;20m%[38;2;20;20;36m&[38;2;17;17;30m8[38;2;16;15;27m8[38;2;17;17;30m88[38;2;24;23;42mW[38;2;17;17;30m8[38;2;16;15;27m8                  [0m
                  [38;2;11;11;20m%[38;2;27;26;48mM[38;2;36;34;37m#[38;2;32;31;53m#[38;2;27;26;47mMMMMMMM[38;2;24;23;42mW[38;2;27;26;47mM[38;2;27;26;48mMM[38;2;27;26;47mMMMM[38;2;17;17;30m8[38;2;20;20;36m&&&[38;2;27;26;47mMMMMMMM[38;2;17;17;30m8[38;2;27;26;48mM[38;2;20;20;36m&[38;2;27;26;47mMMMMMMM[38;2;8;7;13m@                     [0m
                  [38;2;11;11;20m%[38;2;27;26;47mMMMMMMMMMMMMMMM[38;2;27;26;48mMM[38;2;36;34;37m#[38;2;32;31;53m#[38;2;27;26;47mMMMMMMMM[38;2;27;26;48mM[38;2;27;26;47mM[38;2;17;17;30m8[38;2;27;26;48mM[38;2;27;26;47mMM[38;2;27;26;48mM[38;2;27;26;47mMM[38;2;27;26;48mM[38;2;27;26;47mMM                      [0m
                    [38;2;27;26;48mM[38;2;36;34;37m#[38;2;27;26;48mM[38;2;27;26;47mMMMMMMM[38;2;17;17;30m8[38;2;27;26;48mM[38;2;36;34;37m#[38;2;32;31;53m#[38;2;27;26;47mMMMMMMMM[38;2;24;23;42mW[38;2;27;26;47mM[38;2;27;26;48mM[38;2;27;26;47mMMM[38;2;17;17;30m8[38;2;27;26;47mMMMMMMMMM                      [0m
                              [38;2;24;23;42mW[38;2;31;30;57m#[38;2;27;26;47mM[38;2;24;23;42mW[38;2;43;41;51mo[38;2;27;26;48mM[38;2;24;23;42mW[38;2;27;26;47mM[38;2;27;26;48mM[38;2;27;26;47mMMMMMMMMM[38;2;20;20;36m&[38;2;27;26;47mMMM[38;2;27;26;48mMM[38;2;27;26;47mMMMM                      [0m
                             [38;2;7;8;13mB[38;2;20;20;36m&[38;2;27;26;47mMMM[38;2;27;26;48mM[38;2;20;20;36m&[38;2;27;26;47mMMMMM[38;2;27;26;48mM[38;2;27;26;47mMMMMMMMMMMMMMMM[38;2;24;23;42mW                      [0m
                             [38;2;16;15;27m8[38;2;27;26;48mM[38;2;27;26;47mMMM[38;2;24;23;42mW[38;2;27;26;47mM[38;2;27;26;48mM[38;2;27;26;47mMMMMMMMMM[38;2;20;20;36m&[38;2;27;26;47mM[38;2;24;23;42mW[38;2;31;30;57m#[38;2;27;26;47mM[38;2;24;23;42mW[38;2;43;41;51mo[38;2;27;26;48mM[38;2;27;26;47mM[38;2;27;26;48mM[38;2;27;26;47mMM                      [0m
                            [38;2;32;31;53m#[38;2;27;26;48mM[38;2;27;26;47mM[38;2;27;26;48mM[38;2;27;26;47mMM[38;2;27;26;48mM[38;2;27;26;47mMM[38;2;27;26;48mM[38;2;27;26;47mMMMMMMMMM[38;2;36;34;37m#[38;2;27;26;47mMM[38;2;24;23;42mW[38;2;20;20;36m&[38;2;27;26;47mMMMMMM                      [0m
                           [38;2;16;15;27m8[38;2;27;26;48mM[38;2;27;26;47mMMMM[38;2;27;26;48mM[38;2;27;26;47mMMMMMMMMMMMMMMM[38;2;24;23;42mW[38;2;27;26;48mM[38;2;27;26;47mMMMMM[38;2;24;23;42mW[38;2;27;26;47mM                      [0m
                          [38;2;20;20;36m&[38;2;27;26;47mMMMMMMMMMMMMMMMMM[38;2;27;26;48mMM[38;2;27;26;47mMMMMM[38;2;24;23;42mW[38;2;27;26;48mM[38;2;27;26;47mM[38;2;24;23;42mW[38;2;27;26;47mM[38;2;27;26;48mM[38;2;27;26;47mM[38;2;7;8;13mB                     [0m
                           [38;2;6;6;10m@[38;2;32;31;53m##[38;2;27;26;47mM[38;2;27;26;48mM[38;2;27;26;47mM[38;2;27;26;48mM[38;2;27;26;47mM[38;2;27;26;48mM[38;2;27;26;47mM[38;2;7;8;13mB[38;2;16;15;27m8[38;2;11;11;20m%[38;2;16;15;27m8[38;2;20;20;36m&&[38;2;27;26;47mMMM[38;2;27;26;48mM[38;2;20;20;36m&[38;2;27;26;47mMMMMMMM[38;2;27;26;48mM[38;2;27;26;47mMMM                     [0m
                          [38;2;24;23;42mWW[38;2;27;26;47mMMM[38;2;27;26;48mMM[38;2;27;26;47mMM[38;2;27;26;48mM[38;2;27;26;47mMMMMMMM[38;2;7;8;13mB[38;2;17;17;30m8[38;2;24;23;42mW[38;2;32;31;53m#[38;2;27;26;47mM[38;2;27;26;48mM[38;2;27;26;47mMM[38;2;24;23;42mW[38;2;17;17;30m8[38;2;7;8;13mB[38;2;17;17;30m8[38;2;24;23;42mW[38;2;31;30;57m#[38;2;27;26;47mM[38;2;24;23;42mW[38;2;7;8;13mB                    [0m
                         [38;2;27;26;48mMM[38;2;27;26;47mMM[38;2;27;26;48mM[38;2;27;26;47mMMMMMMMMM[38;2;36;34;37m#[38;2;27;26;47mMM[38;2;24;23;42mW[38;2;20;20;36m&[38;2;27;26;47mMMMMMMMMMMMMMMM                     [0m
                       [38;2;6;6;10m@[38;2;27;26;47mMMMMMMMMMMMMMMMMMM[38;2;27;26;48mMM[38;2;27;26;47mMMMMM[38;2;24;23;42mW[38;2;27;26;48mM[38;2;27;26;47mM[38;2;27;26;48mM[38;2;27;26;47mM[38;2;20;20;36m&[38;2;24;23;42mW[38;2;27;26;47mM[38;2;27;26;48mMM                     [0m
                      [38;2;24;23;42mWW[38;2;27;26;47mMMM[38;2;27;26;48mM[38;2;27;26;47mM[38;2;27;26;48mM[38;2;27;26;47mMMMMMMMMMMMMMMM[38;2;24;23;42mW[38;2;27;26;48mM[38;2;27;26;47mMMMMM[38;2;24;23;42mW[38;2;27;26;47mMMMMMMM                    [0m
                     [38;2;20;20;36m&&[38;2;27;26;47mMMMMMMMM[38;2;17;17;30m8[38;2;20;20;36m&[38;2;17;17;30m8[38;2;24;23;42mW[38;2;17;17;30m8[38;2;27;26;48mM[38;2;17;17;30m8[38;2;43;41;51mo[38;2;17;17;30m8[38;2;32;31;53m##[38;2;27;26;47mM[38;2;27;26;48mM[38;2;27;26;47mMMM[38;2;27;26;48mM[38;2;27;26;47mMMMMMMMMMMMM                    [0m
                    [38;2;27;26;48mM[38;2;27;26;47mM[38;2;20;20;36m&[38;2;27;26;47mMMMMM[38;2;32;31;53m#[38;2;16;15;27m88[38;2;20;20;36m&[38;2;27;26;47mM[38;2;27;26;48mM[38;2;27;26;47mMM[38;2;27;26;48mM[38;2;17;17;30m8[38;2;27;26;48mM[38;2;27;26;47mMMM[38;2;27;26;48mM[38;2;27;26;47mMM[38;2;27;26;48mM[38;2;27;26;47mMMMMMMMMM[38;2;36;34;37m#[38;2;27;26;47mMM[38;2;24;23;42mW[38;2;20;20;36m&                    [0m
                  [38;2;16;15;27m8[38;2;24;23;42mW[38;2;27;26;47mM[38;2;27;26;48mMM[38;2;27;26;47mMMMMMMMM[38;2;20;20;36m&[38;2;36;34;37m#[38;2;27;26;47mMM[38;2;27;26;48mM[38;2;7;8;13mB[38;2;17;17;30m8[38;2;27;26;47mM[38;2;32;31;53m#[38;2;27;26;47mM[38;2;16;15;27m8[38;2;24;23;42mW[38;2;27;26;47mM[38;2;24;23;42mW[38;2;32;31;53m#[38;2;27;26;47mM[38;2;24;23;42mW[38;2;27;26;47mM[38;2;27;26;48mMM[38;2;27;26;47mMMMMMMMM[38;2;20;20;36m&[38;2;3;3;4m$$                  [0m
                  [38;2;27;26;47mM[38;2;27;26;48mM[38;2;27;26;47mMMMMMMMMMMMMMMM[38;2;24;23;42mW[38;2;27;26;48mM[38;2;27;26;47mM  [38;2;17;17;30m8[38;2;27;26;47mMMMMM[38;2;17;17;30m8[38;2;27;26;48mM[38;2;20;20;36m&[38;2;27;26;47mMMMMMMMM[38;2;27;26;48mM[38;2;27;26;47mMM[38;2;7;8;13mB                   [0m
                [38;2;11;11;20m%[38;2;27;26;48mM[38;2;27;26;47mM[38;2;27;26;48mM[38;2;27;26;47mMMM[38;2;24;23;42mW[38;2;27;26;47mM[38;2;27;26;48mMM[38;2;27;26;47mMMMMMMMM[38;2;20;20;36m&[38;2;17;17;30m8     [38;2;27;26;48mM[38;2;27;26;47mM[38;2;20;20;36m&[38;2;27;26;47mMMMMMM[38;2;27;26;48mM[38;2;27;26;47mMMMMMMMMM                   [0m
                [38;2;20;20;36m&[38;2;27;26;47mMMM[38;2;27;26;48mM[38;2;20;20;36m&[38;2;27;26;47mMMMMMMMMMM[38;2;27;26;48mM[38;2;27;26;47mMM[38;2;27;26;48mM       [38;2;27;26;47mM[38;2;27;26;48mM[38;2;27;26;47mMM[38;2;27;26;48mM[38;2;27;26;47mMMMMMMMMM[38;2;36;34;37m#[38;2;27;26;47mMM[38;2;24;23;42mW                   [0m
              [38;2;11;11;20m%[38;2;27;26;47mMMMMMMMMMMMMMMMMM[38;2;27;26;48mMM[38;2;3;3;4m$         [38;2;32;31;53m##[38;2;27;26;47mM[38;2;27;26;48mM[38;2;27;26;47mMMMMMMMMMMMMM                   [0m
             [38;2;7;8;13mB[38;2;27;26;47mMM[38;2;24;23;42mW[38;2;27;26;47mM[38;2;27;26;48mM[38;2;27;26;47mMMMMMMMMM[38;2;20;20;36m&[38;2;27;26;47mMMM[38;2;27;26;48mM[38;2;6;6;10m@          [38;2;7;8;13mB[38;2;27;26;48mM[38;2;27;26;47mM[38;2;27;26;48mM[38;2;27;26;47mMMMMMMMMMMMMM                   [0m
            [38;2;17;17;30m8[38;2;27;26;48mM[38;2;20;20;36m&[38;2;27;26;47mMMMMMMMM[38;2;27;26;48mM[38;2;27;26;47mMMMMMMMM             [38;2;24;23;42mW[38;2;27;26;47mM[38;2;27;26;48mM[38;2;27;26;47mMMMMMMMMMMMMM                   [0m
            [38;2;20;20;36m&[38;2;27;26;47mMMM[38;2;27;26;48mM[38;2;20;20;36m&[38;2;27;26;47mMMMMMMMMMMM[38;2;27;26;48mM[38;2;27;26;47mM              [38;2;24;23;42mW[38;2;27;26;47mM[38;2;27;26;48mM[38;2;27;26;47mMMMMMMMMMMMM[38;2;16;15;27m8                   [0m
           [38;2;11;11;20m%[38;2;27;26;48mM[38;2;27;26;47mM[38;2;27;26;48mM[38;2;27;26;47mMMMMMMMMMMMMMM[38;2;3;3;4m$               [38;2;20;20;36m&[38;2;27;26;48mM[38;2;27;26;47mMM[38;2;27;26;48mM[38;2;27;26;47mMMMMMMMMM[38;2;17;17;30m8                    [0m
            [38;2;27;26;48mM[38;2;36;34;37m#[38;2;27;26;48mM[38;2;27;26;47mMMM[38;2;24;23;42mWW[38;2;27;26;47mMMM[38;2;27;26;48mM[38;2;27;26;47mMM[38;2;27;26;48mM[38;2;7;8;13mB                 [38;2;6;6;10m@[38;2;27;26;48mM[38;2;36;34;37m#[38;2;27;26;48mM[38;2;27;26;47mMMMMMMMMMMM                    [0m
            [38;2;27;26;47mMMMMMMMMMMMMM[38;2;20;20;36m&                    [38;2;27;26;47mM[38;2;24;23;42mW[38;2;27;26;47mM[38;2;27;26;48mMM[38;2;27;26;47mMMMMMM[38;2;20;20;36m&[38;2;31;30;57m#[38;2;27;26;47mM                    [0m
           [38;2;12;11;20m%[38;2;27;26;47mMMMMMMMMMMM                       MM[38;2;27;26;48mM[38;2;27;26;47mMM[38;2;27;26;48mM[38;2;27;26;47mMMMMMM[38;2;6;6;10m@[38;2;27;26;47mM[38;2;6;6;10m@                   [0m
           [38;2;16;15;27m8[38;2;43;41;51mo[38;2;27;26;47mM[38;2;24;23;42mW[38;2;27;26;47mMMMMMMMM                       [38;2;27;26;48mM[38;2;43;41;51mo[38;2;32;31;53m#[38;2;24;23;42mW[38;2;27;26;47mM[38;2;7;8;13mB[38;2;20;20;36m&[38;2;27;26;47mM[38;2;16;15;27m88[38;2;27;26;47mMM[38;2;24;23;42mW[38;2;17;17;30m8[38;2;27;26;47mM                   [0m
           [38;2;20;20;36m&[38;2;27;26;47mM[38;2;24;23;42mW[38;2;27;26;47mM[38;2;27;26;48mMM[38;2;27;26;47mMMMMMM[38;2;3;3;4m$                      [38;2;24;23;42mWW[38;2;27;26;47mM[38;2;27;26;48mMM[38;2;27;26;47mMMMMMMMM[38;2;20;20;36m&[38;2;36;34;37m#[38;2;3;3;4m$                  [0m
           [38;2;17;17;30m8[38;2;20;20;36m&&&[38;2;27;26;47mMMMMMMM[38;2;17;17;30m8[38;2;27;26;47mM                      MMM[38;2;27;26;48mM[38;2;27;26;47mMMMMMMMMMMMM                  [0m
           [38;2;16;15;27m8[38;2;27;26;47mM[38;2;27;26;48mM[38;2;27;26;47mMMMMMMMMMM                      MM[38;2;27;26;48mM[38;2;27;26;47mMM[38;2;27;26;48mM[38;2;27;26;47mMMMMMMMMM[38;2;36;34;37m#[38;2;3;3;4m$                 [0m
           [38;2;17;17;30m8[38;2;24;23;42mW[38;2;27;26;47mM[38;2;27;26;48mM[38;2;27;26;47mMMMMMMMMM                      MM[38;2;24;23;42mW[38;2;27;26;47mM[38;2;27;26;48mM[38;2;27;26;47mMMMMMMMMM[38;2;20;20;36m&[38;2;27;26;47mM[38;2;3;3;4m$                 [0m
           [38;2;7;8;13mB[38;2;27;26;47mMMM[38;2;24;23;42mW[38;2;27;26;47mM[38;2;27;26;48mMM[38;2;27;26;47mMMMMM                      [38;2;27;26;48mM[38;2;27;26;47mMMMMMMMMMMMMMMM[38;2;3;3;4m$                 [0m
