                                                                                [0m
                                                                                [0m
                                                                                [0m
                                                                                [0m
                                                                                [0m
                                                                                [0m
                                                                                [0m
                                                                                [0m
                                                                                [0m
                                                                                [0m
                                                                                [0m
                                     [38;2;180;172;187m}  [38;2;8;8;14mB[38;2;114;109;128mY[38;2;139;131;141mn[38;2;75;69;66mw                                    [0m
                                    [38;2;220;210;229m>[38;2;216;207;226m<[38;2;233;222;243mll[38;2;228;218;238m![38;2;148;141;154mj[38;2;233;222;243mll[38;2;162;152;164m/[38;2;87;83;87mO    [38;2;43;41;51mo                             [0m
                               [38;2;208;199;217m+ [38;2;123;117;129mc[38;2;228;218;238m![38;2;233;222;243mll[38;2;228;218;238m!!!![38;2;233;222;243ml[38;2;228;218;238m![38;2;233;222;243mll[38;2;228;218;238m!![38;2;199;190;208m-[38;2;43;41;51mo                               [0m
                              [38;2;233;222;243ml[38;2;228;218;238m!![38;2;233;222;243mll[38;2;228;218;238m!!!![38;2;233;222;243ml[38;2;228;218;238m![38;2;144;124;129mu[38;2;224;214;234mi[38;2;188;180;196m][38;2;233;222;243ml[38;2;228;218;238m!![38;2;216;207;226m<<                               [0m
                            [38;2;233;222;243ml[38;2;87;83;87mO[38;2;228;218;238m!!!!![38;2;233;222;243ml[38;2;228;218;238m![38;2;224;214;234mi[38;2;228;218;238m![38;2;233;222;243ml[38;2;216;207;226m<[38;2;104;99;108mJ[38;2;38;37;67mo[38;2;188;180;196m][38;2;163;117;107mu[38;2;216;207;226m<[38;2;123;117;129mc[38;2;180;172;187m}[38;2;233;222;243mll[38;2;196;187;204m?[38;2;2;2;4m$                            [0m
                             [38;2;211;202;221m~[38;2;233;222;243ml[38;2;228;218;238m!!!!!![38;2;196;187;204m?[38;2;38;37;67mo[38;2;165;131;121mr[38;2;139;131;141mn[38;2;40;38;55mo[38;2;66;63;88mq[38;2;27;26;48mM[38;2;233;216;195mi[38;2;226;206;189m<[38;2;156;146;134mf[38;2;87;83;87mO[38;2;24;23;42mW[38;2;233;222;243ml[38;2;131;125;138mu                             [0m
                            [38;2;43;41;51mo[38;2;233;222;243mlll[38;2;216;207;226m<[38;2;228;218;238m![38;2;233;222;243ml[38;2;228;218;238m!!![38;2;167;154;140m/[38;2;255;237;216m::[38;2;212;195;179m_[38;2;226;206;189m<[38;2;251;230;210m;[38;2;255;237;216m:[38;2;255;233;213m:[38;2;212;161;147m}[38;2;177;126;115mx[38;2;196;187;204m?[38;2;233;222;243ml[38;2;216;207;226m<                             [0m
                              [38;2;180;172;187m}[38;2;224;214;234mi[38;2;168;160;175m([38;2;233;222;243ml[38;2;114;107;116mY[38;2;233;222;243ml[38;2;230;211;193m>[38;2;167;153;151m/[38;2;180;172;187m}[38;2;156;146;134mf[38;2;255;237;216m:[38;2;255;233;213m::[38;2;185;169;154m1[38;2;120;103;94mU[38;2;148;145;125mj[38;2;142;138;119mx[38;2;204;187;171m?[38;2;106;100;91mC                               [0m
                              [38;2;233;222;243ml[38;2;228;218;238m![38;2;196;187;204m?[38;2;228;218;238m![38;2;185;169;154m1[38;2;154;133;122mxx[38;2;255;233;213m:[38;2;255;237;216m:[38;2;255;233;213m::[38;2;254;242;214m,[38;2;255;233;213m:[38;2;255;237;216m:[38;2;255;233;213m::[38;2;254;242;214m,[38;2;255;233;213m:[38;2;218;200;183m+                               [0m
                                [38;2;164;157;171m|[38;2;233;222;243ml[38;2;224;214;234mi[38;2;228;218;238m![38;2;199;190;208m-[38;2;198;142;129m/[38;2;170;121;110mn[38;2;230;211;193m>[38;2;255;233;213m:[38;2;255;237;216m:[38;2;255;233;213m::[38;2;255;237;216m:[38;2;255;233;213m::[38;2;254;242;214m,[38;2;212;195;179m_                               [0m
                                [38;2;148;141;154mj [38;2;2;2;4m$[38;2;204;195;212m_[38;2;172;164;179m)[38;2;162;152;164m/[38;2;206;150;136m([38;2;200;143;130m/[38;2;206;150;136m(((([38;2;200;143;130m//[38;2;158;114;104mv[38;2;2;2;4m$                                [0m
                                  [38;2;2;2;4m$  [38;2;75;69;66mw[38;2;204;146;133m||||[38;2;194;139;126mt[38;2;204;146;133m|[38;2;158;114;104mv[38;2;43;41;51mo[38;2;24;23;42mW[38;2;27;26;48mM                                [0m
                                     [38;2;24;23;42mW[38;2;11;11;20m%[38;2;99;75;71mZ[38;2;114;82;75mQ[38;2;40;38;55mo[38;2;27;26;48mM[38;2;27;26;47mMMM[38;2;27;26;48mM[38;2;27;26;47mM[38;2;27;26;48mM[38;2;27;26;47mMMMM[38;2;33;29;39m##[38;2;24;23;42mW[38;2;25;22;35mWW[38;2;27;26;47mM[38;2;25;22;35mW                    [0m
                                    [38;2;2;2;4m$[38;2;29;26;36mM[38;2;27;26;47mM[38;2;25;22;35mW[38;2;24;23;42mW[38;2;33;29;39m#[38;2;27;26;48mM[38;2;27;26;47mM[38;2;27;26;48mM[38;2;27;26;47mM[38;2;27;26;48mM[38;2;27;26;47mMMMM[38;2;25;22;35mW[38;2;27;26;47mM[38;2;24;23;42mW[38;2;27;26;47mM[38;2;27;26;48mM[38;2;27;26;47mMMM[38;2;25;22;35mW[38;2;27;26;47mM[38;2;2;2;4m$                  [0m
                                  [38;2;11;11;20m%[38;2;32;31;55m#[38;2;27;26;47mM[38;2;25;22;35mW[38;2;27;26;47mM[38;2;24;23;42mW[38;2;27;26;47mM[38;2;27;26;48mM[38;2;27;26;47mMMMMM[38;2;27;26;48mM[38;2;25;22;35mW[38;2;27;26;48mM[38;2;24;23;42mW[38;2;27;26;48mMM[38;2;27;26;47mMM[38;2;24;23;42mW[38;2;27;26;47mMMMMMM                  [0m
                               [38;2;8;8;14mB[38;2;24;23;42mW[38;2;27;26;48mM[38;2;27;26;47mM[38;2;27;26;48mMM[38;2;27;26;47mM[38;2;24;23;42mW[38;2;33;29;39m#[38;2;27;26;47mM[38;2;27;26;48mM[38;2;27;26;47mMM[38;2;16;15;28m8[38;2;25;22;35mW[38;2;24;23;42mW[38;2;16;15;28m8[38;2;25;22;35mW[38;2;27;26;47mMMMM[38;2;25;22;35mW[38;2;27;26;47mMMMMMMMM[38;2;6;6;10m@                 [0m
                            [38;2;17;17;30m8[38;2;27;26;47mMMMMM[38;2;25;22;35mW[38;2;27;26;47mMMMM[38;2;11;11;20m%%[38;2;16;15;28m8[38;2;32;31;55m#[38;2;27;26;47mM[38;2;27;26;48mM[38;2;27;26;47mM[38;2;178;152;38mjj[38;2;33;29;39m#[38;2;24;23;42mW[38;2;27;26;47mMMMM[38;2;25;22;35mW[38;2;27;26;47mMMMMMMMM                 [0m
                          [38;2;6;6;10m@[38;2;25;22;35mW[38;2;27;26;48mMM[38;2;27;26;47mM[38;2;27;26;48mM[38;2;27;26;47mM[38;2;27;26;48mM[38;2;27;26;47mMM[38;2;27;26;48mM[38;2;27;26;47mM[38;2;254;242;214m,[38;2;255;237;216m:[38;2;255;233;213m::[38;2;254;242;214m,[38;2;230;211;193m>[38;2;106;100;91mC[38;2;27;26;47mMMMM[38;2;25;22;35mW[38;2;27;26;48mM[38;2;27;26;47mM[38;2;27;26;48mMMM[38;2;24;23;42mW[38;2;27;26;47mMMM[38;2;25;22;35mW[38;2;27;26;47mM[38;2;24;23;42mW[38;2;27;26;47mM[38;2;27;26;48mM                [0m
                          [38;2;40;38;55mo[38;2;27;26;47mM[38;2;16;15;28m8[38;2;27;26;48mM[38;2;27;26;47mMMMMM[38;2;25;22;35mW[38;2;2;2;4m$[38;2;254;242;214m,,[38;2;243;221;202ml[38;2;255;237;216m:[38;2;255;233;213m:[38;2;235;198;181m~[38;2;204;146;133m|[38;2;99;75;71mZ[38;2;27;26;48mM[38;2;27;26;47mM[38;2;25;22;35mW[38;2;16;15;28m8[38;2;32;31;55m#[38;2;27;26;48mM[38;2;27;26;47mM[38;2;27;26;48mM[38;2;27;26;47mM[38;2;27;26;48mM[38;2;27;26;47mM[38;2;27;26;48mM[38;2;27;26;47mMMM[38;2;24;23;42mW[38;2;27;26;47mMMM                [0m
                         [38;2;2;2;4m$[38;2;27;26;47mM[38;2;24;23;42mW[38;2;27;26;47mM[38;2;25;22;35mW[38;2;27;26;47mM[38;2;24;23;42mW[38;2;27;26;47mM[38;2;27;26;48mM[38;2;27;26;47mM[38;2;2;2;4m$[38;2;255;233;213m:[38;2;255;237;216m:[38;2;254;242;214m,[38;2;204;146;133m|||[38;2;194;139;126mt[38;2;204;146;133m|[38;2;40;38;55mo[38;2;27;26;47mMM[38;2;11;11;20m%[38;2;27;26;47mM[38;2;27;26;48mM[38;2;27;26;47mMMMM[38;2;17;17;30m8[38;2;27;26;47mM[38;2;27;26;48mMM[38;2;25;22;35mW[38;2;27;26;48mM[38;2;24;23;42mW[38;2;27;26;48mMM[38;2;27;26;47mMM               [0m
                         [38;2;16;15;28m8[38;2;27;26;48mM[38;2;27;26;47mM[38;2;27;26;48mM[38;2;27;26;47mM[38;2;25;22;35mW[38;2;27;26;47mM[38;2;24;23;42mW[38;2;27;26;48mMM[38;2;16;15;28m8[38;2;219;170;155m][38;2;204;146;133m|||[38;2;8;7;13m@[38;2;27;26;47mM[38;2;27;26;48mM[38;2;27;26;47mM[38;2;27;26;48mM[38;2;27;26;47mM[38;2;27;26;48mM[38;2;27;26;47mM[38;2;17;17;30m8[38;2;27;26;48mM[38;2;27;26;47mM[38;2;27;26;48mMM[38;2;27;26;47mM[38;2;24;23;42mW[38;2;27;26;47mMMMM[38;2;25;22;35mW[38;2;27;26;47mM[38;2;24;23;42mW[38;2;27;26;47mM[38;2;27;26;48mM[38;2;27;26;47mM[38;2;2;2;4m$              [0m
                         [38;2;17;17;30m8[38;2;24;23;42mW[38;2;27;26;48mM[38;2;27;26;47mM[38;2;25;22;35mW[38;2;27;26;47mMM[38;2;16;15;28m8[38;2;27;26;48mM[38;2;27;26;47mM[38;2;27;26;48mM[38;2;25;22;35mW[38;2;27;26;48mMM[38;2;6;6;10m@[38;2;27;26;48mMM[38;2;27;26;47mMMMM[38;2;25;22;35mW[38;2;27;26;47mMMMMMMM[38;2;8;8;14mB[38;2;16;15;28m8[38;2;27;26;47mMM[38;2;27;26;48mM[38;2;27;26;47mM[38;2;27;26;48mM[38;2;27;26;47mM[38;2;27;26;48mM[38;2;27;26;47mMMM              [0m
                         [38;2;27;26;47mMMMM[38;2;25;22;35mW[38;2;27;26;47mMMMMMMMM[38;2;6;6;10m@[38;2;27;26;48mM[38;2;25;22;35mW[38;2;27;26;48mM[38;2;24;23;42mW[38;2;27;26;48mMM[38;2;27;26;47mMM[38;2;24;23;42mW[38;2;25;22;35mWW[38;2;27;26;47mMMMMMMM[38;2;25;22;35mW[38;2;27;26;47mMMMMMMMM              [0m
                        [38;2;27;26;47mMMMM[38;2;16;15;28m8[38;2;33;29;39m#[38;2;27;26;47mM[38;2;25;22;35mW[38;2;27;26;47mM[38;2;24;23;42mW[38;2;27;26;47mM[38;2;27;26;48mM[38;2;27;26;47mM[38;2;16;15;28m8[38;2;27;26;47mM[38;2;25;22;35mW[38;2;27;26;47mM[38;2;24;23;42mW[38;2;17;17;30m8[38;2;25;22;35mW[38;2;27;26;47mM[38;2;25;22;35mW[38;2;27;26;47mM[38;2;24;23;42mW[38;2;27;26;47mM[38;2;27;26;48mM[38;2;27;26;47mMMMMMM[38;2;24;23;42mW[38;2;25;22;35mW[38;2;27;26;47mMMMMMM[38;2;25;22;35mW[38;2;27;26;47mM              [0m
                       [38;2;6;6;10m@[38;2;27;26;48mM[38;2;27;26;47mM[38;2;27;26;48mM[38;2;27;26;47mMMMMMMM[38;2;24;23;42mW[38;2;27;26;47mM[38;2;2;2;4m$[38;2;29;26;36mM[38;2;212;195;179m_[38;2;255;237;216m:[38;2;40;38;55mo[38;2;27;26;47mMM[38;2;27;26;48mM[38;2;25;22;35mW[38;2;27;26;48mM[38;2;24;23;42mW[38;2;27;26;48mMM[38;2;27;26;47mMM[38;2;24;23;42mW[38;2;27;26;47mMMMM[38;2;25;22;35mW[38;2;27;26;47mMMMMMMM[38;2;16;15;28m8               [0m
                       [38;2;24;23;42mW[38;2;27;26;47mMMMM[38;2;27;26;48mM[38;2;27;26;47mM[38;2;27;26;48mM[38;2;43;41;51mo[38;2;255;233;213m:[38;2;255;237;216m:[38;2;254;242;214m,[38;2;255;233;213m:[38;2;251;230;210m;[38;2;255;233;213m:::[38;2;87;83;87mO[38;2;40;38;55mo[38;2;27;26;47mMMMM[38;2;25;22;35mW[38;2;27;26;47mMMMMMMMM[38;2;24;23;42mW[38;2;27;26;47mMM[38;2;27;26;48mM[38;2;17;17;30m8                    [0m
                      [38;2;6;6;10m@[38;2;33;29;39m#[38;2;25;22;35mW[38;2;27;26;47mMM[38;2;27;26;48mM[38;2;25;22;35mW[38;2;27;26;48mM[38;2;178;162;148m([38;2;255;233;213m:[38;2;255;237;216m:[38;2;255;233;213m:[38;2;255;237;216m:[38;2;255;233;213m::[38;2;218;200;183m+[38;2;200;143;130m/[38;2;204;146;133m|[38;2;198;142;129m/[38;2;11;11;20m%[38;2;27;26;48mM[38;2;27;26;47mM[38;2;27;26;48mMMM[38;2;24;23;42mW[38;2;27;26;47mMMM[38;2;2;2;4m$[38;2;24;23;42mW[38;2;27;26;47mMMMM                       [0m
                       [38;2;2;2;4m$[38;2;33;29;39m#[38;2;27;26;47mM[38;2;27;26;48mM[38;2;27;26;47mMMM[38;2;17;17;30m8[38;2;114;82;75mQ[38;2;207;150;137m([38;2;163;117;107mu[38;2;165;131;121mr[38;2;204;146;133m|[38;2;206;150;136m([38;2;200;143;130m/[38;2;24;23;42mW[38;2;27;26;48mM[38;2;32;31;55m#[38;2;27;26;48mM[38;2;27;26;47mMMMMMMMMM[38;2;40;38;55mo[38;2;17;17;30m8[38;2;27;26;48mM[38;2;25;22;35mW[38;2;27;26;48mM[38;2;24;23;42mW                       [0m
                         [38;2;24;23;42mW[38;2;27;26;48mM[38;2;27;26;47mM[38;2;27;26;48mM[38;2;17;17;30m8[38;2;27;26;48mM[38;2;27;26;47mM[38;2;27;26;48mM[38;2;114;82;75mQ[38;2;75;69;66mw[38;2;17;17;30m8[38;2;27;26;48mM[38;2;27;26;47mMMM[38;2;24;23;42mW[38;2;27;26;47mMMMM[38;2;25;22;35mW[38;2;27;26;47mMMMMMMMMMM[38;2;24;23;42mW                       [0m
                            [38;2;24;23;42mW[38;2;17;17;30m8[38;2;27;26;47mMMM[38;2;25;22;35mW[38;2;27;26;47mM[38;2;24;23;42mW[38;2;27;26;47mM[38;2;27;26;48mM[38;2;27;26;47mMMMMMM[38;2;24;23;42mW[38;2;25;22;35mW[38;2;27;26;47mMMMM[38;2;27;26;48mM[38;2;27;26;47mMM[38;2;25;22;35mW[38;2;27;26;47mM[38;2;24;23;42mW[38;2;27;26;47mM                       [0m
                           [38;2;11;11;20m%[38;2;27;26;48mM[38;2;27;26;47mMM[38;2;27;26;48mM[38;2;25;22;35mW[38;2;27;26;48mM[38;2;24;23;42mW[38;2;27;26;48mMM[38;2;27;26;47mMM[38;2;24;23;42mW[38;2;27;26;47mMMMM[38;2;25;22;35mW[38;2;27;26;47mMMMMMMMMMMM[38;2;25;22;35mW                       [0m
                          [38;2;24;23;42mW[38;2;17;17;30m8[38;2;27;26;47mMMMMM[38;2;25;22;35mW[38;2;27;26;47mM[38;2;24;23;42mW[38;2;27;26;47mM[38;2;27;26;48mM[38;2;27;26;47mMMMMMM[38;2;24;23;42mW[38;2;25;22;35mW[38;2;27;26;47mMMMM[38;2;27;26;48mM[38;2;27;26;47mMMMMMM[38;2;16;15;28m8                      [0m
                          [38;2;37;36;67mo[38;2;24;23;42mW[38;2;27;26;47mMM[38;2;24;23;42mW[38;2;27;26;47mMMMMM[38;2;25;22;35mW[38;2;27;26;47mMMMMMMMM[38;2;24;23;42mW[38;2;27;26;47mMM[38;2;27;26;48mM[38;2;27;26;47mM[38;2;27;26;48mMM[38;2;27;26;47mMMMMMM                      [0m
                          [38;2;24;23;42mW[38;2;33;29;39m#[38;2;27;26;47mM[38;2;27;26;48mMM[38;2;27;26;47mM[38;2;24;23;42mWW[38;2;27;26;48mM[38;2;27;26;47mM[38;2;27;26;48mM[38;2;27;26;47mM[38;2;27;26;48mM[38;2;27;26;47mMMM[38;2;24;23;42mW[38;2;27;26;47mMMMMMMMM[38;2;25;22;35mW[38;2;27;26;47mMMMMMM                      [0m
                         [38;2;25;22;35mW[38;2;27;26;47mM[38;2;25;22;35mW[38;2;27;26;47mM[38;2;24;23;42mW[38;2;27;26;47mM[38;2;27;26;48mM[38;2;27;26;47mMMMMMM[38;2;24;23;42mW[38;2;25;22;35mW[38;2;27;26;47mMMMM[38;2;16;15;28m8[38;2;25;22;35mW[38;2;24;23;42mWW[38;2;27;26;48mM[38;2;27;26;47mM[38;2;27;26;48mMMM[38;2;24;23;42mW[38;2;27;26;47mMMMM                      [0m
                        [38;2;27;26;47mMMMM[38;2;25;22;35mW[38;2;27;26;47mMMMMMMMM[38;2;24;23;42mW[38;2;27;26;47mMM[38;2;27;26;48mM[38;2;27;26;47mM[38;2;27;26;48mMM[38;2;27;26;47mMMMMMMMMM[38;2;25;22;35mW[38;2;16;15;28m8[38;2;27;26;47mM[38;2;27;26;48mM[38;2;27;26;47mM[38;2;8;7;13m@                     [0m
                      [38;2;25;22;35mW[38;2;27;26;47mM[38;2;24;23;42mW[38;2;27;26;47mMMMMM[38;2;27;26;48mM[38;2;27;26;47mM[38;2;27;26;48mM[38;2;27;26;47mM[38;2;27;26;48mM[38;2;27;26;47mMMM[38;2;24;23;42mW[38;2;27;26;47mMMMMMM[38;2;24;23;42mW[38;2;27;26;47mMMMMMMMM[38;2;24;23;42mW[38;2;27;26;47mM[38;2;24;23;42mW                       [0m
                     [38;2;27;26;47mMM[38;2;27;26;48mM[38;2;25;22;35mW[38;2;27;26;48mM[38;2;24;23;42mW[38;2;27;26;48mMM[38;2;27;26;47mMM[38;2;24;23;42mW[38;2;27;26;47mMMMM[38;2;25;22;35mW[38;2;27;26;47mMMMMMMMMMM[38;2;24;23;42mW[38;2;27;26;47mM[38;2;24;23;42mW[38;2;27;26;47mMMMMM[38;2;25;22;35mW[38;2;27;26;47mM                       [0m
                    [38;2;27;26;47mMMMM[38;2;25;22;35mW[38;2;17;17;30m8[38;2;25;22;35mW[38;2;16;15;28m8[38;2;27;26;47mMMMMMMM[38;2;27;26;48mM[38;2;25;22;35mW[38;2;27;26;48mM[38;2;24;23;42mW[38;2;27;26;48mMM[38;2;27;26;47mMM[38;2;24;23;42mW[38;2;27;26;47mMMMM[38;2;25;22;35mW[38;2;27;26;47mMMMMMMMM[38;2;16;15;28m8                      [0m
                   [38;2;37;36;67mo[38;2;27;26;47mMMM[38;2;24;23;42mW[38;2;27;26;47mMM[38;2;27;26;48mM[38;2;27;26;47mM[38;2;27;26;48mM[38;2;27;26;47mM[38;2;27;26;48mM[38;2;25;22;35mW[38;2;17;17;30m8[38;2;40;38;55mo[38;2;27;26;48mM[38;2;27;26;47mMMMM[38;2;27;26;48mM[38;2;27;26;47mM[38;2;27;26;48mMM[38;2;16;15;28m8[38;2;27;26;47mMM[38;2;27;26;48mM[38;2;27;26;47mM[38;2;27;26;48mM[38;2;27;26;47mM[38;2;27;26;48mM[38;2;27;26;47mMMM[38;2;24;23;42mW[38;2;27;26;47mMMM                      [0m
                  [38;2;24;23;42mW[38;2;27;26;47mMMMMM[38;2;25;22;35mW[38;2;27;26;47mMMMMMMMM[38;2;24;23;42mW[38;2;27;26;47mMM[38;2;27;26;48mM[38;2;27;26;47mM[38;2;27;26;48mMM[38;2;27;26;47mMMMMMM[38;2;27;26;48mM[38;2;27;26;47mMMMMMMM[38;2;25;22;35mW[38;2;27;26;47mMMM                      [0m
                  [38;2;17;17;30m8[38;2;27;26;47mMMM[38;2;27;26;48mM[38;2;27;26;47mM[38;2;27;26;48mM[38;2;27;26;47mM[38;2;27;26;48mM[38;2;27;26;47mMMM[38;2;24;23;42mW[38;2;27;26;47mM[38;2;16;15;28m8[38;2;27;26;48mM[38;2;27;26;47mM[38;2;27;26;48mM[38;2;17;17;30m8[38;2;27;26;47mMMMMMMMM[38;2;25;22;35mW[38;2;27;26;47mMMMMMMMMMM[38;2;24;23;42mW[38;2;27;26;48mM  [38;2;2;2;4m$                   [0m
                [38;2;8;8;14mB[38;2;24;23;42mW[38;2;27;26;47mMMM[38;2;25;22;35mW[38;2;27;26;47mM[38;2;24;23;42mW[38;2;27;26;47mM[38;2;27;26;48mM[38;2;27;26;47mMMMMMM[38;2;24;23;42mW[38;2;25;22;35mW[38;2;27;26;47mM[38;2;8;8;14mB [38;2;37;36;67mo[38;2;27;26;47mMMM[38;2;24;23;42mW[38;2;27;26;47mMMMM[38;2;27;26;48mM[38;2;27;26;47mM[38;2;27;26;48mM[38;2;27;26;47mM[38;2;27;26;48mM[38;2;27;26;47mMMM[38;2;24;23;42mW[38;2;27;26;47mMMM[38;2;16;15;28m8                     [0m
                [38;2;27;26;47mMMM[38;2;25;22;35mW[38;2;27;26;47mM[38;2;24;23;42mW[38;2;27;26;47mM[38;2;27;26;48mM[38;2;27;26;47mMMMMMM[38;2;24;23;42mW[38;2;25;22;35mW[38;2;27;26;47mMM[38;2;17;17;30m8  [38;2;2;2;4m$[38;2;27;26;48mM[38;2;27;26;47mM[38;2;27;26;48mM[38;2;27;26;47mMMMMMMMM[38;2;17;17;30m8[38;2;27;26;47mMM[38;2;24;23;42mW[38;2;27;26;47mM[38;2;27;26;48mM[38;2;27;26;47mM[38;2;27;26;48mM[38;2;27;26;47mM[38;2;17;17;30m8                     [0m
               [38;2;16;15;28m8[38;2;27;26;48mM[38;2;27;26;47mM[38;2;27;26;48mM[38;2;27;26;47mMMMMMMMM[38;2;17;17;30m8[38;2;27;26;47mMM[38;2;24;23;42mW[38;2;27;26;47mMM[38;2;27;26;48mM    [38;2;27;26;47mM[38;2;27;26;48mM[38;2;27;26;47mM[38;2;27;26;48mMM[38;2;27;26;47mM[38;2;24;23;42mW[38;2;27;26;47mMMMMMMMM[38;2;24;23;42mW[38;2;27;26;47mMMM[38;2;27;26;48mM[38;2;27;26;47mM                     [0m
              [38;2;16;15;28m8[38;2;27;26;48mM[38;2;25;22;35mW[38;2;27;26;48mM[38;2;24;23;42mW[38;2;27;26;48mMM[38;2;27;26;47mMM[38;2;24;23;42mW[38;2;27;26;47mMMMM[38;2;25;22;35mW[38;2;27;26;47mMMMM      [38;2;24;23;42mW[38;2;27;26;47mMMMMMMMMMMM[38;2;25;22;35mW[38;2;27;26;47mMMMMMMM[38;2;8;8;14mB                    [0m
              [38;2;32;31;55m#[38;2;27;26;47mMM[38;2;24;23;42mW[38;2;27;26;47mMMMMMM[38;2;25;22;35mW[38;2;27;26;47mMMMMMMM        [38;2;27;26;48mM[38;2;27;26;47mM[38;2;27;26;48mM[38;2;27;26;47mM[38;2;27;26;48mM[38;2;27;26;47mMMM[38;2;24;23;42mW[38;2;27;26;47mMMMMMM[38;2;24;23;42mW[38;2;27;26;47mMMMM                    [0m
             [38;2;24;23;42mWW[38;2;27;26;47mMMMMM[38;2;27;26;48mM[38;2;27;26;47mM[38;2;27;26;48mM[38;2;27;26;47mM[38;2;27;26;48mM[38;2;27;26;47mMMM[38;2;24;23;42mW[38;2;27;26;47mM[38;2;16;15;28m8         [38;2;11;11;20m%[38;2;27;26;48mM[38;2;27;26;47mMMMMMMMMM[38;2;40;38;55mo[38;2;17;17;30m8[38;2;27;26;47mMM[38;2;25;22;35mW[38;2;27;26;47mMM[38;2;27;26;48mMM                    [0m
            [38;2;24;23;42mW[38;2;27;26;47mMMMM[38;2;25;22;35mW[38;2;27;26;47mMMMMMMMMMM[38;2;24;23;42mW[38;2;27;26;48mM            [38;2;27;26;47mMMMM[38;2;25;22;35mW[38;2;27;26;47mMMMMMMMM[38;2;24;23;42mW[38;2;27;26;47mMM[38;2;27;26;48mM[38;2;27;26;47mM                    [0m
            [38;2;27;26;48mM[38;2;27;26;47mM[38;2;27;26;48mM[38;2;27;26;47mM[38;2;27;26;48mM[38;2;27;26;47mMMM[38;2;24;23;42mW[38;2;27;26;47mMMMMMM[38;2;24;23;42mW[38;2;2;2;4m$             [38;2;8;8;14mB[38;2;27;26;48mMM[38;2;27;26;47mM[38;2;27;26;48mM[38;2;27;26;47mM[38;2;27;26;48mM[38;2;27;26;47mMMM[38;2;24;23;42mW[38;2;27;26;47mMMMMMM[38;2;24;23;42mW                    [0m
           [38;2;24;23;42mW[38;2;27;26;48mM[38;2;27;26;47mM[38;2;27;26;48mM[38;2;27;26;47mM[38;2;17;17;30m8[38;2;24;23;42mWW[38;2;16;15;28m8[38;2;27;26;47mM[38;2;27;26;48mM[38;2;27;26;47mM[38;2;27;26;48mM[38;2;25;22;35mW[38;2;27;26;48mM[38;2;24;23;42mW                [38;2;17;17;30m8[38;2;27;26;47mMMMM[38;2;25;22;35mW[38;2;27;26;47mMMMMMMMM[38;2;24;23;42mW[38;2;27;26;47mMM[38;2;2;2;4m$                   [0m
           [38;2;11;11;20m%[38;2;27;26;48mM[38;2;27;26;47mMMMMMM[38;2;25;22;35mW[38;2;27;26;47mM[38;2;24;23;42mW[38;2;27;26;47mM[38;2;27;26;48mM[38;2;27;26;47mM[38;2;16;15;28m8                  [38;2;27;26;47mMMMMM[38;2;25;22;35mW[38;2;27;26;47mMMMMMMMMMM[38;2;24;23;42mW                   [0m
           [38;2;24;23;42mW[38;2;27;26;47mMMMM[38;2;25;22;35mW[38;2;27;26;47mMMMMMMM                     MMMM[38;2;25;22;35mW[38;2;27;26;47mMMMMMMMMMM[38;2;24;23;42mW                   [0m
           [38;2;25;22;35mW[38;2;27;26;48mM[38;2;27;26;47mM[38;2;27;26;48mM[38;2;27;26;47mMMMMMMMM[38;2;17;17;30m8                     [38;2;16;15;28m8[38;2;27;26;48mM[38;2;27;26;47mM[38;2;27;26;48mM[38;2;27;26;47mM[38;2;27;26;48mM[38;2;27;26;47mMMM[38;2;24;23;42mW[38;2;27;26;47mMMM[38;2;16;15;28m8[38;2;24;23;42mWW[38;2;2;2;4m$                  [0m
           [38;2;16;15;28m8[38;2;27;26;47mMMMM[38;2;25;22;35mW[38;2;27;26;47mMMMMMMM                     [38;2;2;2;4m$[38;2;33;29;39m#[38;2;27;26;47mM[38;2;27;26;48mM[38;2;27;26;47mMMMMM[38;2;27;26;48mM[38;2;27;26;47mM[38;2;27;26;48mM[38;2;27;26;47mM[38;2;27;26;48mM[38;2;27;26;47mMM[38;2;11;11;20m%                  [0m
           [38;2;2;2;4m$[38;2;17;17;30m8[38;2;27;26;47mMMMMMMM[38;2;27;26;48mM[38;2;27;26;47mM[38;2;27;26;48mM[38;2;27;26;47mM                     [38;2;11;11;20m%[38;2;27;26;48mM[38;2;27;26;47mM[38;2;27;26;48mM[38;2;27;26;47mMMMMMMMM[38;2;17;17;30m8[38;2;27;26;47mMM[38;2;24;23;42mW[38;2;27;26;47mM                  [0m
            [38;2;27;26;47mMMMMM[38;2;25;22;35mW[38;2;27;26;47mMMMMMM                     [38;2;2;2;4m$[38;2;27;26;48mM[38;2;27;26;47mM[38;2;27;26;48mM[38;2;27;26;47mMMMMMMMM[38;2;17;17;30m8[38;2;27;26;47mMM[38;2;24;23;42mW[38;2;27;26;47mM                  [0m
            [38;2;24;23;42mW[38;2;27;26;47mMMMMM[38;2;25;22;35mW[38;2;27;26;47mMMMMM[38;2;2;2;4m$                     [38;2;27;26;48mM[38;2;27;26;47mM[38;2;27;26;48mM[38;2;27;26;47mMMMMMMMM[38;2;17;17;30m8[38;2;27;26;47mMM[38;2;24;23;42mW[38;2;27;26;47mM                  [0m
            [38;2;25;22;35mW[38;2;27;26;47mM[38;2;24;23;42mW[38;2;27;26;47mMMMMMMMMM[38;2;6;6;10m@                     [38;2;27;26;47mMMMM[38;2;25;22;35mW[38;2;27;26;47mMMMMMMMM[38;2;24;23;42mW[38;2;27;26;47mMM                  [0m
            [38;2;12;11;20m%[38;2;27;26;47mMM[38;2;25;22;35mW[38;2;27;26;47mM[38;2;24;23;42mW[38;2;27;26;47mM[38;2;27;26;48mM[38;2;27;26;47mMMMM[38;2;25;22;35mW                     [38;2;27;26;48mM[38;2;27;26;47mMM[38;2;25;22;35mW[38;2;27;26;47mM[38;2;24;23;42mW[38;2;27;26;47mM[38;2;27;26;48mM[38;2;27;26;47mMMMMMM[38;2;24;23;42mW[38;2;25;22;35mW                  [0m
