                                                                                [0m
                                                                                [0m
                                                                                [0m
                                                                                [0m
                                                                                [0m
                                                                                [0m
                                                                                [0m
                                                                                [0m
                                                                                [0m
                                                                                [0m
                                                                                [0m
                                   [38;2;36;34;37m#[38;2;139;131;141mn [38;2;220;210;229m>[38;2;233;222;243ml[38;2;228;218;238m![38;2;75;69;66mw                                      [0m
                              [38;2;114;109;128mY[38;2;131;125;138mu [38;2;3;3;5m$[38;2;233;222;243ml[38;2;216;207;226m<[38;2;228;218;238m!![38;2;233;222;243mll[38;2;228;218;238m![38;2;233;222;243ml[38;2;228;218;238m!![38;2;233;222;243ml[38;2;228;218;238m![38;2;233;222;243ml[38;2;228;218;238m![38;2;123;117;129mc                               [0m
                             [38;2;164;156;171m|[38;2;233;222;243ml[38;2;123;117;129mc[38;2;233;222;243ml[38;2;228;218;238m![38;2;233;222;243ml[38;2;228;218;238m!!![38;2;233;222;243ml[38;2;228;218;238m!![38;2;175;168;183m1[38;2;233;222;243ml[38;2;228;218;238m!!![38;2;233;222;243ml                                 [0m
                          [38;2;87;83;87mO[38;2;156;149;162mt[38;2;131;125;138mu[38;2;228;218;238m![38;2;233;222;243mll[38;2;228;218;238m!!![38;2;224;215;234mi[38;2;228;218;238m!![38;2;216;207;226m<[38;2;188;179;196m][38;2;200;143;130m/[38;2;164;156;171m|[38;2;204;195;212m_[38;2;208;199;217m+[38;2;228;218;238m![38;2;172;164;179m)[38;2;211;202;220m~[38;2;233;222;243ml[38;2;3;3;5m$                               [0m
                           [38;2;216;207;226m<[38;2;196;187;204m?[38;2;233;222;243ml[38;2;228;218;238m!!![38;2;233;222;243ml[38;2;228;218;238m![38;2;233;222;243mll[38;2;228;218;238m![38;2;163;117;107mu[38;2;233;222;243ml[38;2;31;30;57m#[38;2;66;63;88mq[38;2;180;172;188m}[38;2;145;104;95mX[38;2;224;215;234mi[38;2;11;11;20m%[38;2;104;99;108mJ[38;2;88;85;105m0[38;2;233;222;243mlll[38;2;147;135;145mx                            [0m
                            [38;2;12;11;20m%[38;2;224;215;234mi[38;2;228;218;238m![38;2;233;222;243ml[38;2;228;218;238m![38;2;233;222;243ml[38;2;228;218;238m!![38;2;43;41;51mo[38;2;245;225;205mI[38;2;167;154;140m/[38;2;3;3;5m$[38;2;27;26;47mM[38;2;24;23;42mW[38;2;106;100;91mC[38;2;255;233;213m:[38;2;134;119;120mc[38;2;238;205;187m<[38;2;35;34;61m*[38;2;75;69;66mw[38;2;87;83;87mO[38;2;233;222;243ml                              [0m
                           [38;2;211;202;220m~[38;2;156;149;162mt[38;2;162;152;164m/[38;2;233;222;243ml[38;2;184;175;192m{[38;2;216;207;226m<[38;2;233;222;243ml[38;2;204;195;212m_[38;2;233;222;243ml[38;2;168;160;175m([38;2;167;153;151m/[38;2;106;100;91mC[38;2;239;219;201m![38;2;255;237;216m:[38;2;255;233;213m::[38;2;255;237;216m::[38;2;255;233;213m::[38;2;3;3;5m$[38;2;11;11;20m%[38;2;75;69;66mw                              [0m
                             [38;2;168;160;175m([38;2;228;218;238m![38;2;172;164;179m)[38;2;139;131;141mn[38;2;163;117;107mu[38;2;134;99;90mU[38;2;106;100;91mC[38;2;255;233;213m:::[38;2;255;237;216m:[38;2;255;233;213m::[38;2;254;242;214m,[38;2;255;233;213m:[38;2;254;242;214m,[38;2;255;233;213m::[38;2;196;180;164m]                                [0m
                            [38;2;211;202;220m~[38;2;180;172;188m}[38;2;3;3;5m$[38;2;196;187;204m?[38;2;233;222;243mll[38;2;114;107;116mY[38;2;156;146;134mf[38;2;200;143;130m/[38;2;255;237;216m:[38;2;255;233;213m:::[38;2;255;237;216m:[38;2;250;226;206mI[38;2;255;237;216m:[38;2;255;233;213m::[38;2;255;237;216m:[38;2;167;154;140m/                                [0m
                               [38;2;162;152;164m/[38;2;87;83;87mO[38;2;131;125;138mu[38;2;87;83;87mO[38;2;180;172;188m}[38;2;170;121;110mn[38;2;204;146;133m|[38;2;190;136;124mf[38;2;187;133;122mf[38;2;245;225;205mI[38;2;255;233;213m:[38;2;255;237;216m:[38;2;255;233;213m::[38;2;255;237;216m:[38;2;250;226;206mI[38;2;186;171;163m}                                [0m
                                 [38;2;3;3;5m$  [38;2;99;75;71mZ[38;2;206;150;137m([38;2;204;146;133m|[38;2;206;150;137m(([38;2;204;146;133m||[38;2;206;150;137m(([38;2;125;90;83mC                                  [0m
                                    [38;2;163;117;107mu[38;2;200;143;130m/[38;2;206;150;137m([38;2;200;143;130m/[38;2;43;41;51mo[38;2;14;14;26m%[38;2;24;23;42mW[38;2;27;26;47mMM[38;2;35;34;61m*[38;2;11;11;20m% [38;2;17;17;30m8[38;2;27;26;47mM[38;2;27;26;48mMM[38;2;27;26;47mM[38;2;27;26;48mM[38;2;27;26;47mMM[38;2;27;26;48mMM[38;2;27;26;47mM                     [0m
                                    [38;2;27;26;47mM[38;2;27;26;48mM[38;2;27;26;47mM[38;2;6;6;11m@[38;2;27;26;47mMMMMMMMM[38;2;27;26;48mM[38;2;27;26;47mMMMMMMMM[38;2;27;26;48mM[38;2;27;26;47mMM[38;2;8;8;14mB                   [0m
                                  [38;2;6;6;11m@[38;2;27;26;47mMM[38;2;35;34;61m*[38;2;27;26;48mM[38;2;27;26;47mM[38;2;27;26;48mM[38;2;38;37;67mo[38;2;27;26;47mMMM[38;2;24;23;42mW[38;2;27;26;48mM[38;2;27;26;47mM[38;2;35;34;61m*[38;2;27;26;47mMMMMMMMMMMMMM[38;2;14;14;26m%                 [0m
                               [38;2;11;11;20m%[38;2;27;26;47mM[38;2;27;26;48mM[38;2;27;26;47mM[38;2;17;17;30m8[38;2;27;26;48mM[38;2;27;26;47mM[38;2;35;34;61m*[38;2;27;26;47mMM[38;2;24;23;42mWW[38;2;27;26;47mMMM[38;2;14;14;26m%[38;2;20;20;36m&&[38;2;14;14;26m%[38;2;27;26;47mMM[38;2;17;17;30m8[38;2;27;26;48mM[38;2;27;26;47mMM[38;2;27;26;48mMM[38;2;27;26;47mMMMMMMM               [0m
                           [38;2;20;20;36m&[38;2;27;26;48mMM[38;2;35;34;61m*[38;2;27;26;47mMMMMMMMMMMMMMMMM[38;2;170;145;36mr[38;2;17;17;29m8[38;2;24;23;42mW[38;2;27;26;47mM[38;2;24;23;42mW[38;2;27;26;48mM[38;2;14;14;26m%%[38;2;17;17;30m8[38;2;27;26;48mM[38;2;20;20;36m&[38;2;17;17;30m8[38;2;27;26;47mM[38;2;27;26;48mMM[38;2;27;26;47mMMMMM             [0m
                          [38;2;20;20;36m&[38;2;27;26;47mMMM[38;2;35;34;61m*[38;2;27;26;47mMMMMMMM[38;2;27;26;48mMM[38;2;8;8;14mB[38;2;16;15;28m8[38;2;27;26;47mMMM[38;2;27;26;48mM[38;2;27;26;47mMMMMMMMMMMMMM[38;2;35;34;61m*[38;2;27;26;48mM[38;2;27;26;47mMMMMMMM[38;2;6;6;11m@           [0m
                         [38;2;27;26;48mM[38;2;27;26;47mMMMMM[38;2;27;26;48mM[38;2;27;26;47mMM[38;2;35;34;61m*[38;2;154;133;122mx[38;2;255;233;213m::::[38;2;204;146;133m|[38;2;11;11;20m%[38;2;38;37;67mo[38;2;27;26;48mM[38;2;27;26;47mMM[38;2;24;23;42mWW[38;2;27;26;47mMMM[38;2;35;34;61m*[38;2;27;26;48mM[38;2;27;26;47mMMMMMMMMMMM[38;2;27;26;48mM[38;2;27;26;47mMMMM           [0m
                        [38;2;27;26;47mM[38;2;27;26;48mM[38;2;27;26;47mM[38;2;27;26;48mM[38;2;27;26;47mMMMMMM[38;2;154;133;122mx[38;2;255;237;216m:[38;2;255;233;213m::[38;2;254;242;214m,[38;2;200;143;130m/[38;2;206;150;137m([38;2;17;17;30m8[38;2;27;26;47mM[38;2;27;26;48mM[38;2;27;26;47mMMMMMMMMMMMMMMMMM[38;2;27;26;48mM[38;2;27;26;47mMMMMMMM[38;2;3;3;5m$          [0m
                      [38;2;12;11;20m%[38;2;27;26;48mM[38;2;35;34;61m*[38;2;27;26;47mMMM[38;2;20;20;36m&[38;2;24;23;42mW[38;2;27;26;48mM[38;2;27;26;47mMM[38;2;24;23;42mW[38;2;125;90;83mC[38;2;204;146;133m||[38;2;206;150;137m(([38;2;99;75;71mZ[38;2;75;69;66mw[38;2;17;17;30m8[38;2;27;26;47mMMM[38;2;27;26;48mMM[38;2;38;37;67mo[38;2;27;26;47mMMM[38;2;24;23;42mW[38;2;27;26;48mM[38;2;27;26;47mMMMMMMMMMMMMMMM[38;2;11;11;20m%           [0m
                     [38;2;27;26;48mM[38;2;27;26;47mMMMMMMMMMMMMM[38;2;146;104;95mX[38;2;200;143;130m/[38;2;146;104;95mX[38;2;204;146;133m||[38;2;11;11;20m%[38;2;24;23;42mW[38;2;27;26;48mM[38;2;27;26;47mMM[38;2;24;23;42mWW[38;2;27;26;47mMMM[38;2;16;15;28m8[38;2;27;26;47mMMMMMMM[38;2;3;3;5m$$[38;2;11;11;20m%%[38;2;16;15;28m8[38;2;14;14;26m%[38;2;20;20;36m&[38;2;14;14;26m%[38;2;11;11;20m%             [0m
                   [38;2;11;11;20m%[38;2;27;26;47mM[38;2;27;26;48mM[38;2;27;26;47mMMM[38;2;35;34;61m*[38;2;27;26;48mM[38;2;27;26;47mMMMMMMMMMMM[38;2;27;26;48mM[38;2;27;26;47mMMMMMM[38;2;27;26;48mM[38;2;27;26;47mMMMMM[38;2;24;23;42mW[38;2;27;26;48mM[38;2;27;26;47mMM[38;2;24;23;42mWW[38;2;27;26;47mM                      [0m
                  [38;2;17;17;30m8[38;2;27;26;47mMMMMM[38;2;35;34;61m*[38;2;27;26;47mMM[38;2;24;23;42mW[38;2;27;26;47mM[38;2;25;23;37mW[38;2;38;37;67mo[38;2;27;26;48mM[38;2;27;26;47mMM[38;2;43;41;51moo[38;2;8;8;14mB[38;2;87;83;87mO[38;2;120;103;94mU[38;2;212;195;179m_[38;2;43;41;51moo[38;2;27;26;47mM[38;2;27;26;48mM[38;2;27;26;47mMMMMMMM[38;2;35;34;61m*[38;2;27;26;48mM[38;2;27;26;47mMMMMM                      [0m
                 [38;2;14;14;26m%[38;2;38;37;67mo[38;2;27;26;48mM[38;2;27;26;47mMM[38;2;24;23;42mWW[38;2;27;26;47mMMMMMM[38;2;35;34;61m*[38;2;27;26;47mM[38;2;178;162;148m([38;2;255;237;216m:[38;2;255;233;213m:::::[38;2;255;237;216m:[38;2;250;226;206mI[38;2;255;237;216m:[38;2;3;3;5m$$[38;2;27;26;47mMMM[38;2;27;26;48mM[38;2;27;26;47mMMMMMMMMM                       [0m
                 [38;2;20;20;36m&[38;2;38;37;67mo[38;2;27;26;48mM[38;2;27;26;47mMM[38;2;24;23;42mWW[38;2;27;26;47mMMMMMM[38;2;31;30;57m#[38;2;75;69;66mw[38;2;255;233;213m::[38;2;255;237;216m:[38;2;255;233;213m::[38;2;250;226;206mI[38;2;254;242;214m,[38;2;255;237;216m:[38;2;156;146;134mf[38;2;255;233;213m:[38;2;204;187;171m?[38;2;251;229;210m;[38;2;43;41;51moo[38;2;27;26;47mM[38;2;35;34;61m*[38;2;27;26;48mM[38;2;27;26;47mMMMMMMMM                       [0m
                  [38;2;27;26;47mM[38;2;35;34;61m*[38;2;27;26;48mM[38;2;27;26;47mMMMMMMMMMM[38;2;146;104;95mX[38;2;212;161;147m}[38;2;204;146;133m||[38;2;194;139;126mt[38;2;158;114;104mv[38;2;206;150;137m([38;2;194;139;126mt[38;2;190;136;124mf[38;2;204;146;133m|[38;2;194;139;126mt[38;2;114;82;75mQ[38;2;27;26;48mM[38;2;38;37;67mo[38;2;27;26;48mM[38;2;27;26;47mMM[38;2;24;23;42mWW[38;2;27;26;47mMMMMMM[38;2;31;30;57m#                       [0m
                      [38;2;6;6;11m@[38;2;14;14;26m%[38;2;27;26;47mM[38;2;27;26;48mM[38;2;27;26;47mM[38;2;27;26;48mM[38;2;27;26;47mMM[38;2;17;17;30m8[38;2;27;26;47mM[38;2;75;69;66mw[38;2;8;8;14mB[38;2;75;69;66mw[38;2;204;146;133m|[38;2;206;150;137m([38;2;163;117;107mu[38;2;206;150;137m([38;2;200;143;130m/[38;2;36;34;37m#[38;2;17;17;30m8[38;2;27;26;47mMMMMMM[38;2;27;26;48mMM[38;2;27;26;47mMMMMMMM                       [0m
                             [38;2;17;17;30m8[38;2;35;34;61m*[38;2;27;26;47mMMMMMMMMMMMMMMMMMMMM[38;2;27;26;48mM[38;2;27;26;47mM[38;2;27;26;48mM[38;2;27;26;47mMM[38;2;17;17;30m8                       [0m
                             [38;2;20;20;36m&[38;2;27;26;47mMMM[38;2;27;26;48mM[38;2;27;26;47mMMMMMMMMMMMMMMMM[38;2;24;23;42mW[38;2;27;26;48mM[38;2;27;26;47mMMMMM                       [0m
                             [38;2;27;26;48mM[38;2;27;26;47mMMMMM[38;2;27;26;48mM[38;2;27;26;47mMMMMMMMM[38;2;27;26;48mMM[38;2;27;26;47mMMMMMMMMMMM[38;2;16;15;28m8                      [0m
                            [38;2;27;26;47mM[38;2;35;34;61m*[38;2;27;26;48mM[38;2;27;26;47mMMMMMMMMMMM[38;2;27;26;48mM[38;2;27;26;47mMMMMMM[38;2;16;15;28m8[38;2;27;26;47mM[38;2;27;26;48mM[38;2;27;26;47mMMMMMM                      [0m
                            [38;2;27;26;47mMMMM[38;2;35;34;61m*[38;2;27;26;47mMMMMMMMMMMMMMMMM[38;2;27;26;48mM[38;2;27;26;47mMMMMM[38;2;27;26;48mM[38;2;27;26;47mMM[38;2;11;11;20m%                     [0m
                           [38;2;24;23;42mW[38;2;27;26;48mM[38;2;27;26;47mMMMMMMMM[38;2;35;34;61m*[38;2;27;26;48mM[38;2;27;26;47mMMMMMMMMMMM[38;2;27;26;48mM[38;2;27;26;47mMMMMMM[38;2;24;23;42mW[38;2;27;26;47mM                     [0m
                         [38;2;6;6;11m@[38;2;27;26;48mM[38;2;27;26;47mM[38;2;27;26;48mM[38;2;27;26;47mMMMMM[38;2;27;26;48mMM[38;2;27;26;47mMMMMMMMMMMM[38;2;27;26;48mM[38;2;11;11;20m%[38;2;27;26;47mM[38;2;27;26;48mMM[38;2;27;26;47mMMMMMMMM                    [0m
                          [38;2;27;26;47mM[38;2;27;26;48mM[38;2;27;26;47mM[38;2;35;34;61m*[38;2;27;26;48mM[38;2;27;26;47mMMMMMMMMMMM[38;2;27;26;48mM[38;2;27;26;47mMMMMMM[38;2;24;23;42mW[38;2;27;26;47mM[38;2;20;20;36m&[38;2;27;26;47mM[38;2;27;26;48mM[38;2;27;26;47mMMMMMM                    [0m
                          [38;2;27;26;48mM[38;2;27;26;47mM[38;2;27;26;48mMM[38;2;27;26;47mMMMMMMM[38;2;24;23;42mW[38;2;11;11;20m%[38;2;17;17;30m8[38;2;27;26;47mMMMMMM[38;2;24;23;42mW[38;2;27;26;48mMM[38;2;27;26;47mM[38;2;38;37;67mo[38;2;27;26;48mM[38;2;27;26;47mMM[38;2;24;23;42mWW[38;2;27;26;47mMMMM[38;2;8;8;14mB                   [0m
                         [38;2;27;26;48mM[38;2;27;26;47mMMMMM[38;2;27;26;48mM[38;2;27;26;47mMMMMMMM[38;2;27;26;48mM[38;2;27;26;47mM[38;2;27;26;48mM[38;2;27;26;47mMM[38;2;17;17;30m8[38;2;27;26;47mMM[38;2;27;26;48mM[38;2;27;26;47mMMMMMMMMMMM                     [0m
                        [38;2;25;23;37mW[38;2;27;26;47mM[38;2;27;26;48mMM[38;2;27;26;47mMMMMMMMMMMM[38;2;27;26;48mM[38;2;27;26;47mMMMMMMMMM[38;2;24;23;42mW[38;2;27;26;47mM[38;2;35;34;61m*[38;2;27;26;48mM[38;2;27;26;47mMMMMMM                     [0m
                       [38;2;27;26;47mMMMMMMMMMMMMMMMMMMMMMM[38;2;20;20;36m&[38;2;27;26;47mMMM[38;2;27;26;48mM[38;2;27;26;47mMM[38;2;27;26;48mMM[38;2;27;26;47mMMMMM                     [0m
                      [38;2;27;26;48mM[38;2;38;37;67mo[38;2;27;26;47mMMM[38;2;24;23;42mW[38;2;27;26;48mM[38;2;17;17;30m8[38;2;20;20;36m&&[38;2;27;26;48mM[38;2;38;37;67mo[38;2;27;26;47mMMM[38;2;24;23;42mW[38;2;27;26;48mM[38;2;27;26;47mMMMMMM[38;2;31;30;57m#[38;2;27;26;47mMMMM[38;2;35;34;61m*[38;2;27;26;47mMMMMMMMM                     [0m
                     [38;2;20;20;36m&[38;2;27;26;48mMMMM[38;2;27;26;47mMMM[38;2;20;20;36m&[38;2;25;23;37mW[38;2;16;15;28m8[38;2;14;14;26m%[38;2;20;20;36m&[38;2;17;17;30m8[38;2;27;26;47mM[38;2;27;26;48mM[38;2;27;26;47mMMMMMMMMMMM[38;2;27;26;48mM[38;2;17;17;30m8[38;2;27;26;47mMM[38;2;27;26;48mMM[38;2;27;26;47mMMMMM[38;2;3;3;5m$[38;2;12;11;20m%                   [0m
                    [38;2;16;15;28m8[38;2;27;26;47mMMMMMMMMMMMMMMMMM[38;2;14;14;26m%[38;2;27;26;48mM[38;2;27;26;47mMMM[38;2;35;34;61m*[38;2;27;26;48mM[38;2;27;26;47mMMMMMMMMMMM[38;2;27;26;48mM[38;2;27;26;47mMM                     [0m
                   [38;2;27;26;48mM[38;2;27;26;47mM[38;2;27;26;48mM[38;2;27;26;47mMMMMMMMMMMMM[38;2;14;14;26m%[38;2;20;20;36m&[38;2;27;26;48mM[38;2;24;23;42mW[38;2;27;26;47mM M[38;2;35;34;61m*[38;2;27;26;48mM[38;2;27;26;47mMMMMMMMMMMMMMMMM[38;2;14;14;26m%                    [0m
                  [38;2;17;17;30m8[38;2;27;26;47mMMMMMMMM[38;2;35;34;61m*[38;2;27;26;48mM[38;2;27;26;47mMMMMMMMMM   [38;2;3;3;5m$[38;2;35;34;61m*[38;2;27;26;47mMMMMMMMMMMMMMMMM[38;2;14;14;26m%                    [0m
                 [38;2;11;11;20m%[38;2;38;37;67mo[38;2;27;26;48mM[38;2;27;26;47mMM[38;2;24;23;42mWW[38;2;27;26;47mMMMMMM[38;2;31;30;57m#[38;2;27;26;47mMM[38;2;24;23;42mW[38;2;27;26;47mMM[38;2;17;17;30m8     [38;2;20;20;36m&[38;2;27;26;47mMMMM[38;2;20;20;36m&[38;2;27;26;47mM[38;2;35;34;61m*[38;2;27;26;48mM[38;2;27;26;47mMMMMMMMMM                    [0m
                [38;2;27;26;47mM[38;2;35;34;61m*[38;2;27;26;48mM[38;2;27;26;47mMMMMMMMMMMM[38;2;27;26;48mM[38;2;27;26;47mMMMMM       [38;2;14;14;26m%[38;2;27;26;47mMM[38;2;27;26;48mM[38;2;27;26;47mMMMM[38;2;27;26;48mM[38;2;27;26;47mMMMMMMMM                    [0m
               [38;2;24;23;42mW[38;2;27;26;47mM[38;2;27;26;48mM[38;2;27;26;47mMMMMMMMMMMMMMMMMM         [38;2;20;20;36m&[38;2;27;26;47mMMMM[38;2;20;20;36m&[38;2;27;26;47mMM[38;2;27;26;48mMM[38;2;27;26;47mMMMMMM                    [0m
             [38;2;12;11;20m%[38;2;27;26;47mMMMM[38;2;27;26;48mMM[38;2;27;26;47mMMMMMMMMMMM[38;2;27;26;48mM[38;2;27;26;47mMM           [38;2;24;23;42mW[38;2;27;26;48mM[38;2;27;26;47mMMMMMMMMMMMM[38;2;27;26;48mM                    [0m
             [38;2;17;17;30m8[38;2;27;26;47mMMMMMMMM[38;2;27;26;48mMM[38;2;27;26;47mMMMMMMMM[38;2;6;6;11m@            [38;2;24;23;42mW[38;2;38;37;67mo[38;2;27;26;48mM[38;2;27;26;47mMM[38;2;24;23;42mWW[38;2;27;26;47mMMMMMM[38;2;31;30;57m#[38;2;27;26;47mM                    [0m
            [38;2;11;11;20m%[38;2;27;26;47mM[38;2;35;34;61m*[38;2;27;26;47mMMMMMMMMMMMMMMMM[38;2;3;3;5m$             $[38;2;27;26;47mMMMMMMMMMMMMMM                    [0m
            [38;2;20;20;36m&[38;2;27;26;47mMMMM[38;2;20;20;36m&[38;2;27;26;47mMM[38;2;24;23;42mW[38;2;27;26;47mMMM[38;2;24;23;42mW[38;2;27;26;47mMMMM[38;2;3;3;5m$                [38;2;24;23;42mW[38;2;27;26;48mM[38;2;27;26;47mMMMMMMMMM[38;2;35;34;61m*[38;2;27;26;48mM[38;2;27;26;47mM                    [0m
            [38;2;27;26;47mM[38;2;35;34;61m*[38;2;27;26;48mM[38;2;27;26;47mMMMMMMMMMMM[38;2;16;15;28m8                   [38;2;27;26;48mM[38;2;38;37;67mo[38;2;27;26;47mMMM[38;2;24;23;42mW[38;2;27;26;48mM[38;2;27;26;47mMMMMMM[38;2;31;30;57m#                    [0m
            [38;2;27;26;47mM[38;2;27;26;48mM[38;2;27;26;47mM[38;2;27;26;48mM[38;2;27;26;47mMM[38;2;17;17;30m8[38;2;27;26;47mMMMMM                      [38;2;27;26;48mM[38;2;27;26;47mM[38;2;27;26;48mMM[38;2;27;26;47mMMMMMMMMM[38;2;24;23;42mW[38;2;27;26;47mM                   [0m
            [38;2;27;26;47mM[38;2;35;34;61m*[38;2;27;26;48mM[38;2;27;26;47mMMMMMMMMM                      [38;2;17;17;30m8[38;2;27;26;48mM[38;2;27;26;47mM[38;2;27;26;48mM[38;2;27;26;47mMMMMM[38;2;24;23;42mW[38;2;43;41;51mo[38;2;27;26;47mMMMM[38;2;27;26;48mM                  [0m
            [38;2;27;26;47mMMMMMMMMMMM[38;2;8;8;14mB                      [38;2;14;14;26m%[38;2;27;26;47mMM[38;2;27;26;48mM[38;2;27;26;47mMMMMMMMMMMMM[38;2;3;3;5m$                 [0m
           [38;2;14;14;26m%[38;2;27;26;47mMMM[38;2;27;26;48mM[38;2;27;26;47mMMMMMMM[38;2;14;14;26m%                      [38;2;3;3;5m$[38;2;27;26;48mM[38;2;27;26;47mMMMMMMMMMMMMMM[38;2;20;20;36m&                 [0m
           [38;2;12;11;20m%[38;2;27;26;47mM[38;2;35;34;61m*[38;2;27;26;48mM[38;2;27;26;47mMMMMMMMM[38;2;14;14;26m%                      [38;2;17;17;30m8[38;2;27;26;48mM[38;2;27;26;47mMMMMMMMMMMMMMM[38;2;20;20;36m&[38;2;3;3;5m$                [0m
           [38;2;24;23;42mW[38;2;38;37;67mo[38;2;27;26;48mM[38;2;27;26;47mMM[38;2;24;23;42mWW[38;2;27;26;47mMMMMM[38;2;14;14;26m%                      [38;2;17;17;30m8[38;2;27;26;47mM[38;2;35;34;61m*[38;2;27;26;47mMMMMMMMMMMMMMM[38;2;3;3;5m$                [0m
           [38;2;14;14;26m%[38;2;27;26;47mMMM[38;2;27;26;48mM[38;2;27;26;47mMMMMMMM[38;2;14;14;26m%                      [38;2;17;17;30m8[38;2;27;26;48mM[38;2;27;26;47mMMM[38;2;27;26;48mM[38;2;27;26;47mMMMMMMMMMMM[38;2;6;6;11m@                [0m
           [38;2;27;26;47mMM[38;2;35;34;61m*[38;2;27;26;48mM[38;2;27;26;47mMMMMMMMM[38;2;14;14;26m%                      [38;2;3;3;5m$[38;2;27;26;48mM[38;2;27;26;47mMMMMM[38;2;27;26;48mM[38;2;27;26;47mMMMMMMMMMM                [0m
