                                                                                [0m
                                                                                [0m
                                                                                [0m
                                                                                [0m
                                                                                [0m
                                                                                [0m
                                                                                [0m
                                                                                [0m
                                                                                [0m
                                                                                [0m
                                                                                [0m
                                                                                [0m
                                   [38;2;75;69;66mw[38;2;88;85;105m0 [38;2;220;210;229m>[38;2;232;222;243mll[38;2;87;83;87mO                                      [0m
                               [38;2;87;83;87mO  [38;2;232;222;243mlllll[38;2;228;218;238m![38;2;232;222;243ml[38;2;228;218;238m![38;2;232;222;243mll[38;2;228;218;238m![38;2;232;222;243ml[38;2;228;218;238m![38;2;220;210;229m>[38;2;139;131;141mn                               [0m
                             [38;2;162;152;164m/[38;2;232;222;243ml[38;2;139;131;141mn[38;2;228;218;238m![38;2;232;222;243mlll[38;2;228;218;238m![38;2;232;222;243ml[38;2;228;218;238m![38;2;232;222;243ml[38;2;220;210;229m>[38;2;188;179;196m][38;2;228;218;238m![38;2;225;215;234mi[38;2;228;218;238m!![38;2;211;202;220m~                                 [0m
                          [38;2;156;149;162mt[38;2;131;125;138mu[38;2;156;149;162mt[38;2;228;218;238m![38;2;232;222;243ml[38;2;228;218;238m![38;2;232;222;243ml[38;2;228;218;238m![38;2;232;222;243ml[38;2;228;218;238m![38;2;220;210;229m>[38;2;228;218;238m![38;2;232;222;243ml[38;2;228;218;238m![38;2;204;146;133m|[38;2;196;187;204m?[38;2;188;179;196m][38;2;225;215;234mi[38;2;228;218;238m![38;2;191;183;200m[[38;2;225;215;234mi[38;2;232;222;243ml                                [0m
                           [38;2;225;215;234mi[38;2;164;156;171m|[38;2;232;222;243mlll[38;2;228;218;238m![38;2;232;222;243ml[38;2;228;218;238m![38;2;232;222;243mll[38;2;228;218;238m![38;2;146;104;95mX[38;2;232;222;243ml[38;2;37;36;67mo[38;2;66;63;88mq[38;2;208;199;217m+[38;2;158;114;104mv[38;2;232;222;243ml[38;2;12;11;20m%[38;2;104;99;108mJ[38;2;139;131;141mn[38;2;228;218;238m![38;2;232;222;243ml[38;2;225;215;234mi[38;2;131;125;138mu                            [0m
                            [38;2;43;41;51mo[38;2;228;218;238m![38;2;232;222;243ml[38;2;228;218;238m![38;2;232;222;243ml[38;2;228;218;238m![38;2;232;222;243ml[38;2;228;218;238m![38;2;75;69;66mw[38;2;245;225;205mI[38;2;124;116;116mz[38;2;20;20;36m&[38;2;32;31;57m##[38;2;120;103;94mU[38;2;255;233;213m:[38;2;124;116;116mz[38;2;232;203;186m<[38;2;32;31;57m#[38;2;104;99;108mJ[38;2;123;117;129mc[38;2;211;202;220m~                              [0m
                           [38;2;232;222;243ml[38;2;156;149;163mt[38;2;180;172;187m}[38;2;232;222;243ml[38;2;188;179;196m][38;2;228;218;238m![38;2;216;207;226m<[38;2;211;202;220m~[38;2;228;218;238m![38;2;131;125;138mu[38;2;168;160;175m([38;2;106;100;91mC[38;2;255;233;213m::[38;2;255;236;216m:[38;2;254;242;214m,[38;2;255;233;213m::[38;2;251;229;210m;[38;2;254;242;214m,[38;2;3;3;4m$$[38;2;104;99;108mJ                              [0m
                          [38;2;3;3;4m$  [38;2;175;168;183m1[38;2;232;222;243ml[38;2;162;152;164m/[38;2;131;125;138mu[38;2;177;127;115mr[38;2;134;119;120mc[38;2;139;131;141mn[38;2;255;233;213m:[38;2;251;229;210m;[38;2;255;233;213m:::[38;2;255;236;216m:[38;2;251;229;210m;[38;2;255;233;213m:[38;2;254;242;214m,[38;2;255;233;213m::[38;2;124;116;116mz                                [0m
                            [38;2;232;222;243ml[38;2;200;191;209m- [38;2;208;199;217m+[38;2;232;222;243ml[38;2;228;218;238m![38;2;120;103;94mU[38;2;185;169;154m1[38;2;206;150;136m([38;2;254;242;214m,[38;2;255;233;213m::[38;2;255;236;216m:[38;2;255;233;213m:[38;2;255;236;216m:[38;2;242;232;204mI[38;2;255;233;213m:[38;2;254;242;214m,[38;2;255;233;213m:[38;2;148;145;125mj                                [0m
                               [38;2;180;172;187m}[38;2;41;40;50mo[38;2;168;160;175m([38;2;131;125;138mu[38;2;196;187;204m?[38;2;190;136;124mf[38;2;204;146;133m|[38;2;177;127;115mr[38;2;178;162;148m([38;2;254;242;214m,,[38;2;255;233;213m::[38;2;255;236;216m:[38;2;255;233;213m::[38;2;124;116;116mz                                [0m
                              [38;2;3;3;4m$  $  [38;2;99;75;71mZ[38;2;206;150;136m([38;2;204;146;133m|[38;2;208;149;136m([38;2;204;146;133m||||[38;2;200;143;130m/[38;2;43;41;51mo                                  [0m
                                    [38;2;190;136;124mf[38;2;204;146;133m||||[38;2;163;117;107mu[38;2;43;41;51mo[38;2;3;3;4m$[38;2;27;26;47mM[38;2;24;23;42mW[38;2;6;6;10m@      [38;2;3;3;4m$[38;2;12;11;20m%[38;2;16;15;27m8[38;2;12;11;20m%                       [0m
                                    [38;2;27;26;47mMM[38;2;24;23;42mW[38;2;20;20;36m&[38;2;27;26;48mM[38;2;27;26;47mMMM[38;2;27;26;48mM[38;2;24;23;42mW[38;2;27;26;47mM[38;2;20;20;36m&[38;2;27;26;47mMM[38;2;24;23;42mW[38;2;27;26;47mM[38;2;20;20;36m&[38;2;27;26;47mM[38;2;32;31;57m#[38;2;27;26;48mMM[38;2;27;26;47mM[38;2;6;6;10m@                     [0m
                                  [38;2;12;11;20m%[38;2;27;26;47mM[38;2;24;23;42mW[38;2;27;26;47mM[38;2;27;26;48mM[38;2;24;23;42mWW[38;2;27;26;47mM[38;2;27;26;48mM[38;2;27;26;47mMM[38;2;24;23;42mW[38;2;27;26;47mMM[38;2;24;23;42mW[38;2;27;26;47mM[38;2;20;20;36m&[38;2;27;26;47mMMM[38;2;27;26;48mM[38;2;24;23;42mW[38;2;27;26;47mM[38;2;27;26;48mM[38;2;27;26;47mMM                    [0m
                             [38;2;6;6;10m@[38;2;20;20;36m&[38;2;27;26;48mM[38;2;40;38;55moo[38;2;27;26;47mM[38;2;12;11;20m%[38;2;27;26;47mM[38;2;27;26;48mM[38;2;27;26;47mMMMMMMMMMM[38;2;24;23;42mW[38;2;27;26;47mM[38;2;20;20;36m&[38;2;27;26;47mMMM[38;2;27;26;48mM[38;2;27;26;47mMMMM[38;2;27;26;48mM[38;2;27;26;47mM[38;2;6;6;10m@                  [0m
                          [38;2;27;26;47mMMM[38;2;16;15;27m8[38;2;255;236;216m:[38;2;251;229;210m;[38;2;255;236;216m:[38;2;254;242;214m,[38;2;255;233;213m:[38;2;254;242;214m,[38;2;255;233;213m:[38;2;3;3;4m$[38;2;40;38;55mo[38;2;27;26;47mM[38;2;27;26;48mM[38;2;24;23;42mW[38;2;27;26;47mM[38;2;20;20;36m&[38;2;27;26;47mMMM[38;2;27;26;48mM[38;2;27;26;47mMMM[38;2;24;23;42mW[38;2;27;26;47mM[38;2;27;26;48mM[38;2;27;26;47mMM[38;2;27;26;48mMM[38;2;27;26;47mM[38;2;27;26;48mM[38;2;27;26;47mMMM[38;2;12;11;20m%                [0m
                        [38;2;3;3;4m$[38;2;27;26;47mM[38;2;20;20;36m&[38;2;27;26;47mMM[38;2;218;200;183m+[38;2;255;236;216m:[38;2;255;233;213m::[38;2;255;236;216m:[38;2;251;229;210m;[38;2;255;236;216m:[38;2;43;41;51mo[38;2;27;26;48mM[38;2;27;26;47mM[38;2;27;26;48mM[38;2;27;26;47mMMMM[38;2;32;31;57m#[38;2;27;26;48mMM[38;2;27;26;47mMMMMM[38;2;27;26;48mM[38;2;27;26;47mMMMMMM[38;2;27;26;48mM[38;2;27;26;47mMMMM[38;2;3;3;4m$               [0m
                        [38;2;20;20;36m&[38;2;27;26;48mMM[38;2;20;20;36m&[38;2;16;15;27m8[38;2;233;216;195mi[38;2;204;146;133m||[38;2;206;150;136m([38;2;204;146;133m|||[38;2;43;41;51mo[38;2;27;26;47mM[38;2;24;23;42mW[38;2;27;26;47mM[38;2;24;23;42mW[38;2;27;26;47mM[38;2;27;26;48mM[38;2;24;23;42mW[38;2;27;26;47mM[38;2;20;20;36m&[38;2;27;26;47mMMM[38;2;27;26;48mM[38;2;27;26;47mMMMMMMM[38;2;32;31;57m#[38;2;27;26;48mMM[38;2;27;26;47mMMMMM               [0m
                      [38;2;16;15;27m8[38;2;32;31;57m#[38;2;27;26;48mMM[38;2;27;26;47mMMMM[38;2;3;3;4m$[38;2;9;8;14mB[38;2;43;41;51mo[38;2;16;15;27m8[38;2;24;23;42mW[38;2;27;26;47mM[38;2;27;26;48mM[38;2;24;23;42mW[38;2;27;26;47mM[38;2;20;20;36m&[38;2;27;26;47mM[38;2;16;15;27m8[38;2;20;20;36m&[38;2;17;17;30m8[38;2;27;26;47mMM[38;2;24;23;42mW[38;2;27;26;47mM[38;2;20;20;36m&[38;2;27;26;47mMMM[38;2;27;26;48mM[38;2;27;26;47mMMMMMMMMM[38;2;32;31;57m#[38;2;27;26;48mMM               [0m
                     [38;2;9;8;14mB[38;2;27;26;48mM[38;2;27;26;47mMMM[38;2;24;23;42mW[38;2;17;17;30m8[38;2;40;38;55mo[38;2;27;26;48mMM[38;2;27;26;47mM[38;2;27;26;48mM[38;2;24;23;42mW[38;2;27;26;47mM[38;2;20;20;36m&[38;2;27;26;47mMMM[38;2;27;26;48mM[38;2;27;26;47mMMMMMMMM[38;2;17;17;30m8[38;2;27;26;47mMMMMM[38;2;20;20;36m&[38;2;17;17;30m8[38;2;20;20;36m&[38;2;24;23;42mW[38;2;27;26;47mMMMM[38;2;27;26;48mMM[38;2;9;8;14mB               [0m
                    [38;2;27;26;48mMMM[38;2;27;26;47mMM[38;2;24;23;42mW[38;2;27;26;47mMM[38;2;20;20;36m&[38;2;27;26;48mMM[38;2;20;20;36m&[38;2;32;31;57m#[38;2;27;26;48mMM[38;2;27;26;47mMMMMM[38;2;27;26;48mM[38;2;27;26;47mMMMMMMMM[38;2;27;26;48mM[38;2;20;20;36m&&[38;2;27;26;47mMM[38;2;24;23;42mW[38;2;27;26;47mM[38;2;20;20;36m&[38;2;27;26;47mM                      [0m
                  [38;2;17;17;30m8[38;2;20;20;36m&[38;2;27;26;48mMM[38;2;27;26;47mMMM[38;2;27;26;48mM[38;2;27;26;47mMMMMMMMMM[38;2;27;26;48mM[38;2;27;26;47mMMMMMMMMMM[38;2;24;23;42mW[38;2;27;26;47mM[38;2;20;20;36m&[38;2;27;26;47mMMM[38;2;27;26;48mM[38;2;27;26;47mMMMMM                      [0m
                 [38;2;8;7;13m@[38;2;24;23;42mW[38;2;27;26;47mM[38;2;27;26;48mM[38;2;27;26;47mMMM[38;2;27;26;48mM[38;2;27;26;47mMMM[38;2;24;23;42mW[38;2;27;26;48mM[38;2;27;26;47mM[38;2;24;23;42mW[38;2;27;26;47mMM[38;2;32;31;57m#[38;2;27;26;48mMM[38;2;27;26;47mMMMMM[38;2;27;26;48mM[38;2;27;26;47mMMMMMMM[38;2;20;20;36m&&[38;2;27;26;47mMMM[38;2;27;26;48mM[38;2;27;26;47mMM                      [0m
                [38;2;24;23;42mW[38;2;27;26;47mMMMM[38;2;32;31;57m#[38;2;27;26;48mMM[38;2;27;26;47mMMM[38;2;17;17;30m8[38;2;16;15;27m8[38;2;27;26;47mMM[38;2;32;31;57m#[38;2;27;26;48mMM[38;2;27;26;47mMMMMM[38;2;27;26;48mM[38;2;27;26;47mMM[38;2;27;26;48mM[38;2;27;26;47mMMMMMMMMMMM[38;2;32;31;57m#[38;2;27;26;48mMM                       [0m
                [38;2;27;26;48mM[38;2;27;26;47mMM[38;2;27;26;48mM[38;2;27;26;47mMMMMMMMMM[38;2;27;26;48mM[38;2;27;26;47mMM[38;2;16;15;27m8[38;2;20;20;36m&[38;2;27;26;47mMM[38;2;24;23;42mW[38;2;40;38;55mo[38;2;9;8;14mB[38;2;3;3;4m$$[38;2;9;8;14mB[38;2;27;26;48mM[38;2;27;26;47mM[38;2;32;31;57m#[38;2;27;26;48mMM[38;2;27;26;47mMMMMM[38;2;27;26;48mM[38;2;27;26;47mMMM[38;2;6;6;10m@                       [0m
                 [38;2;3;3;4m$[38;2;27;26;48mM[38;2;24;23;42mW[38;2;27;26;47mM[38;2;24;23;42mW[38;2;27;26;47mMMM[38;2;17;17;30m8[38;2;27;26;47mMM[38;2;24;23;42mW[38;2;27;26;47mM[38;2;20;20;36m&[38;2;27;26;47mMMM[38;2;9;8;14mB[38;2;231;210;191m>[38;2;251;229;210m;[38;2;255;233;213m:[38;2;254;242;214m,[38;2;255;233;213m::::[38;2;75;69;66mw[38;2;27;26;48mM[38;2;20;20;36m&&[38;2;27;26;47mM[38;2;32;31;57m#[38;2;27;26;48mM[38;2;27;26;47mMM[38;2;27;26;48mM[38;2;24;23;42mW[38;2;27;26;47mM[38;2;20;20;36m&[38;2;16;15;27m8                       [0m
                      [38;2;20;20;36m&[38;2;27;26;47mM[38;2;27;26;48mM[38;2;27;26;47mMMM[38;2;24;23;42mW[38;2;27;26;48mM[38;2;27;26;47mMM[38;2;27;26;48mMM[38;2;255;236;216m:[38;2;251;229;210m;[38;2;255;236;216m:[38;2;254;242;214m,[38;2;255;233;213m::[38;2;231;210;191m>[38;2;204;146;133m|[38;2;208;149;136m([38;2;99;75;71mZ[38;2;75;69;66mw[38;2;114;82;75mQ[38;2;17;17;30m8[38;2;27;26;47mMMMM[38;2;24;23;42mW[38;2;27;26;47mMM[38;2;24;23;42mW[38;2;27;26;47mM[38;2;20;20;36m&                       [0m
                            [38;2;16;15;27m8[38;2;20;20;36m&&[38;2;27;26;47mMM[38;2;24;23;42mW[38;2;200;143;130m/[38;2;214;167;153m{[38;2;236;209;191m>[38;2;243;212;194mi[38;2;224;181;165m?[38;2;200;143;130m/[38;2;208;149;136m([38;2;206;158;144m1[38;2;134;99;90mU[38;2;200;143;130m/[38;2;43;41;51mo[38;2;27;26;48mM[38;2;27;26;47mM[38;2;27;26;48mM[38;2;27;26;47mMMMMMMMMMM                      [0m
                             [38;2;17;17;30m8[38;2;40;38;55mo[38;2;27;26;48mMM[38;2;27;26;47mMMMM[38;2;20;20;36m&[38;2;17;17;30m8[38;2;158;114;104mv[38;2;194;139;126mt[38;2;3;3;4m$[38;2;20;20;36m&[38;2;27;26;47mMMMMM[38;2;24;23;42mW[38;2;16;15;27m8[38;2;27;26;48mM[38;2;27;26;47mM[38;2;24;23;42mW[38;2;27;26;47mMMMM[38;2;24;23;42mW                      [0m
                             [38;2;16;15;27m8[38;2;27;26;48mM[38;2;27;26;47mMMM[38;2;24;23;42mW[38;2;27;26;48mM[38;2;27;26;47mMM[38;2;27;26;48mMM[38;2;27;26;47mMMMM[38;2;24;23;42mW[38;2;27;26;47mM[38;2;20;20;36m&[38;2;27;26;47mMMM[38;2;27;26;48mM[38;2;27;26;47mMMMMMMMM                     [0m
                             [38;2;24;23;42mW[38;2;27;26;47mMM[38;2;24;23;42mW[38;2;27;26;47mM[38;2;20;20;36m&[38;2;27;26;47mMMM[38;2;27;26;48mM[38;2;27;26;47mMMMMMMMMM[38;2;12;11;20m%[38;2;24;23;42mW[38;2;27;26;47mM[38;2;24;23;42mW[38;2;27;26;47mMMM[38;2;27;26;48mM[38;2;32;31;57m#[38;2;27;26;48mMM[38;2;27;26;47mM                    [0m
                             [38;2;17;17;30m8[38;2;27;26;47mMMMMM[38;2;27;26;48mM[38;2;27;26;47mMMMMMMMMM[38;2;27;26;48mM[38;2;27;26;47mMM[38;2;16;15;27m8[38;2;27;26;48mM[38;2;27;26;47mM[38;2;27;26;48mM[38;2;27;26;47mMMMMMMMMM[38;2;8;7;13m@                  [0m
                             [38;2;27;26;47mMMM[38;2;24;23;42mW[38;2;27;26;47mM[38;2;20;20;36m&[38;2;27;26;47mMMM[38;2;27;26;48mM[38;2;27;26;47mMMMMMMMMM[38;2;12;11;20m%[38;2;27;26;47mM[38;2;27;26;48mM[38;2;24;23;42mW[38;2;27;26;47mM[38;2;20;20;36m&[38;2;27;26;47mMMM[38;2;27;26;48mM[38;2;27;26;47mMMMM                  [0m
                            [38;2;27;26;48mMMM[38;2;27;26;47mMM[38;2;24;23;42mW[38;2;27;26;47mMMM[38;2;27;26;48mM[38;2;27;26;47mMMMMM[38;2;27;26;48mM[38;2;27;26;47mMMMM[38;2;16;15;27m8[38;2;27;26;48mM[38;2;27;26;47mM[38;2;27;26;48mM[38;2;27;26;47mMMMMMMMMMM[38;2;9;8;14mB                 [0m
                           [38;2;24;23;42mW[38;2;27;26;48mM[38;2;27;26;47mMMM[38;2;24;23;42mW[38;2;27;26;48mM[38;2;27;26;47mMM[38;2;27;26;48mMM[38;2;27;26;47mMMMM[38;2;27;26;48mM[38;2;24;23;42mW[38;2;27;26;47mM[38;2;20;20;36m&[38;2;27;26;47mMMM[38;2;24;23;42mW[38;2;27;26;47mMMMM[38;2;27;26;48mM[38;2;27;26;47mMMM[38;2;32;31;57m#[38;2;27;26;48mMM[38;2;27;26;47mMM                 [0m
                            [38;2;27;26;47mMMMMMMM[38;2;27;26;48mM[38;2;27;26;47mMM[38;2;24;23;42mW[38;2;27;26;48mM[38;2;27;26;47mM[38;2;24;23;42mW[38;2;27;26;47mMMMMMM[38;2;27;26;48mM[38;2;27;26;47mM[38;2;6;6;10m@[38;2;17;17;30m8[38;2;40;38;55mo[38;2;27;26;48mMM[38;2;27;26;47mMMMMM[38;2;17;17;30m8[38;2;24;23;42mW                  [0m
                           [38;2;24;23;42mW[38;2;27;26;48mM[38;2;27;26;47mMMM[38;2;24;23;42mW[38;2;27;26;48mM[38;2;27;26;47mMM[38;2;27;26;48mMM[38;2;27;26;47mMMMM[38;2;24;23;42mW[38;2;27;26;48mM[38;2;27;26;47mMMMMMMM[38;2;27;26;48mM[38;2;27;26;47mMM[38;2;24;23;42mW[38;2;27;26;47mMM[38;2;27;26;48mM[38;2;27;26;47mMMMM                  [0m
                          [38;2;27;26;48mM[38;2;27;26;47mM[38;2;27;26;48mM[38;2;24;23;42mW[38;2;27;26;47mM[38;2;20;20;36m&[38;2;27;26;47mMMM[38;2;27;26;48mM[38;2;27;26;47mMMMM[38;2;20;20;36m&[38;2;27;26;47mM[38;2;20;20;36m&[38;2;27;26;47mM[38;2;17;17;30m8[38;2;27;26;47mM[38;2;17;17;30m8[38;2;20;20;36m&[38;2;24;23;42mW[38;2;20;20;36m&[38;2;24;23;42mW[38;2;27;26;47mM[38;2;27;26;48mM[38;2;24;23;42mW[38;2;27;26;47mM[38;2;20;20;36m&[38;2;27;26;47mMMM[38;2;27;26;48mM[38;2;27;26;47mMM                  [0m
                        [38;2;24;23;42mW[38;2;27;26;48mM[38;2;27;26;47mM[38;2;24;23;42mW[38;2;27;26;47mMMMMMMMM[38;2;24;23;42mW[38;2;27;26;47mM[38;2;20;20;36m&[38;2;27;26;47mMMM[38;2;27;26;48mM[38;2;27;26;47mMMMMMMMMMMMMMMMMMM[38;2;12;11;20m%                  [0m
                      [38;2;17;17;30m8[38;2;27;26;48mM[38;2;27;26;47mM[38;2;27;26;48mM[38;2;27;26;47mMMMMMMMMM[38;2;27;26;48mM[38;2;27;26;47mMMMMMMMMMMMMMMMM[38;2;24;23;42mW[38;2;27;26;47mM[38;2;20;20;36m&[38;2;27;26;47mMMM[38;2;27;26;48mM[38;2;27;26;47mMMM                  [0m
                     [38;2;24;23;42mW[38;2;27;26;48mM[38;2;27;26;47mMMM[38;2;24;23;42mW[38;2;27;26;48mM[38;2;27;26;47mMM[38;2;27;26;48mMM[38;2;27;26;47mMMMM[38;2;24;23;42mW[38;2;27;26;47mM[38;2;17;17;30m8[38;2;27;26;48mM[38;2;27;26;47mM[38;2;24;23;42mW[38;2;27;26;47mM[38;2;27;26;48mM[38;2;27;26;47mMM[38;2;27;26;48mMM[38;2;27;26;47mMM[38;2;27;26;48mM[38;2;24;23;42mW[38;2;27;26;47mMMM[38;2;27;26;48mM[38;2;27;26;47mMMM[38;2;27;26;48mM[38;2;27;26;47mMM                  [0m
                   [38;2;8;7;13m@[38;2;27;26;48mM[38;2;24;23;42mW[38;2;27;26;47mM[38;2;24;23;42mW[38;2;27;26;47mMMM[38;2;17;17;30m8[38;2;27;26;47mMMMMM[38;2;32;31;57m#[38;2;27;26;48mMM[38;2;27;26;47mMMMM[38;2;16;15;27m8[38;2;27;26;47mM[38;2;27;26;48mM[38;2;27;26;47mMMM[38;2;24;23;42mW[38;2;27;26;48mM[38;2;27;26;47mMM[38;2;27;26;48mMM[38;2;27;26;47mMMMM[38;2;24;23;42mW[38;2;27;26;47mMM[38;2;27;26;48mM[38;2;27;26;47mM[38;2;12;11;20m%[38;2;3;3;4m$                 [0m
                  [38;2;17;17;30m8[38;2;27;26;47mMMMM[38;2;24;23;42mW[38;2;27;26;47mMMMM[38;2;27;26;48mM[38;2;24;23;42mW[38;2;27;26;47mM[38;2;20;20;36m&[38;2;27;26;47mMMM[38;2;27;26;48mM[38;2;27;26;47mMM[38;2;24;23;42mW[38;2;27;26;48mM[38;2;27;26;47mM[38;2;24;23;42mW[38;2;27;26;47mMM[38;2;20;20;36m&[38;2;27;26;48mMM[38;2;27;26;47mMMMMMMMMMMMMM[38;2;24;23;42mW[38;2;16;15;27m8[38;2;3;3;4m$                 [0m
                [38;2;9;8;14mB[38;2;27;26;47mMMM[38;2;24;23;42mW[38;2;27;26;47mM[38;2;20;20;36m&[38;2;27;26;47mMMM[38;2;27;26;48mM[38;2;27;26;47mMMMMMMMMMMMMMM  [38;2;17;17;30m8[38;2;27;26;47mMM[38;2;27;26;48mM[38;2;27;26;47mMMMMMMM[38;2;24;23;42mW[38;2;27;26;47mM[38;2;20;20;36m&[38;2;27;26;47mMMM[38;2;27;26;48mM[38;2;27;26;47mM                  [0m
               [38;2;17;17;30m8[38;2;27;26;47mM[38;2;27;26;48mM[38;2;27;26;47mMMMMMMMMM[38;2;27;26;48mM[38;2;27;26;47mMMMMMMMMMMM     [38;2;27;26;48mM[38;2;27;26;47mM[38;2;27;26;48mM[38;2;24;23;42mW[38;2;27;26;47mM[38;2;20;20;36m&[38;2;27;26;47mMMM[38;2;27;26;48mM[38;2;27;26;47mMMMMMMMM                  [0m
              [38;2;27;26;47mMM[38;2;24;23;42mW[38;2;27;26;47mM[38;2;20;20;36m&[38;2;27;26;47mMMM[38;2;27;26;48mM[38;2;27;26;47mMMMMMMMMMMMMM[38;2;16;15;27m8        [38;2;17;17;30m8[38;2;32;31;57m#[38;2;27;26;48mMM[38;2;27;26;47mMMMMM[38;2;27;26;48mM[38;2;27;26;47mMMMMMMM                  [0m
            [38;2;17;17;30m8[38;2;27;26;48mM[38;2;27;26;47mM[38;2;27;26;48mM[38;2;27;26;47mMMMMMMMMM[38;2;27;26;48mM[38;2;27;26;47mMMMMMMMMM[38;2;3;3;4m$          $[38;2;24;23;42mW[38;2;27;26;47mM[38;2;24;23;42mW[38;2;27;26;47mMMM[38;2;27;26;48mM[38;2;27;26;47mMMMMMM[38;2;27;26;48mM[38;2;24;23;42mW                  [0m
            [38;2;27;26;47mM[38;2;20;20;36m&[38;2;27;26;47mM[38;2;17;17;30m8[38;2;27;26;47mMMMMM[38;2;32;31;57m#[38;2;27;26;48mMM[38;2;27;26;47mMMMMM[38;2;27;26;48mM[38;2;27;26;47mMM[38;2;27;26;48mM[38;2;6;6;10m@             [38;2;16;15;27m8[38;2;27;26;47mMM[38;2;24;23;42mW[38;2;27;26;47mM[38;2;20;20;36m&[38;2;27;26;47mMMM[38;2;27;26;48mM[38;2;27;26;47mMMMMM                  [0m
          [38;2;3;3;4m$[38;2;27;26;47mM[38;2;27;26;48mM[38;2;24;23;42mW[38;2;27;26;47mM[38;2;20;20;36m&[38;2;27;26;47mMMM[38;2;27;26;48mM[38;2;27;26;47mMMMMMMMM[38;2;27;26;48mM[38;2;27;26;47mMM[38;2;6;6;10m@               [38;2;3;3;4m$[38;2;27;26;47mM[38;2;32;31;57m#[38;2;27;26;48mMM[38;2;27;26;47mMMMMM[38;2;27;26;48mM[38;2;27;26;47mMM[38;2;27;26;48mM[38;2;27;26;47mM                  [0m
          [38;2;20;20;36m&[38;2;27;26;48mMM[38;2;27;26;47mMMMMMMM[38;2;24;23;42mW[38;2;27;26;47mM[38;2;24;23;42mW[38;2;27;26;47mMMM[38;2;17;17;30m8[38;2;27;26;47mMM                   [38;2;20;20;36m&[38;2;27;26;48mMM[38;2;20;20;36m&[38;2;27;26;47mMMM[38;2;36;34;37m#[38;2;27;26;47mM[38;2;27;26;48mM[38;2;27;26;47mMMMM[38;2;16;15;27m8                 [0m
          [38;2;20;20;36m&[38;2;27;26;47mM[38;2;27;26;48mM[38;2;24;23;42mW[38;2;27;26;47mM[38;2;20;20;36m&[38;2;27;26;47mMMM[38;2;27;26;48mM[38;2;27;26;47mMMMMMM                      [38;2;20;20;36m&[38;2;40;38;55mo[38;2;27;26;47mM[38;2;27;26;48mM[38;2;27;26;47mMMMMM[38;2;27;26;48mM[38;2;27;26;47mMMM[38;2;27;26;48mM[38;2;27;26;47mM                 [0m
          [38;2;20;20;36m&[38;2;24;23;42mW[38;2;27;26;47mM[38;2;27;26;48mM[38;2;27;26;47mMM[38;2;27;26;48mMM[38;2;27;26;47mMM[38;2;27;26;48mM[38;2;24;23;42mW[38;2;27;26;47mMMM                       [38;2;17;17;30m8[38;2;20;20;36m&[38;2;27;26;48mMM[38;2;27;26;47mMMMMMMMMMM[38;2;32;31;57m#                 [0m
          [38;2;12;11;20m%[38;2;27;26;47mMM[38;2;27;26;48mM[38;2;27;26;47mMMMMMMMMM[38;2;27;26;48mM[38;2;16;15;27m8                        [38;2;27;26;48mM[38;2;27;26;47mM[38;2;27;26;48mM[38;2;27;26;47mMMMMMMMMMMM[38;2;9;8;14mB                [0m
          [38;2;20;20;36m&[38;2;27;26;47mMM[38;2;27;26;48mM[38;2;27;26;47mMMMMMMMMM[38;2;27;26;48mM                         [38;2;16;15;27m8[38;2;27;26;47mMMM[38;2;27;26;48mM[38;2;27;26;47mMMMMM[38;2;16;15;27m8[38;2;27;26;48mM[38;2;27;26;47mM[38;2;27;26;48mM[38;2;24;23;42mW                [0m
          [38;2;16;15;27m8[38;2;27;26;47mMM[38;2;27;26;48mM[38;2;27;26;47mMMMMMMMMM[38;2;20;20;36m&                         [38;2;6;6;10m@[38;2;27;26;47mMM[38;2;24;23;42mW[38;2;27;26;47mM[38;2;20;20;36m&[38;2;27;26;47mMMM[38;2;27;26;48mM[38;2;27;26;47mMMMMM                [0m
          [38;2;24;23;42mW[38;2;27;26;47mMMMMMMMMMMMM[38;2;32;31;57m#                         [38;2;20;20;36m&[38;2;24;23;42mW[38;2;27;26;47mM[38;2;27;26;48mM[38;2;27;26;47mMMM[38;2;27;26;48mM[38;2;27;26;47mMMM[38;2;24;23;42mW[38;2;27;26;47mMMM[38;2;16;15;27m8               [0m
          [38;2;20;20;36m&[38;2;27;26;47mM[38;2;27;26;48mM[38;2;24;23;42mW[38;2;27;26;47mM[38;2;20;20;36m&[38;2;27;26;47mMMM[38;2;27;26;48mM[38;2;27;26;47mMMM[38;2;27;26;48mM                         [38;2;20;20;36m&[38;2;27;26;47mM[38;2;32;31;57m#[38;2;27;26;48mMM[38;2;27;26;47mMMMMM[38;2;27;26;48mM[38;2;27;26;47mMM[38;2;27;26;48mM[38;2;27;26;47mM[38;2;16;15;27m8               [0m
          [38;2;16;15;27m8[38;2;32;31;57m#[38;2;27;26;48mMM[38;2;27;26;47mMMMMM[38;2;27;26;48mM[38;2;27;26;47mMM[38;2;27;26;48mM[38;2;27;26;47mM                         [38;2;16;15;27m8[38;2;32;31;57m#[38;2;27;26;48mMM[38;2;27;26;47mMMMMM[38;2;27;26;48mM[38;2;27;26;47mMMMMMM               [0m
          [38;2;16;15;27m8[38;2;27;26;47mM[38;2;20;20;36m&[38;2;27;26;47mM[38;2;17;17;30m8[38;2;27;26;47mMMMMMM[38;2;24;23;42mW[38;2;27;26;47mM[38;2;9;8;14mB                         [38;2;16;15;27m8[38;2;27;26;47mMMMM[38;2;24;23;42mW[38;2;27;26;47mM[38;2;20;20;36m&[38;2;27;26;47mMMM[38;2;27;26;48mM[38;2;27;26;47mMMMM               [0m
