                                                                                [0m
                                                                                [0m
                                                                                [0m
                                                                                [0m
                                                                                [0m
                                                                                [0m
                                                                                [0m
                                                                                [0m
                                                                                [0m
                                                                                [0m
                                                                                [0m
                                                                                [0m
                                    [38;2;196;187;204m?  [38;2;29;26;35mW[38;2;162;152;164m/[38;2;168;160;175m([38;2;75;69;66mw                                     [0m
                                   [38;2;177;168;183m1[38;2;208;199;217m+[38;2;220;210;229m>[38;2;228;218;238m![38;2;220;210;229m>[38;2;187;179;195m][38;2;232;222;243mll[38;2;228;218;238m![38;2;131;125;138mu    [38;2;123;117;129mc                              [0m
                              [38;2;224;215;234mi[38;2;168;160;175m([38;2;180;172;187m}[38;2;232;222;243ml[38;2;216;207;226m<[38;2;228;218;238m![38;2;232;222;243ml[38;2;228;218;238m![38;2;232;222;243ml[38;2;228;218;238m!![38;2;220;210;229m>[38;2;228;218;238m!!!![38;2;180;172;187m}                                 [0m
                           [38;2;43;41;51mo [38;2;204;195;212m_[38;2;232;222;243mll[38;2;228;218;238m![38;2;232;222;243ml[38;2;228;218;238m!!![38;2;232;222;243mll[38;2;228;218;238m![38;2;131;125;138mu[38;2;208;199;217m+[38;2;216;207;226m<[38;2;220;210;229m>>[38;2;232;222;243ml[38;2;211;202;221m~[38;2;232;222;243ml                                [0m
                           [38;2;177;168;183m1[38;2;114;109;128mY[38;2;224;215;234mi[38;2;228;218;238m!!!![38;2;232;222;243ml[38;2;228;218;238m![38;2;232;222;243ml[38;2;228;218;238m![38;2;204;195;212m_[38;2;134;119;120mc[38;2;104;99;108mJ[38;2;66;63;88mq[38;2;168;160;175m([38;2;196;187;204m?[38;2;211;202;221m~[38;2;187;179;195m][38;2;164;157;171m|[38;2;114;107;116mY[38;2;232;222;243ml[38;2;216;207;226m<[38;2;114;107;116mY                             [0m
                            [38;2;168;160;175m([38;2;232;222;243ml[38;2;220;210;229m>[38;2;232;222;243ml[38;2;228;218;238m!!![38;2;216;207;226m<[38;2;180;172;187m}[38;2;75;69;66mw[38;2;210;175;160m][38;2;177;168;183m1[38;2;31;30;56m#[38;2;38;37;67mo[38;2;31;30;56m#[38;2;106;100;91mC[38;2;231;210;191m>[38;2;162;152;164m/[38;2;120;103;94mU[38;2;34;33;60m*[38;2;232;222;243ml[38;2;228;218;238m!                              [0m
                            [38;2;232;222;243mll[38;2;216;207;226m<[38;2;228;218;238m!!![38;2;232;222;243ml[38;2;228;218;238m![38;2;232;222;243ml[38;2;196;187;204m?[38;2;255;233;213m:[38;2;243;221;202ml[38;2;255;233;213m:[38;2;233;216;195mi[38;2;243;221;202ml[38;2;255;236;216m:[38;2;255;233;213m:[38;2;250;226;206mI[38;2;206;150;137m([38;2;168;160;175m([38;2;224;215;234mi[38;2;104;99;108mJ                              [0m
                          [38;2;36;34;37m#[38;2;131;125;138mu  [38;2;228;218;238m![38;2;232;222;243ml[38;2;216;207;226m<[38;2;172;158;147m|[38;2;224;215;234mi[38;2;130;106;104mY[38;2;204;186;170m[[38;2;156;149;162mt[38;2;106;100;91mC[38;2;255;233;213m:[38;2;250;226;206mI[38;2;255;233;213m:[38;2;134;119;120mc[38;2;75;69;66mw[38;2;142;138;119mx[38;2;167;154;140m/[38;2;196;180;164m][38;2;255;236;216m:                                [0m
                             [38;2;216;207;226m<[38;2;228;218;238m!!![38;2;180;172;187m}[38;2;178;162;148m([38;2;175;148;135mt[38;2;255;236;216m:[38;2;243;221;202ml[38;2;255;233;213m:::[38;2;243;221;202ml[38;2;255;233;213m::::[38;2;243;221;202ml[38;2;255;233;213m:                                [0m
                                [38;2;232;222;243ml[38;2;87;83;87mO[38;2;232;222;243mll[38;2;187;134;122mf[38;2;206;150;137m([38;2;196;180;164m][38;2;255;236;216m::[38;2;255;233;213m:[38;2;255;236;216m:[38;2;255;233;213m:[38;2;243;221;202ml[38;2;255;233;213m:::                                [0m
                               [38;2;88;85;105m0  [38;2;199;190;208m- [38;2;164;157;171m|[38;2;187;134;122mf[38;2;200;143;130m/[38;2;206;150;137m(([38;2;204;146;133m|[38;2;187;134;122mf[38;2;206;150;137m([38;2;204;146;133m|[38;2;206;150;137m(                                  [0m
                                    [38;2;43;41;51mo[38;2;206;150;137m([38;2;204;146;133m||[38;2;200;143;130m/[38;2;204;146;133m|[38;2;200;143;130m/[38;2;204;146;133m|[38;2;170;121;110mn[38;2;114;82;75mQ[38;2;20;20;36m&                                 [0m
                                    [38;2;20;20;36m&[38;2;34;33;60m*[38;2;24;23;42mW[38;2;43;41;51mo[38;2;31;30;56m#[38;2;27;26;47mMMMMM[38;2;20;20;36m&[38;2;27;26;47mM[38;2;24;23;42mW[38;2;27;26;48mM[38;2;24;23;42mW[38;2;26;24;36mW[38;2;27;26;47mMM[38;2;26;24;36mW[38;2;20;20;36m&[38;2;27;26;47mM[38;2;24;23;42mW[38;2;27;26;47mM                     [0m
                                    [38;2;27;26;47mMM[38;2;20;20;36m&[38;2;27;26;47mM[38;2;24;23;42mW[38;2;27;26;48mM[38;2;27;26;47mMM[38;2;20;20;36m&[38;2;27;26;47mMMM[38;2;26;24;36mW[38;2;20;20;36m&[38;2;27;26;47mMMMM[38;2;24;23;42mW[38;2;27;26;48mM[38;2;27;26;47mM[38;2;24;23;42mW[38;2;27;26;47mMM                    [0m
                                [38;2;16;15;27m8[38;2;27;26;47mMM[38;2;27;26;48mMM[38;2;27;26;47mM[38;2;26;24;36mW[38;2;20;20;36m&[38;2;27;26;47mMMMM[38;2;24;23;42mW[38;2;27;26;47mMMM[38;2;24;23;42mW[38;2;26;24;36mW[38;2;27;26;47mMMMMM[38;2;24;23;42mW[38;2;27;26;47mMMMM                    [0m
                           [38;2;17;17;30m8[38;2;34;33;60m*[38;2;27;26;47mMMMM[38;2;24;23;42mW[38;2;27;26;47mMMM[38;2;27;26;48mM[38;2;27;26;47mM[38;2;27;26;48mM[38;2;27;26;47mM[38;2;27;26;48mM[38;2;27;26;47mMM[38;2;20;20;36m&[38;2;6;6;11m@[38;2;17;17;30m8[38;2;20;20;36m&[38;2;16;15;27m8[38;2;9;8;14mB[38;2;27;26;47mMM[38;2;20;20;36m&[38;2;27;26;47mMM[38;2;24;23;42mW[38;2;27;26;47mMMMMM                   [0m
                          [38;2;12;11;20m%[38;2;3;2;5m$[38;2;17;17;30m8[38;2;27;26;47mMMMMM[38;2;20;20;36m&[38;2;27;26;47mMM[38;2;24;23;42mW[38;2;27;26;47mMMMMMMMMM[38;2;128;108;28mJJ[38;2;36;34;37m#[38;2;24;23;42mWW[38;2;27;26;47mMM[38;2;24;23;42mW[38;2;26;24;36mW[38;2;27;26;47mMMMMM[38;2;24;23;42mW                  [0m
                        [38;2;245;225;205mI[38;2;233;216;195mi[38;2;255;236;216m:[38;2;255;233;213m::::::[38;2;3;2;5m$[38;2;34;33;60m*[38;2;27;26;47mMMMMMMM[38;2;20;20;36m&[38;2;27;26;47mMM[38;2;24;23;42mW[38;2;27;26;47mMMMMMMMMM[38;2;24;23;42mW[38;2;27;26;47mMMMMMM[38;2;3;2;5m$                 [0m
                       [38;2;229;190;173m_[38;2;255;236;216m:[38;2;214;188;172m?[38;2;238;205;187m<[38;2;243;212;194mi[38;2;249;223;204mIII[38;2;238;205;187m<[38;2;178;127;116mr[38;2;24;23;42mWW[38;2;27;26;47mMM[38;2;24;23;42mW[38;2;27;26;47mMMMMMMMMMMMM[38;2;17;17;30m8[38;2;27;26;47mMMM[38;2;26;24;36mW[38;2;20;20;36m&[38;2;27;26;47mMMMM[38;2;24;23;42mW[38;2;27;26;47mM[38;2;3;2;5m$                 [0m
                       [38;2;99;75;71mZ[38;2;177;126;115mx[38;2;158;114;104mv[38;2;204;146;133m|[38;2;206;158;144m1[38;2;206;150;137m([38;2;206;158;144m1[38;2;200;143;130m/[38;2;204;146;133m|[38;2;99;75;71mZ[38;2;31;30;56m#[38;2;24;23;42mW[38;2;26;24;36mW[38;2;27;26;47mMMMMM[38;2;24;23;42mW[38;2;27;26;47mMMMMMMMMMMMM[38;2;20;20;36m&[38;2;27;26;47mMM[38;2;24;23;42mW[38;2;27;26;47mMMMM                  [0m
                      [38;2;24;23;42mW[38;2;27;26;47mMMM[38;2;16;15;27m8[38;2;12;11;20m%[38;2;27;26;48mM[38;2;26;24;36mW[38;2;27;26;47mMMMM[38;2;24;23;42mW[38;2;27;26;47mMM[38;2;12;11;20m%[38;2;16;15;27m8[38;2;12;11;20m%[38;2;27;26;47mM[38;2;27;26;48mMM[38;2;27;26;47mM[38;2;27;26;48mM[38;2;27;26;47mM[38;2;27;26;48mM[38;2;27;26;47mMMM[38;2;26;24;36mW[38;2;20;20;36m&[38;2;27;26;47mMMMM[38;2;24;23;42mW[38;2;27;26;47mMMMM[38;2;8;7;13m@                  [0m
                     [38;2;17;17;30m8[38;2;27;26;47mMMMMMM[38;2;24;23;42mW[38;2;27;26;47mM[38;2;24;23;42mW[38;2;27;26;47mMMMMM[38;2;26;24;36mW[38;2;20;20;36m&[38;2;27;26;47mMMMM[38;2;24;23;42mW[38;2;27;26;47mMMMMMMM[38;2;12;11;20m%[38;2;20;20;36m&[38;2;26;24;36mW[38;2;20;20;36m&[38;2;9;8;14mB[38;2;6;6;11m@[38;2;12;11;20m%[38;2;17;17;30m8[38;2;8;7;13m@                     [0m
                    [38;2;31;30;56m#[38;2;27;26;47mMM[38;2;24;23;42mW[38;2;27;26;47mMMMMMMMMMMMM[38;2;17;17;30m8[38;2;27;26;47mMM[38;2;167;154;140m/[38;2;254;242;214m,[38;2;255;236;216m::[38;2;87;83;87mO[38;2;106;100;91mC[38;2;3;2;5m$[38;2;27;26;47mMMMM[38;2;16;15;27m8[38;2;27;26;47mMM[38;2;27;26;48mM[38;2;27;26;47mM[38;2;24;23;42mW[38;2;27;26;47mMM[38;2;6;6;11m@                     [0m
                   [38;2;16;15;27m8[38;2;34;33;60m*[38;2;27;26;47mMMMM[38;2;12;11;20m%[38;2;27;26;47mM[38;2;20;20;36m&[38;2;24;23;42mWW[38;2;16;15;27m8[38;2;12;11;20m%[38;2;24;23;42mWW[38;2;20;20;36m&[38;2;17;17;30m8[38;2;167;154;140m/[38;2;254;242;214m,[38;2;243;221;202ml[38;2;255;233;213m:::[38;2;226;186;169m-[38;2;206;150;137m([38;2;99;75;71mZ[38;2;200;143;130m/[38;2;75;69;66mw[38;2;24;23;42mW[38;2;27;26;47mMMMM[38;2;24;23;42mW[38;2;27;26;47mMMMMM                      [0m
                  [38;2;3;2;5m$[38;2;24;23;42mW[38;2;27;26;47mM[38;2;24;23;42mW[38;2;27;26;47mMMMMMM[38;2;20;20;36m&[38;2;27;26;47mMM[38;2;24;23;42mW[38;2;27;26;47mMMMM[38;2;255;236;216m:[38;2;255;233;213m::::[38;2;226;186;169m-[38;2;206;150;137m([38;2;204;146;133m|[38;2;114;82;75mQ[38;2;145;104;95mX[38;2;27;26;47mM[38;2;24;23;42mW[38;2;27;26;47mMMMMMMMMM[38;2;12;11;20m%                      [0m
                  [38;2;3;2;5m$[38;2;27;26;47mMMMMM[38;2;24;23;42mW[38;2;27;26;47mMMMMMMMM[38;2;17;17;30m8[38;2;27;26;47mMM[38;2;214;167;153m{[38;2;221;175;160m[[38;2;229;190;173m__[38;2;206;150;137m((([38;2;145;104;95mX[38;2;12;11;20m%[38;2;27;26;48mM[38;2;27;26;47mMMM[38;2;24;23;42mW[38;2;27;26;47mMMMMMMM[38;2;17;17;30m8                      [0m
                   [38;2;12;11;20m%[38;2;34;33;60m*[38;2;27;26;47mMMMMMMMMM[38;2;26;24;36mW[38;2;20;20;36m&[38;2;27;26;47mMMMM[38;2;26;24;36mW[38;2;27;26;48mM[38;2;27;26;47mM[38;2;27;26;48mM[38;2;27;26;47mM[38;2;27;26;48mM[38;2;27;26;47mMMMMM[38;2;24;23;42mW[38;2;27;26;47mMMMMMMMMMM                      [0m
                      [38;2;3;2;5m$[38;2;12;11;20m%[38;2;17;17;30m8[38;2;3;2;5m$    [38;2;27;26;47mMMMM[38;2;27;26;48mM[38;2;27;26;47mM[38;2;17;17;30m8[38;2;27;26;47mMMM[38;2;20;20;36m&[38;2;27;26;47mMM[38;2;24;23;42mW[38;2;27;26;47mMMMMMMMMMMMMMM                      [0m
                              [38;2;27;26;48mM[38;2;24;23;42mW[38;2;27;26;47mMMMMMMMMMMMM[38;2;17;17;30m8[38;2;27;26;47mMMMMM[38;2;27;26;48mM[38;2;27;26;47mM[38;2;27;26;48mM[38;2;27;26;47mM[38;2;27;26;48mM[38;2;27;26;47mMMM                      [0m
                             [38;2;3;2;5m$[38;2;27;26;47mMM[38;2;20;20;36m&[38;2;27;26;47mMM[38;2;24;23;42mW[38;2;27;26;47mMMMMMMMMMMMMMMMM[38;2;20;20;36m&[38;2;27;26;47mMM[38;2;24;23;42mW[38;2;27;26;47mMMM                     [0m
                             [38;2;24;23;42mW[38;2;27;26;47mM[38;2;24;23;42mW[38;2;27;26;47mMMMMMMMM[38;2;26;24;36mW[38;2;20;20;36m&[38;2;27;26;47mMMMM[38;2;24;23;42mW[38;2;27;26;47mMMMMMMMMMMMM[38;2;27;26;48mM                    [0m
                            [38;2;27;26;47mMM[38;2;20;20;36m&[38;2;27;26;47mMM[38;2;24;23;42mW[38;2;27;26;47mMMMMMMMMMMMMMM[38;2;27;26;48mM[38;2;9;8;14mB[38;2;27;26;47mMMMMMMMMMM                    [0m
                          [38;2;9;8;14mB[38;2;17;17;30m8[38;2;27;26;47mMMMMM[38;2;24;23;42mW[38;2;27;26;47mMMMMMMMMMMMM[38;2;17;17;30m8[38;2;27;26;47mMMMMMM[38;2;27;26;48mM[38;2;27;26;47mMMMMMM[38;2;24;23;42mW                   [0m
                          [38;2;24;23;42mWW[38;2;27;26;47mMMMMMMMMMMMM[38;2;17;17;30m8[38;2;27;26;47mMMMMMM[38;2;27;26;48mM[38;2;27;26;47mM[38;2;16;15;27m8[38;2;27;26;47mMMM[38;2;24;23;42mW[38;2;27;26;47mMMMMMM[38;2;24;23;42mW[38;2;16;15;27m8                  [0m
                             [38;2;27;26;48mM[38;2;27;26;47mM[38;2;27;26;48mM[38;2;27;26;47mM[38;2;27;26;48mM[38;2;27;26;47mMMMMM[38;2;27;26;48mM[38;2;27;26;47mMMMM[38;2;20;20;36m&[38;2;27;26;47mM[38;2;16;15;27m8[38;2;17;17;30m8[38;2;27;26;47mM[38;2;17;17;30m8[38;2;16;15;27m8[38;2;24;23;42mW[38;2;27;26;47mM[38;2;24;23;42mW[38;2;27;26;47mMMMMMMMM                  [0m
                            [38;2;27;26;47mMM[38;2;20;20;36m&[38;2;27;26;47mMM[38;2;24;23;42mW[38;2;27;26;47mMMMMMMMMMMMMMM[38;2;27;26;48mM[38;2;27;26;47mMMM[38;2;27;26;48mM[38;2;27;26;47mM[38;2;26;24;36mW[38;2;20;20;36m&[38;2;27;26;47mMM[38;2;16;15;27m8[38;2;20;20;36m&[38;2;27;26;48mM[38;2;16;15;27m8                  [0m
                          [38;2;16;15;27m8[38;2;24;23;42mW[38;2;27;26;47mMMMMMMMMMMM[38;2;8;7;13m@[38;2;27;26;48mM[38;2;20;20;36m&[38;2;17;17;30m8[38;2;24;23;42mW[38;2;17;17;30m8[38;2;20;20;36m&[38;2;27;26;48mM[38;2;24;23;42mW[38;2;27;26;47mMMMMMMMMMMMM[38;2;17;17;30m8                   [0m
                         [38;2;24;23;42mW[38;2;27;26;47mMM[38;2;20;20;36m&[38;2;27;26;47mMM[38;2;24;23;42mW[38;2;27;26;47mMMMMMMMMMMMMMM[38;2;27;26;48mM[38;2;27;26;47mMMM[38;2;27;26;48mM[38;2;27;26;47mMMMMMMM[38;2;24;23;42mW[38;2;27;26;47mMM                   [0m
                        [38;2;34;33;60m*[38;2;27;26;47mMMMMMMMMM[38;2;17;17;30m8[38;2;27;26;47mM[38;2;27;26;48mM[38;2;27;26;47mMMM[38;2;20;20;36m&[38;2;27;26;47mMM[38;2;24;23;42mW[38;2;27;26;47mMMMMMMMMMMMMMM[38;2;27;26;48mM[38;2;27;26;47mMM[38;2;3;2;5m$                  [0m
                      [38;2;20;20;36m&[38;2;27;26;47mMMMMMM[38;2;24;23;42mW[38;2;27;26;47mMMMMMMMMMMMM[38;2;17;17;30m8[38;2;27;26;47mMMMMMM[38;2;27;26;48mM[38;2;27;26;47mMMM[38;2;27;26;48mM[38;2;27;26;47mMMMMMM[38;2;26;24;36mW[38;2;20;20;36m&                  [0m
                    [38;2;3;2;5m$[38;2;17;17;30m8[38;2;27;26;47mMMMMMM[38;2;26;24;36mW[38;2;20;20;36m&[38;2;27;26;47mMMMM[38;2;24;23;42mW[38;2;27;26;47mMMMM[38;2;24;23;42mW[38;2;27;26;47mM[38;2;24;23;42mW[38;2;27;26;47mMMMMMMMMMM[38;2;24;23;42mW[38;2;26;24;36mW[38;2;27;26;47mMMMMM[38;2;24;23;42mW[38;2;27;26;47mM[38;2;16;15;27m8[38;2;3;2;5m$                 [0m
                   [38;2;27;26;47mM[38;2;26;24;36mW[38;2;20;20;36m&[38;2;27;26;47mMMMM[38;2;24;23;42mW[38;2;27;26;47mMMMMMMMMMMMM[38;2;27;26;48mM[38;2;27;26;47mMMM[38;2;27;26;48mM[38;2;27;26;47mMMM[38;2;27;26;48mM[38;2;27;26;47mMMMM[38;2;20;20;36m&[38;2;27;26;47mMM[38;2;24;23;42mW[38;2;27;26;47mMMMMM[38;2;16;15;27m8[38;2;3;2;5m$                 [0m
                  [38;2;24;23;42mW[38;2;26;24;36mW[38;2;27;26;47mMMMMM[38;2;24;23;42mW[38;2;27;26;47mMMMMMMMMMMM[38;2;24;23;42mW[38;2;27;26;48mM[38;2;27;26;47mMM[38;2;24;23;42mWW[38;2;27;26;47mMM[38;2;24;23;42mWW[38;2;27;26;47mM[38;2;20;20;36m&[38;2;27;26;48mM[38;2;24;23;42mW[38;2;26;24;36mW[38;2;27;26;47mMMMMM[38;2;24;23;42mW[38;2;27;26;47mMMM[38;2;16;15;27m8[38;2;3;2;5m$                 [0m
                [38;2;27;26;47mM[38;2;34;33;60m*[38;2;27;26;47mMMMMMMMMM[38;2;17;17;30m8[38;2;27;26;47mM[38;2;27;26;48mMM[38;2;27;26;47mMM[38;2;24;23;42mW[38;2;27;26;47mMMMMMM  M[38;2;34;33;60m*[38;2;27;26;47mMMMMMMMMM[38;2;17;17;30m8[38;2;27;26;47mM[38;2;27;26;48mMM[38;2;27;26;47mMMM[38;2;26;24;36mW[38;2;20;20;36m&                  [0m
               [38;2;20;20;36m&[38;2;27;26;47mMMMMMMM[38;2;24;23;42mW[38;2;27;26;47mMMMMMMMMMMMM[38;2;17;17;30m8[38;2;27;26;47mM      M[38;2;24;23;42mW[38;2;27;26;47mMMMMMMMMMMMM[38;2;17;17;30m8[38;2;27;26;47mMMM                  [0m
              [38;2;20;20;36m&[38;2;27;26;48mM[38;2;27;26;47mMMMMMMMM[38;2;20;20;36m&[38;2;27;26;47mMM[38;2;24;23;42mW[38;2;27;26;47mMMMMMMMM         MMMMM[38;2;24;23;42mW[38;2;27;26;47mMMMMMMMM[38;2;17;17;30m8[38;2;27;26;47mMM                  [0m
             [38;2;24;23;42mW[38;2;27;26;47mM[38;2;24;23;42mW[38;2;27;26;47mMMMMMMMMMMMM[38;2;26;24;36mW[38;2;20;20;36m&[38;2;27;26;47mMMMM            [38;2;34;33;60m*[38;2;27;26;47mMMMMMMMMM[38;2;17;17;30m8[38;2;27;26;47mM[38;2;27;26;48mM[38;2;27;26;47mMMM                  [0m
            [38;2;27;26;47mMMMMMM[38;2;24;23;42mW[38;2;27;26;47mMMMMMMMM[38;2;17;17;30m8[38;2;27;26;47mMMMM              MM[38;2;26;24;36mW[38;2;20;20;36m&[38;2;27;26;47mMMMM[38;2;24;23;42mW[38;2;27;26;47mMMMMMMM                  [0m
            [38;2;34;33;60m*[38;2;27;26;47mMMMMMMMMM[38;2;17;17;30m8[38;2;27;26;47mM[38;2;27;26;48mM[38;2;27;26;47mMMMMM[38;2;9;8;14mB               [38;2;20;20;36m&[38;2;27;26;47mM[38;2;24;23;42mW[38;2;27;26;48mM[38;2;24;23;42mW[38;2;27;26;47mMMMMMMMM[38;2;24;23;42mW[38;2;27;26;47mM[38;2;16;15;27m8                  [0m
           [38;2;16;15;27m8[38;2;27;26;47mMM[38;2;20;20;36m&[38;2;27;26;47mMM[38;2;24;23;42mW[38;2;27;26;47mMMMMMMMMMM                   [38;2;27;26;48mM[38;2;24;23;42mW[38;2;26;24;36mW[38;2;27;26;47mMMMMM[38;2;24;23;42mW[38;2;27;26;47mMMMMM[38;2;16;15;27m8                  [0m
            [38;2;27;26;47mMM[38;2;20;20;36m&[38;2;27;26;47mMM[38;2;24;23;42mW[38;2;27;26;47mMMMMMMMM                     [38;2;24;23;42mW[38;2;27;26;47mM[38;2;24;23;42mW[38;2;27;26;47mMMMMMMMMMMMM                  [0m
            [38;2;34;33;60m*[38;2;27;26;47mMMMMMMMMM[38;2;17;17;30m8[38;2;27;26;47mM[38;2;27;26;48mM                      [38;2;20;20;36m&[38;2;27;26;47mMMMMMMMMMMMMM[38;2;27;26;48mM                  [0m
            [38;2;27;26;47mMM[38;2;20;20;36m&[38;2;27;26;47mMM[38;2;24;23;42mW[38;2;27;26;47mMMMMMM                       [38;2;17;17;30m8[38;2;27;26;47mMM[38;2;20;20;36m&[38;2;27;26;47mMM[38;2;24;23;42mW[38;2;27;26;47mMMMMMMMM                  [0m
           [38;2;29;26;35mW[38;2;27;26;47mMM[38;2;24;23;42mW[38;2;26;24;36mW[38;2;27;26;47mMMMMM[38;2;24;23;42mW[38;2;27;26;47mMM                       [38;2;17;17;30m8[38;2;27;26;48mM[38;2;27;26;47mM[38;2;27;26;48mM[38;2;27;26;47mMMMM[38;2;27;26;48mM[38;2;27;26;47mMM[38;2;24;23;42mW[38;2;26;24;36mW[38;2;27;26;47mMM                  [0m
           [38;2;17;17;30m8[38;2;27;26;47mMMMMMMMMMMMM                        M[38;2;24;23;42mW[38;2;27;26;47mMMMMMMMMMMMM                  [0m
           [38;2;20;20;36m&[38;2;27;26;47mM[38;2;24;23;42mW[38;2;27;26;48mM[38;2;24;23;42mW[38;2;27;26;47mMMMMMMMM                        [38;2;17;17;30m8[38;2;24;23;42mW[38;2;27;26;47mMMM[38;2;24;23;42mW[38;2;27;26;47mM[38;2;20;20;36m&[38;2;27;26;47mMMM[38;2;24;23;42mW[38;2;27;26;47mMM[38;2;6;6;11m@                 [0m
           [38;2;27;26;48mM[38;2;27;26;47mMM[38;2;26;24;36mW[38;2;20;20;36m&[38;2;27;26;47mMMMM[38;2;24;23;42mW[38;2;27;26;47mMM[38;2;12;11;20m%                        [38;2;27;26;48mM[38;2;27;26;47mM[38;2;27;26;48mM[38;2;27;26;47mM[38;2;27;26;48mM[38;2;27;26;47mMMMMM[38;2;27;26;48mM[38;2;27;26;47mMMM                  [0m
          [38;2;3;2;5m$[38;2;27;26;48mM[38;2;27;26;47mMMMM[38;2;24;23;42mW[38;2;27;26;47mMMMMMM[38;2;3;2;5m$                        [38;2;27;26;48mM[38;2;27;26;47mMMMMM[38;2;24;23;42mW[38;2;27;26;47mMMMMMMM[38;2;6;6;11m@                 [0m
          [38;2;3;2;5m$[38;2;27;26;48mM[38;2;27;26;47mM[38;2;27;26;48mM[38;2;27;26;47mM[38;2;27;26;48mM[38;2;27;26;47mMMMMM[38;2;27;26;48mM[38;2;27;26;47mM                         MM[38;2;24;23;42mW[38;2;26;24;36mW[38;2;27;26;47mMMMMM[38;2;24;23;42mW[38;2;27;26;47mMMMM[38;2;8;7;13m@                 [0m
