                                                                                [0m
                                                                                [0m
                                                                                [0m
                                                                                [0m
                                                                                [0m
                                                                                [0m
                                                                                [0m
                                                                                [0m
                                                                                [0m
                                                                                [0m
                                                                                [0m
                                    [38;2;114;109;128mY  [38;2;104;99;108mJ[38;2;168;160;175m([38;2;175;168;183m1[38;2;3;3;5m$                                     [0m
                                   [38;2;228;218;238m![38;2;139;131;141mn[38;2;232;222;242ml[38;2;228;218;238m![38;2;232;222;242ml[38;2;225;215;234mi[38;2;228;218;238m![38;2;232;222;242ml[38;2;216;207;226m<[38;2;162;152;164m/[38;2;43;41;51mo[38;2;12;11;20m%[38;2;3;3;5m$[38;2;177;168;183m1[38;2;87;83;87mO                              [0m
                              [38;2;232;222;242ml[38;2;41;40;50mo[38;2;228;218;238m![38;2;232;222;242mll[38;2;228;218;238m![38;2;232;222;242ml[38;2;216;207;226m<[38;2;228;218;238m!!![38;2;232;222;242ml[38;2;228;218;238m![38;2;232;222;242ml[38;2;228;218;238m![38;2;232;222;242ml[38;2;123;117;129mc                                 [0m
                          [38;2;25;22;35mW  [38;2;232;222;242ml[38;2;228;218;238m![38;2;232;222;242ml[38;2;228;218;238m!![38;2;232;222;242ml[38;2;216;207;226m<[38;2;228;218;238m!!![38;2;232;222;242ml[38;2;125;90;83mC[38;2;232;222;242ml[38;2;172;164;179m)[38;2;232;222;242ml[38;2;228;218;238m![38;2;232;222;242mll[38;2;228;218;238m!                                [0m
                          [38;2;3;3;5m$[38;2;232;222;242ml[38;2;33;29;39m#[38;2;228;218;238m!![38;2;232;222;242ml[38;2;228;218;238m!!!![38;2;232;222;242ml[38;2;228;218;238m![38;2;144;124;129mu[38;2;200;191;208m-[38;2;31;30;57m#[38;2;38;37;67mo[38;2;232;222;242ml[38;2;144;124;129mu[38;2;232;222;242ml[38;2;148;141;154mj[38;2;162;152;164m/[38;2;200;191;208m-[38;2;228;218;238m![38;2;232;222;242ml[38;2;3;3;5m$                             [0m
                            [38;2;232;222;242ml[38;2;228;218;238m![38;2;225;215;234mi[38;2;228;218;238m!!!![38;2;232;222;242ml[38;2;200;191;208m-[38;2;75;69;66mw[38;2;165;131;121mr[38;2;123;117;129mc[38;2;27;26;47mM[38;2;38;37;67mo[38;2;27;26;47mM[38;2;222;203;186m~[38;2;168;160;175m([38;2;196;180;164m][38;2;17;17;30m88[38;2;228;218;238m![38;2;172;164;179m)                              [0m
                            [38;2;232;222;242ml[38;2;228;218;238m![38;2;232;222;242ml[38;2;228;218;238m!!![38;2;232;222;242ml[38;2;216;207;226m<[38;2;228;218;238m![38;2;168;160;175m([38;2;255;236;216m:[38;2;251;230;210m;[38;2;255;233;213m:[38;2;255;236;216m:[38;2;251;230;210m;;[38;2;255;236;216m:[38;2;229;190;173m_[38;2;185;169;154m1[38;2;148;141;154mjj[38;2;196;187;204m?                              [0m
                          [38;2;139;131;141mn[38;2;3;3;5m$ [38;2;156;149;163mt[38;2;228;218;238m![38;2;172;164;179m)[38;2;139;131;141mn[38;2;99;75;71mZ[38;2;191;183;200m[[38;2;233;216;195mi[38;2;185;169;154m1[38;2;168;160;175m([38;2;167;153;151m/[38;2;255;233;213m:[38;2;255;236;216m:[38;2;251;230;210m;[38;2;120;103;94mU[38;2;88;85;105m0[38;2;156;146;134mff[38;2;236;209;191m>[38;2;186;171;163m}                                [0m
                            [38;2;3;3;5m$[38;2;225;215;234mi[38;2;232;222;242ml[38;2;204;195;212m_[38;2;228;218;238m![38;2;156;149;162mt[38;2;175;148;135mt[38;2;185;169;154m1[38;2;255;233;213m::[38;2;251;230;210m;;[38;2;255;233;213m:[38;2;251;230;210m;[38;2;255;233;213m:[38;2;250;226;206mI[38;2;251;230;210m;[38;2;255;233;213m:[38;2;251;230;210m;[38;2;196;180;164m]                                [0m
                               [38;2;172;164;179m)[38;2;180;172;187m}[38;2;184;175;192m{[38;2;228;218;238m![38;2;232;222;242ml[38;2;206;150;137m([38;2;194;139;126mt[38;2;236;209;191m>[38;2;255;236;216m:[38;2;251;230;210m;[38;2;255;233;213m::::[38;2;250;226;206mI[38;2;251;230;210m;[38;2;196;180;164m]                                [0m
                               [38;2;114;107;116mY [38;2;3;3;5m$[38;2;87;83;87mOO[38;2;162;152;164m/[38;2;206;150;137m(([38;2;204;146;133m||[38;2;206;150;137m([38;2;204;146;133m|||[38;2;146;104;95mX                                  [0m
                                    [38;2;158;114;104mv[38;2;206;150;137m([38;2;204;146;133m|||[38;2;206;150;137m([38;2;99;75;71mZ[38;2;8;7;13m@[38;2;27;26;48mMM[38;2;3;3;5m$     $[38;2;16;15;27m8[38;2;24;23;42mWW[38;2;27;26;48mM[38;2;3;3;5m$                      [0m
                                    [38;2;16;15;27m8[38;2;99;75;71mZ[38;2;187;133;122mf[38;2;24;23;42mW[38;2;27;26;47mMMMMMM[38;2;16;15;27m8[38;2;27;26;47mMMMMMM[38;2;27;26;48mM[38;2;27;26;47mM[38;2;27;26;48mMMM[38;2;27;26;47mM                     [0m
                                    [38;2;27;26;48mM[38;2;27;26;47mM[38;2;27;26;48mM[38;2;17;17;30m8[38;2;27;26;48mM[38;2;37;36;51m*[38;2;27;26;47mMM[38;2;27;26;48mM[38;2;27;26;47mMM[38;2;27;26;48mM[38;2;27;26;47mMMMM[38;2;27;26;48mM[38;2;27;26;47mMM[38;2;27;26;48mM[38;2;27;26;47mMMMM                    [0m
                                  [38;2;3;3;5m$[38;2;25;22;35mW[38;2;27;26;47mM[38;2;27;26;48mM[38;2;27;26;47mM[38;2;17;17;30m8[38;2;27;26;48mM[38;2;27;26;47mM[38;2;27;26;48mM[38;2;27;26;47mM[38;2;27;26;48mM[38;2;27;26;47mMMM[38;2;27;26;48mM[38;2;27;26;47mMM[38;2;27;26;48mM[38;2;27;26;47mMMMM[38;2;27;26;48mM[38;2;27;26;47mMMM                    [0m
                               [38;2;3;3;5m$[38;2;17;17;30m8[38;2;24;23;42mW[38;2;27;26;47mMM[38;2;16;15;27m8[38;2;27;26;48mM[38;2;27;26;47mM[38;2;27;26;48mMMM[38;2;27;26;47mMM[38;2;25;22;35mW[38;2;17;17;30m8[38;2;11;11;20m%[38;2;17;17;30m8[38;2;27;26;47mMMMM[38;2;27;26;48mM[38;2;27;26;47mMMMMMM[38;2;27;26;48mM[38;2;27;26;47mM                   [0m
                            [38;2;17;17;30m8[38;2;27;26;48mM[38;2;27;26;47mM[38;2;27;26;48mM[38;2;27;26;47mMMMM[38;2;27;26;48mM[38;2;27;26;47mMMMMM[38;2;27;26;48mM[38;2;27;26;47mMM[38;2;145;123;32mz[38;2;80;67;22mp[38;2;34;33;60m*[38;2;17;17;30m8[38;2;27;26;48mM[38;2;17;17;30m8[38;2;24;23;42mW[38;2;27;26;48mMM[38;2;27;26;47mM[38;2;27;26;48mM[38;2;27;26;47mMMMM[38;2;27;26;48mM[38;2;27;26;47mM                  [0m
                          [38;2;16;15;27m8[38;2;27;26;47mM[38;2;27;26;48mM[38;2;37;36;51m*[38;2;27;26;47mMMM[38;2;25;22;35mW[38;2;27;26;47mM[38;2;27;26;48mM[38;2;27;26;47mM[38;2;27;26;48mMMM[38;2;11;11;20m%[38;2;24;23;42mW[38;2;27;26;47mMM[38;2;27;26;48mM[38;2;27;26;47mM[38;2;17;17;30m8[38;2;27;26;47mM[38;2;11;11;20m%[38;2;27;26;48mM[38;2;27;26;47mM[38;2;27;26;48mMMM[38;2;27;26;47mMMM[38;2;27;26;48mMM[38;2;27;26;47mMM[38;2;27;26;48mM                  [0m
                          [38;2;17;17;30m8[38;2;24;23;42mW[38;2;27;26;47mMMMMMMM[38;2;16;15;27m8[38;2;255;246;217m'[38;2;255;233;213m:[38;2;255;236;216m:[38;2;251;230;210m;[38;2;255;236;216m:[38;2;255;233;213m:[38;2;219;170;155m][38;2;16;15;27m8[38;2;27;26;48mM[38;2;27;26;47mM[38;2;27;26;48mM[38;2;27;26;47mM[38;2;11;11;20m%[38;2;27;26;48mM[38;2;24;23;42mW[38;2;27;26;47mM[38;2;27;26;48mM[38;2;27;26;47mMM[38;2;27;26;48mM[38;2;27;26;47mMMMM[38;2;27;26;48mM[38;2;27;26;47mM                  [0m
                          [38;2;27;26;47mMM[38;2;16;15;27m8[38;2;27;26;47mMMMMM[38;2;167;154;140m/[38;2;255;233;213m:::[38;2;255;236;216m:[38;2;251;230;210m;[38;2;214;167;153m{[38;2;163;117;107mu[38;2;99;75;71mZ[38;2;37;36;51m*[38;2;27;26;47mM[38;2;27;26;48mM[38;2;27;26;47mM[38;2;27;26;48mM[38;2;27;26;47mM[38;2;24;23;42mW[38;2;27;26;47mM[38;2;27;26;48mMM[38;2;27;26;47mM[38;2;27;26;48mM[38;2;27;26;47mM[38;2;27;26;48mM[38;2;27;26;47mMMM[38;2;27;26;48mM[38;2;27;26;47mM                  [0m
                         [38;2;27;26;47mM[38;2;27;26;48mM[38;2;27;26;47mM[38;2;17;17;30m8[38;2;27;26;47mMM[38;2;27;26;48mM[38;2;27;26;47mM[38;2;27;26;48mM[38;2;251;230;210m;[38;2;255;233;213m:[38;2;255;236;216m:[38;2;251;230;210m;[38;2;214;167;153m{[38;2;158;114;104mv[38;2;200;143;130m/[38;2;204;146;133m|[38;2;206;150;137m([38;2;33;29;39m#[38;2;27;26;48mM[38;2;27;26;47mM[38;2;27;26;48mM[38;2;27;26;47mM[38;2;25;22;35mW[38;2;27;26;47mMMMMMMMM[38;2;27;26;48mM[38;2;27;26;47mMMMM                  [0m
                        [38;2;17;17;30m8[38;2;27;26;47mM[38;2;27;26;48mM[38;2;27;26;47mM[38;2;27;26;48mM[38;2;27;26;47mM[38;2;24;23;42mW[38;2;27;26;47mM[38;2;25;22;35mW[38;2;222;203;186m~[38;2;204;146;133m||||||[38;2;206;150;137m([38;2;177;126;115mx[38;2;27;26;47mM[38;2;24;23;42mWW[38;2;27;26;47mMMM[38;2;27;26;48mM[38;2;27;26;47mMMMMMM[38;2;27;26;48mM[38;2;27;26;47mMMMM[38;2;24;23;42mW                   [0m
                        [38;2;27;26;47mMM[38;2;27;26;48mM[38;2;27;26;47mM[38;2;27;26;48mMM[38;2;27;26;47mMMMM[38;2;178;127;116mr[38;2;204;146;133m|[38;2;206;150;137m([38;2;99;75;71mZ[38;2;24;23;42mW[38;2;27;26;48mMM[38;2;24;23;42mW[38;2;27;26;47mMMM[38;2;27;26;48mM[38;2;27;26;47mMMMM[38;2;27;26;48mM[38;2;27;26;47mMMMMM[38;2;27;26;48mM[38;2;27;26;47mM[38;2;27;26;48mM[38;2;27;26;47mM                    [0m
                       [38;2;25;22;35mW[38;2;27;26;48mM[38;2;37;36;51m*[38;2;11;11;20m%[38;2;120;103;94mU[38;2;186;171;163m}[38;2;204;187;171m?[38;2;185;169;154m1[38;2;178;162;148m([38;2;156;146;134mf[38;2;17;17;30m8[38;2;24;23;42mW[38;2;27;26;48mM[38;2;27;26;47mMMMMM[38;2;27;26;48mM[38;2;27;26;47mM[38;2;27;26;48mMMM[38;2;27;26;47mMMM[38;2;27;26;48mMM[38;2;27;26;47mMM[38;2;27;26;48mM[38;2;17;17;30m8[38;2;27;26;47mMM[38;2;27;26;48mM[38;2;16;15;27m8                     [0m
                      [38;2;24;23;42mW[38;2;11;11;20m%[38;2;255;233;213m::[38;2;251;230;210m;;[38;2;255;233;213m:[38;2;251;230;210m;[38;2;255;233;213m:::[38;2;250;226;206mI[38;2;17;17;30m8[38;2;24;23;42mW[38;2;27;26;47mMMMMMM[38;2;27;26;48mM[38;2;27;26;47mM[38;2;27;26;48mM[38;2;27;26;47mM[38;2;27;26;48mM[38;2;27;26;47mMMM[38;2;27;26;48mM[38;2;27;26;47mMM[38;2;24;23;42mW[38;2;27;26;48mM[38;2;27;26;47mMM[38;2;3;3;5m$                      [0m
                     [38;2;6;6;11m@[38;2;75;69;66mw[38;2;255;236;216m:[38;2;251;230;210m;[38;2;255;233;213m:::[38;2;255;236;216m:[38;2;255;233;213m:[38;2;255;236;216m:[38;2;251;230;210m;[38;2;255;236;216m:[38;2;255;233;213m:[38;2;156;146;134mf[38;2;24;23;42mW[38;2;27;26;47mMMMMMMMMM[38;2;27;26;48mM[38;2;27;26;47mM[38;2;17;17;30m8[38;2;27;26;47mM[38;2;16;15;27m8[38;2;27;26;47mMMMMMM                        [0m
                     [38;2;24;23;42mW[38;2;37;36;51m*[38;2;3;3;5m$[38;2;255;236;216m:[38;2;255;246;217m'[38;2;255;236;216m::[38;2;255;233;213m:[38;2;255;236;216m:[38;2;255;233;213m:[38;2;212;161;147m}[38;2;200;143;130m/[38;2;204;146;133m||[38;2;16;15;27m8[38;2;27;26;48mM[38;2;27;26;47mMMMM[38;2;27;26;48mM[38;2;24;23;42mW[38;2;27;26;48mMM[38;2;37;36;51m*[38;2;27;26;47mMMM[38;2;27;26;48mM[38;2;37;36;51m*[38;2;27;26;47mMMM[38;2;25;22;35mW[38;2;27;26;47mM                        [0m
                     [38;2;17;17;30m8[38;2;27;26;47mMMMM[38;2;212;161;147m}[38;2;200;143;130m/[38;2;206;150;137m([38;2;204;146;133m||[38;2;16;15;27m8[38;2;24;23;42mW[38;2;27;26;47mMMMMMM[38;2;27;26;48mM[38;2;27;26;47mMMMM[38;2;24;23;42mW[38;2;27;26;48mM[38;2;27;26;47mM[38;2;27;26;48mM[38;2;27;26;47mMMMM[38;2;27;26;48mM[38;2;27;26;47mM[38;2;27;26;48mM[38;2;27;26;47mM[38;2;11;11;20m%                       [0m
                      [38;2;9;8;14mB[38;2;27;26;48mM[38;2;27;26;47mMMMM[38;2;3;3;5m$  [38;2;17;17;30m8[38;2;27;26;47mM[38;2;27;26;48mM[38;2;24;23;42mW[38;2;27;26;47mM[38;2;27;26;48mM[38;2;27;26;47mM[38;2;27;26;48mM[38;2;27;26;47mM[38;2;27;26;48mM[38;2;27;26;47mMMM[38;2;27;26;48mM[38;2;27;26;47mMM[38;2;24;23;42mW[38;2;16;15;27m8[38;2;27;26;47mMMMMM[38;2;27;26;48mM[38;2;27;26;47mM[38;2;27;26;48mM[38;2;3;3;5m$                      [0m
                         [38;2;8;7;13m@   [38;2;3;3;5m$[38;2;27;26;47mMM[38;2;24;23;42mW[38;2;27;26;47mMM[38;2;27;26;48mM[38;2;27;26;47mMMMM[38;2;27;26;48mM[38;2;27;26;47mMMMMM[38;2;27;26;48mM[38;2;27;26;47mM[38;2;27;26;48mM[38;2;27;26;47mMMMMM[38;2;27;26;48mM[38;2;27;26;47mM[38;2;27;26;48mM[38;2;27;26;47mM                      [0m
                            [38;2;27;26;47mMMMMM[38;2;27;26;48mM[38;2;27;26;47mM[38;2;27;26;48mMMM[38;2;27;26;47mMMM[38;2;27;26;48mMM[38;2;27;26;47mMM[38;2;27;26;48mM[38;2;17;17;30m8[38;2;27;26;47mMM[38;2;17;17;30m8[38;2;27;26;48mM[38;2;27;26;47mM[38;2;24;23;42mW[38;2;27;26;47mMMMM[38;2;17;17;30m8[38;2;6;6;11m@                     [0m
                          [38;2;24;23;42mW[38;2;27;26;47mMMMMMM[38;2;27;26;48mM[38;2;27;26;47mMMMM[38;2;24;23;42mW[38;2;27;26;48mM[38;2;27;26;47mM[38;2;27;26;48mM[38;2;27;26;47mMMMMMM[38;2;25;22;35mW[38;2;27;26;47mMMMMMMM[38;2;27;26;48mM[38;2;27;26;47mMM                     [0m
                            [38;2;24;23;42mW[38;2;27;26;47mM[38;2;17;17;30m88[38;2;24;23;42mW[38;2;27;26;47mMM[38;2;27;26;48mM[38;2;25;22;35mW[38;2;27;26;47mM[38;2;24;23;42mW[38;2;27;26;47mMMMM[38;2;27;26;48mM[38;2;25;22;35mW[38;2;17;17;30m8[38;2;16;15;27m8[38;2;24;23;42mW[38;2;27;26;47mM[38;2;17;17;30m8[38;2;27;26;47mM[38;2;27;26;48mM[38;2;24;23;42mW[38;2;27;26;47mMMMMMM[38;2;27;26;48mM                    [0m
                           [38;2;27;26;48mMM[38;2;27;26;47mM[38;2;27;26;48mM[38;2;27;26;47mM[38;2;27;26;48mM[38;2;27;26;47mMMM[38;2;27;26;48mM[38;2;27;26;47mMM[38;2;24;23;42mW[38;2;27;26;48mM[38;2;27;26;47mMMMMMMMMMMM[38;2;27;26;48mM[38;2;25;22;35mW[38;2;27;26;47mMMMM[38;2;27;26;48mM[38;2;27;26;47mM[38;2;12;11;20m%                   [0m
                          [38;2;27;26;47mMMMMMMM[38;2;27;26;48mM[38;2;27;26;47mMMMM[38;2;24;23;42mW[38;2;27;26;48mM[38;2;27;26;47mM[38;2;27;26;48mM[38;2;27;26;47mMMMMMMM[38;2;27;26;48mM[38;2;27;26;47mMMMMMMM[38;2;27;26;48mM[38;2;27;26;47mM [38;2;3;3;5m$                   [0m
                        [38;2;24;23;42mW[38;2;27;26;47mMM[38;2;24;23;42mW[38;2;27;26;47mMM[38;2;27;26;48mM[38;2;27;26;47mM[38;2;27;26;48mM[38;2;27;26;47mM[38;2;27;26;48mM[38;2;27;26;47mM[38;2;24;23;42mW[38;2;27;26;47mMMMMMM[38;2;27;26;48mM[38;2;27;26;47mMMMM[38;2;24;23;42mW[38;2;27;26;48mM[38;2;27;26;47mM[38;2;27;26;48mM[38;2;27;26;47mMMMMMMM                     [0m
                       [38;2;27;26;47mMMM[38;2;27;26;48mM[38;2;27;26;47mMM[38;2;27;26;48mM[38;2;27;26;47mMMMMM[38;2;27;26;48mM[38;2;27;26;47mMMM[38;2;17;17;30m8[38;2;27;26;47mMMMMMMMMMMM[38;2;27;26;48mM[38;2;27;26;47mM[38;2;27;26;48mMMM[38;2;27;26;47mMMM[38;2;11;11;20m%                    [0m
                      [38;2;27;26;47mMM[38;2;25;22;35mW[38;2;24;23;42mW[38;2;27;26;47mMMM[38;2;27;26;48mM[38;2;27;26;47mM[38;2;27;26;48mMMM[38;2;27;26;47mMMM[38;2;27;26;48mMM[38;2;27;26;47mMM[38;2;27;26;48mM[38;2;17;17;30m8[38;2;27;26;47mMMMMMMMMMMMMMMMM[38;2;27;26;48mM                    [0m
                    [38;2;11;11;20m%[38;2;27;26;47mMMM[38;2;27;26;48mM[38;2;27;26;47mMMMMM[38;2;27;26;48mM[38;2;27;26;47mM[38;2;12;11;20m%[38;2;17;17;30m8[38;2;27;26;48mM[38;2;27;26;47mM[38;2;24;23;42mW[38;2;27;26;47mMMMM[38;2;17;17;30m8[38;2;27;26;47mMMM[38;2;27;26;48mM[38;2;27;26;47mM[38;2;27;26;48mMMM[38;2;27;26;47mMMM[38;2;27;26;48mMM[38;2;27;26;47mMM[38;2;27;26;48mM[38;2;17;17;30m8[38;2;27;26;47mM                    [0m
                   [38;2;3;3;5m$[38;2;27;26;47mMMMMMM[38;2;27;26;48mM[38;2;27;26;47mM[38;2;37;36;51m*[38;2;27;26;47mM[38;2;17;17;30m8[38;2;25;22;35mW[38;2;27;26;47mM[38;2;16;15;27m8[38;2;27;26;48mM[38;2;27;26;47mMMM[38;2;27;26;48mM[38;2;27;26;47mM[38;2;27;26;48mM[38;2;27;26;47mM[38;2;27;26;48mM[38;2;27;26;47mMMM[38;2;27;26;48mM[38;2;27;26;47mMM[38;2;24;23;42mW[38;2;27;26;48mM[38;2;27;26;47mMMMMMMMMM[38;2;3;3;5m$$                  [0m
                  [38;2;11;11;20m%[38;2;27;26;47mMMMMMM[38;2;27;26;48mM[38;2;27;26;47mMMMM[38;2;24;23;42mW[38;2;27;26;48mM[38;2;27;26;47mM[38;2;27;26;48mM[38;2;27;26;47mMM[38;2;16;15;27m8[38;2;24;23;42mW[38;2;27;26;47mMM[38;2;27;26;48mMM[38;2;27;26;47mMMM[38;2;27;26;48mMM[38;2;27;26;47mMM[38;2;27;26;48mM[38;2;27;26;47mMMMMM[38;2;27;26;48mM[38;2;27;26;47mMMM[38;2;17;17;30m8 [38;2;3;3;5m$                  [0m
                  [38;2;27;26;47mM[38;2;27;26;48mM[38;2;27;26;47mMMMM[38;2;27;26;48mM[38;2;27;26;47mMMMMM[38;2;27;26;48mM[38;2;27;26;47mM[38;2;16;15;27m8[38;2;27;26;47mMMMM [38;2;27;26;48mM[38;2;37;36;51m*[38;2;27;26;47mMMM[38;2;25;22;35mW[38;2;27;26;47mMMMMMMM[38;2;27;26;48mM[38;2;27;26;47mMMMM[38;2;27;26;48mM[38;2;27;26;47mMMM [38;2;3;3;5m$                  [0m
                [38;2;25;22;35mW[38;2;27;26;47mM[38;2;27;26;48mM[38;2;27;26;47mMM[38;2;27;26;48mM[38;2;27;26;47mMMMMM[38;2;27;26;48mM[38;2;27;26;47mMMM[38;2;17;17;30m8[38;2;27;26;47mMMMM   [38;2;25;22;35mW[38;2;27;26;47mMMMMMMMM[38;2;27;26;48mM[38;2;27;26;47mMM[38;2;27;26;48mM[38;2;27;26;47mMMMMM[38;2;27;26;48mM[38;2;27;26;47mMM                    [0m
                [38;2;27;26;47mM[38;2;27;26;48mM[38;2;27;26;47mMMMM[38;2;27;26;48mM[38;2;27;26;47mMMMMM[38;2;27;26;48mM[38;2;27;26;47mM[38;2;27;26;48mM[38;2;27;26;47mMMM[38;2;11;11;20m%     [38;2;27;26;48mM[38;2;27;26;47mM[38;2;27;26;48mM[38;2;27;26;47mM[38;2;27;26;48mM[38;2;27;26;47mMMM[38;2;27;26;48mM[38;2;27;26;47mMM[38;2;24;23;42mW[38;2;27;26;48mM[38;2;27;26;47mMMMMMMM[38;2;3;3;5m$                   [0m
               [38;2;25;22;35mW[38;2;27;26;48mM[38;2;27;26;47mMM[38;2;27;26;48mM[38;2;27;26;47mMMMMM[38;2;27;26;48mM[38;2;27;26;47mMMM[38;2;17;17;30m8[38;2;27;26;47mMMM[38;2;3;3;5m$      [38;2;11;11;20m%[38;2;24;23;42mW[38;2;27;26;47mMMM[38;2;25;22;35mW[38;2;27;26;47mM[38;2;24;23;42mW[38;2;27;26;47mMMM[38;2;27;26;48mM[38;2;27;26;47mM[38;2;27;26;48mMMM[38;2;27;26;47mMMM[38;2;27;26;48mM[38;2;3;3;5m$                   [0m
               [38;2;27;26;47mM[38;2;27;26;48mM[38;2;27;26;47mMM[38;2;27;26;48mM[38;2;27;26;47mMMMMM[38;2;27;26;48mM[38;2;27;26;47mMMM[38;2;17;17;30m8[38;2;27;26;47mMM         [38;2;3;3;5m$[38;2;27;26;47mM[38;2;27;26;48mM[38;2;27;26;47mMMMM[38;2;27;26;48mM[38;2;27;26;47mMMMMM[38;2;27;26;48mM[38;2;27;26;47mM[38;2;27;26;48mM[38;2;27;26;47mMMM                    [0m
              [38;2;16;15;27m8[38;2;27;26;47mMMMMMM[38;2;27;26;48mM[38;2;27;26;47mMMMM[38;2;24;23;42mW[38;2;27;26;48mM[38;2;27;26;47mM[38;2;27;26;48mM[38;2;16;15;27m8           [38;2;17;17;30m8[38;2;24;23;42mW[38;2;27;26;48mMM[38;2;27;26;47mMMMMMM[38;2;25;22;35mW[38;2;27;26;47mMMM[38;2;27;26;48mM[38;2;27;26;47mM[38;2;27;26;48mM[38;2;27;26;47mM                    [0m
              [38;2;27;26;47mMMMM[38;2;27;26;48mM[38;2;27;26;47mMMMMM[38;2;27;26;48mM[38;2;27;26;47mM[38;2;25;22;35mW[38;2;27;26;47mMM[38;2;17;17;30m8             [38;2;16;15;27m8[38;2;27;26;47mMMMMMMMMMM[38;2;27;26;48mM[38;2;27;26;47mMM[38;2;27;26;48mM[38;2;27;26;47mMM                    [0m
             [38;2;27;26;48mM[38;2;27;26;47mMMMMMMMMMMMMMM                M[38;2;27;26;48mM[38;2;27;26;47mMMMM[38;2;27;26;48mM[38;2;27;26;47mMMMMM[38;2;27;26;48mM[38;2;27;26;47mM[38;2;27;26;48mM[38;2;27;26;47mM                    [0m
            [38;2;27;26;47mM[38;2;27;26;48mM[38;2;27;26;47mMMMM[38;2;27;26;48mM[38;2;27;26;47mMMMMM[38;2;27;26;48mM[38;2;27;26;47mM[38;2;27;26;48mM                  [38;2;24;23;42mW[38;2;27;26;47mMMMMMMM[38;2;27;26;48mM[38;2;27;26;47mMMMM[38;2;24;23;42mW[38;2;27;26;48mM                    [0m
            [38;2;24;23;42mW[38;2;27;26;48mMM[38;2;24;23;42mW[38;2;27;26;47mMMMMMMMMMM                   [38;2;11;11;20m%[38;2;27;26;47mM[38;2;27;26;48mM[38;2;27;26;47mM[38;2;27;26;48mMMM[38;2;27;26;47mMMM[38;2;27;26;48mMM[38;2;27;26;47mMM[38;2;27;26;48mM                    [0m
            [38;2;27;26;47mM[38;2;27;26;48mM[38;2;27;26;47mMMMM[38;2;27;26;48mM[38;2;27;26;47mMMMMM[38;2;27;26;48mM                     M[38;2;27;26;47mMMMMMM[38;2;27;26;48mM[38;2;27;26;47mMMMM[38;2;24;23;42mW[38;2;27;26;48mM[38;2;9;8;14mB                   [0m
            [38;2;27;26;47mM[38;2;27;26;48mM[38;2;27;26;47mMMMM[38;2;27;26;48mM[38;2;27;26;47mMMMMM[38;2;27;26;48mM                     [38;2;27;26;47mM[38;2;27;26;48mM[38;2;27;26;47mMMMM[38;2;27;26;48mM[38;2;27;26;47mMMMMM[38;2;27;26;48mM[38;2;27;26;47mM[38;2;27;26;48mM[38;2;3;3;5m$                  [0m
            [38;2;27;26;47mMMMMMMM[38;2;27;26;48mM[38;2;27;26;47mMMMM                      MM[38;2;27;26;48mM[38;2;27;26;47mMM[38;2;27;26;48mM[38;2;27;26;47mMMMMM[38;2;27;26;48mM[38;2;27;26;47mMMM[38;2;17;17;30m8                  [0m
            [38;2;27;26;47mMMMMMMMM[38;2;27;26;48mM[38;2;27;26;47mMMM                      MMMMMMM[38;2;27;26;48mM[38;2;27;26;47mMMMM[38;2;24;23;42mW[38;2;27;26;48mM[38;2;27;26;47mM[38;2;27;26;48mM                  [0m
            [38;2;27;26;47mMM[38;2;27;26;48mM[38;2;27;26;47mM[38;2;27;26;48mM[38;2;27;26;47mM[38;2;27;26;48mM[38;2;27;26;47mMMM[38;2;27;26;48mM[38;2;27;26;47mM                      [38;2;24;23;42mW[38;2;27;26;47mMM[38;2;37;36;51m*[38;2;27;26;47mMMM[38;2;27;26;48mM[38;2;27;26;47mMMMM[38;2;27;26;48mM[38;2;27;26;47mMMM[38;2;3;3;5m$                 [0m
            [38;2;24;23;42mW[38;2;27;26;48mMM[38;2;24;23;42mW[38;2;27;26;47mMMMMMMMM                      [38;2;24;23;42mW[38;2;27;26;47mM[38;2;27;26;48mM[38;2;27;26;47mM[38;2;27;26;48mM[38;2;27;26;47mM[38;2;27;26;48mM[38;2;27;26;47mMMM[38;2;27;26;48mM[38;2;27;26;47mMM[38;2;24;23;42mW[38;2;27;26;48mM[38;2;27;26;47mMM                 [0m
            [38;2;24;23;42mW[38;2;27;26;48mMM[38;2;24;23;42mW[38;2;27;26;47mMMMMMMMM                      [38;2;16;15;27m8[38;2;27;26;48mM[38;2;27;26;47mM[38;2;27;26;48mMMM[38;2;27;26;47mMMM[38;2;27;26;48mMM[38;2;27;26;47mMM[38;2;27;26;48mM[38;2;17;17;30m8[38;2;27;26;47mMM                 [0m
            [38;2;27;26;47mM[38;2;27;26;48mM[38;2;27;26;47mMMMM[38;2;27;26;48mM[38;2;27;26;47mMMMMM                      [38;2;11;11;20m%[38;2;27;26;47mMM[38;2;27;26;48mM[38;2;27;26;47mM[38;2;27;26;48mMMM[38;2;27;26;47mMMM[38;2;27;26;48mMM[38;2;27;26;47mMM[38;2;27;26;48mM[38;2;17;17;30m8[38;2;3;3;5m$                [0m
            [38;2;27;26;47mMM[38;2;24;23;42mW[38;2;27;26;47mMMMMMMM[38;2;27;26;48mM[38;2;27;26;47mM                       [38;2;17;17;30m8[38;2;27;26;48mM[38;2;27;26;47mM[38;2;24;23;42mW[38;2;27;26;47mMMMM[38;2;17;17;30m8[38;2;27;26;47mMMMMMMM[38;2;16;15;27m8                [0m
