                                                                                [0m
                                                                                [0m
                                                                                [0m
                                                                                [0m
                                                                                [0m
                                                                                [0m
                                                                                [0m
                                                                                [0m
                                                                                [0m
                                                                                [0m
                                              [38;2;75;69;66mw                                 [0m
                                [38;2;36;34;37m#      [38;2;131;125;138mu[38;2;225;215;234mi[38;2;139;131;141mn[38;2;219;210;229m>[38;2;228;218;238m![38;2;212;202;221m~[38;2;124;116;116mz[38;2;180;172;188m}                                 [0m
                                  [38;2;184;175;192m{[38;2;232;222;242ml[38;2;228;218;238m![38;2;232;222;242ml[38;2;228;218;238m!!!![38;2;232;222;242ml[38;2;228;218;238m!!![38;2;232;222;242mll[38;2;228;218;238m![38;2;87;83;87mO[38;2;4;3;5m$[38;2;228;218;238m!                            [0m
                                  [38;2;123;117;129mc[38;2;232;222;242ml[38;2;203;194;212m_[38;2;228;218;238m!![38;2;232;222;242ml[38;2;225;215;234mii[38;2;232;222;242ml[38;2;228;218;238m!![38;2;232;222;242ml[38;2;228;218;238m!!!!![38;2;225;215;234mi[38;2;232;222;242ml                           [0m
                                [38;2;4;3;5m$[38;2;208;199;217m+[38;2;228;218;238m![38;2;187;179;195m][38;2;66;63;88mq[38;2;212;202;221m~[38;2;139;100;91mY[38;2;232;222;242ml[38;2;80;67;22mp[38;2;36;34;37m#[38;2;216;207;226m<[38;2;180;172;188m}[38;2;228;218;238m![38;2;232;222;242ml[38;2;228;218;238m!!!!!!![38;2;156;149;162mt[38;2;219;210;229m>[38;2;87;83;87mO                        [0m
                               [38;2;4;3;5m$$[38;2;232;222;242ml[38;2;4;3;5m$[38;2;24;23;42mW[38;2;4;3;5m$[38;2;208;199;217m+[38;2;165;131;121mr[38;2;104;99;108mJ[38;2;24;23;42mW[38;2;38;37;67mo[38;2;203;194;212m_[38;2;43;41;51mo[38;2;114;107;116mY[38;2;232;222;242ml[38;2;228;218;238m!![38;2;232;222;242mll[38;2;228;218;238m!!!![38;2;104;99;108mJ                         [0m
                                [38;2;232;222;242ml[38;2;75;69;66mw[38;2;216;207;226m<[38;2;4;3;5m$[38;2;200;143;131m/[38;2;255;237;216m:[38;2;255;233;213m:[38;2;255;237;216m:[38;2;4;3;5m$$[38;2;196;180;164m][38;2;255;237;216m::[38;2;167;153;151m/[38;2;228;218;238m!![38;2;232;222;242ml[38;2;228;218;238m!!!![38;2;187;179;195m]                          [0m
                                  [38;2;4;3;5m$[38;2;254;242;214m,[38;2;239;219;201m![38;2;222;203;186m~[38;2;218;200;183m+[38;2;255;237;216m:[38;2;255;233;213m:[38;2;251;230;210m;[38;2;255;233;213m:[38;2;255;237;216m:[38;2;167;153;151m/[38;2;232;222;242ml[38;2;162;152;164m/[38;2;36;34;37m#[38;2;232;222;242ml[38;2;87;83;87mO[38;2;164;156;171m|[38;2;232;222;242ml[38;2;196;187;204m? [38;2;180;172;188m}[38;2;167;153;151m/   [38;2;16;15;27m8[38;2;24;23;42mW[38;2;27;26;48mMM[38;2;27;26;47mM[38;2;27;26;48mMM[38;2;17;17;30m8[38;2;16;15;27m8            [0m
                                  [38;2;178;174;152m1[38;2;255;237;216m::[38;2;255;233;213m:::[38;2;255;237;216m:[38;2;255;233;213m:[38;2;255;237;216m:[38;2;255;233;213m::[38;2;255;237;216m:[38;2;43;41;51mo[38;2;33;29;39m#[38;2;154;133;122mx[38;2;123;117;129mc[38;2;4;3;5m$[38;2;40;38;55mo[38;2;4;3;5m$[38;2;27;26;48mM[38;2;27;26;47mMMM[38;2;27;26;48mM[38;2;27;26;47mMMMMM[38;2;27;26;48mM[38;2;27;26;47mMMMMMM[38;2;27;26;48mM[38;2;27;26;47mM        [0m
                                  [38;2;178;174;152m1[38;2;255;237;216m:[38;2;255;233;213m:[38;2;251;230;210m;[38;2;255;233;213m::[38;2;255;237;216m:[38;2;255;233;213m:[38;2;226;206;189m<[38;2;172;158;147m|[38;2;204;187;171m?[38;2;255;233;213m:[38;2;136;116;108mc[38;2;40;38;55mo[38;2;27;26;47mMMMMMMMMMMMMMMMMMMMMMM[38;2;27;26;48mMM[38;2;27;26;47mM       [0m
                                   [38;2;175;148;135mt[38;2;235;198;181m~[38;2;229;190;173m__[38;2;221;175;160m[[38;2;163;117;107mu[38;2;255;237;216m::[38;2;255;233;213m:[38;2;255;237;216m:[38;2;255;233;213m:[38;2;139;100;91mY[38;2;27;26;48mM[38;2;27;26;47mM[38;2;17;17;30m8[38;2;27;26;47mMMM[38;2;27;26;48mM[38;2;27;26;47mMMMMMMMMMMMMMMMMMMM       [0m
                [38;2;106;100;91mC [38;2;245;225;205mI[38;2;212;195;179m_[38;2;254;242;214m,[38;2;167;154;140m/[38;2;226;212;190m>[38;2;196;180;164m]            [38;2;75;69;66mw[38;2;207;150;137m([38;2;196;180;164m][38;2;121;118;102mz[38;2;255;233;213m:::::[38;2;212;161;147m}[38;2;43;41;51mo[38;2;27;26;48mM[38;2;27;26;47mM[38;2;17;17;30m8[38;2;27;26;47mMMM[38;2;27;26;48mM[38;2;27;26;47mMMMM[38;2;27;26;48mM[38;2;27;26;47mMMMMMMMMMMMMM        [0m
          [38;2;12;11;20m%[38;2;27;26;48mM[38;2;27;26;47mM[38;2;17;17;30m8[38;2;27;26;47mMM[38;2;187;133;122mf[38;2;250;226;206mI[38;2;255;233;213m:[38;2;255;237;216m:[38;2;254;242;214m,[38;2;255;233;213m:[38;2;255;237;216m:[38;2;255;233;213m:[38;2;255;237;216m::           [38;2;190;136;124mf[38;2;255;237;216m::[38;2;255;233;213m:[38;2;255;237;216m:[38;2;255;233;213m::[38;2;229;190;173m_[38;2;204;146;133m|[38;2;36;34;37m#  [38;2;4;3;5m$[38;2;27;26;47mMM[38;2;27;26;48mM[38;2;27;26;47mMMMMMMM[38;2;16;15;27m8[38;2;17;17;30m8[38;2;27;26;47mM[38;2;24;23;42mW[38;2;27;26;48mM[38;2;27;26;47mMMMMMM         [0m
         [38;2;27;26;48mM[38;2;24;23;42mW[38;2;27;26;48mM[38;2;27;26;47mMMMM[38;2;43;41;51mo[38;2;204;146;133m|[38;2;233;216;195mi[38;2;255;233;213m:[38;2;226;212;190m>[38;2;255;233;213m:[38;2;226;212;190m>[38;2;255;233;213m:[38;2;226;212;190m>[38;2;255;237;216m:[38;2;121;118;102mz[38;2;40;38;55mo[38;2;27;26;47mM[38;2;27;26;48mM[38;2;27;26;47mMMMMMMM[38;2;87;83;87mO[38;2;255;233;213m::[38;2;255;237;216m:[38;2;255;233;213m:[38;2;255;237;216m:[38;2;200;143;131m//[38;2;187;133;122mf[38;2;25;22;35mW[38;2;27;26;48mM[38;2;24;23;42mW[38;2;27;26;48mM[38;2;27;26;47mMM[38;2;27;26;48mMM[38;2;27;26;47mMMMMMMMMMMMMMMMM          [0m
        [38;2;27;26;48mM[38;2;27;26;47mMMMMMMMMM[38;2;12;11;20m%[38;2;204;146;133m|[38;2;163;117;107mu[38;2;204;146;133m|||[38;2;200;143;131m//[38;2;185;169;154m1[38;2;255;237;216m:[38;2;136;116;108mc[38;2;40;38;55mo[38;2;27;26;47mMMM[38;2;27;26;48mM[38;2;27;26;47mMMM[38;2;75;69;66mw[38;2;255;237;216m:[38;2;255;233;213m:[38;2;255;237;216m:[38;2;200;143;131m//[38;2;204;146;133m|[38;2;200;143;131m/[38;2;99;75;71mZ[38;2;27;26;47mMM[38;2;27;26;48mMM[38;2;27;26;47mMMMMMMMMMMMMMMMMMM            [0m
        [38;2;27;26;48mM[38;2;27;26;47mMMMMMMMM[38;2;27;26;48mM[38;2;24;23;42mW[38;2;27;26;48mM[38;2;194;139;126mt[38;2;99;75;71mZ[38;2;12;11;20m%[38;2;27;26;48mM[38;2;24;23;42mW[38;2;20;20;36m&[38;2;24;23;42mW[38;2;27;26;47mMMMMMMMMMMM[38;2;8;7;13m@[38;2;194;139;126mt[38;2;207;150;137m([38;2;200;143;131m/[38;2;158;114;104mv[38;2;27;26;48mM[38;2;24;23;42mW[38;2;27;26;48mM[38;2;27;26;47mM[38;2;27;26;48mM[38;2;27;26;47mM[38;2;17;17;30m8[38;2;27;26;47mMMMMMM[38;2;20;20;36m&[38;2;27;26;48mM[38;2;27;26;47mMMMM[38;2;27;26;48mM[38;2;27;26;47mMMM              [0m
        [38;2;27;26;48mMM[38;2;27;26;47mMMMM[38;2;27;26;48mM[38;2;27;26;47mMMM[38;2;27;26;48mM[38;2;27;26;47mMMMMMMMMMMMMMMMMMMMMM[38;2;207;150;137m([38;2;12;11;20m%[38;2;27;26;47mM[38;2;24;23;42mW[38;2;27;26;47mMMMMMMMMMMMMMMMMMMMM                [0m
         [38;2;24;23;42mW[38;2;27;26;47mM[38;2;20;20;36m&[38;2;24;23;42mW[38;2;27;26;47mMMMM[38;2;20;20;36m&[38;2;27;26;47mMMMMMMMMMMMMMMMMMMMMMMM[38;2;27;26;48mM[38;2;27;26;47mMMMMMM[38;2;80;67;22mp[38;2;109;92;26mQ[38;2;20;20;36m&[38;2;27;26;48mMM[38;2;27;26;47mMMM[38;2;17;17;30m8[38;2;27;26;47mMM[38;2;27;26;48mM[38;2;27;26;47mMMM                 [0m
                  [38;2;4;3;5m$[38;2;20;20;36m&[38;2;27;26;48mM[38;2;17;17;30m8[38;2;27;26;47mMMM[38;2;27;26;48mM[38;2;27;26;47mM[38;2;27;26;48mM[38;2;27;26;47mM[38;2;17;17;30m8[38;2;27;26;47mMMMMMM[38;2;20;20;36m&&[38;2;27;26;47mMMMMMMMMMMMMM[38;2;17;17;30m8[38;2;24;23;42mW[38;2;27;26;47mMMM[38;2;27;26;48mM[38;2;27;26;47mMMM[38;2;27;26;48mM[38;2;8;7;13m@                  [0m
                      [38;2;9;8;14mB[38;2;24;23;42mW[38;2;27;26;48mM[38;2;27;26;47mMMMM[38;2;27;26;48mM[38;2;27;26;47mMMM[38;2;27;26;48mM[38;2;27;26;47mMMM[38;2;27;26;48mM[38;2;27;26;47mMMMMMMMMMMMM[38;2;27;26;48mMM[38;2;24;23;42mWW[38;2;27;26;47mMMMMM[38;2;27;26;48mM                    [0m
                          [38;2;27;26;48mM[38;2;12;11;20m%[38;2;27;26;47mM[38;2;24;23;42mW[38;2;27;26;47mM[38;2;27;26;48mM[38;2;27;26;47mMMMMMMMMMMMMMMMMMM[38;2;24;23;42mWW[38;2;27;26;47mMMMMM[38;2;27;26;48mM[38;2;27;26;47mM                     [0m
                            [38;2;27;26;48mM[38;2;27;26;47mMMMMMMMM[38;2;20;20;36m&[38;2;27;26;47mMMMMMMMMMMMMMMMM[38;2;27;26;48mM[38;2;27;26;47mMMM                      [0m
                            [38;2;27;26;47mM[38;2;27;26;48mM[38;2;27;26;47mMMMM[38;2;27;26;48mMM[38;2;27;26;47mMMMMMMMMMMMMMMMM[38;2;27;26;48mM[38;2;24;23;42mW[38;2;27;26;48mM[38;2;27;26;47mMM[38;2;27;26;48mM                      [0m
                            [38;2;27;26;47mM[38;2;27;26;48mM[38;2;27;26;47mMMMMMMMMMMMMMMMMMMMMMM[38;2;27;26;48mM[38;2;27;26;47mM[38;2;27;26;48mMM[38;2;27;26;47mMM                      [0m
                            [38;2;27;26;47mMMMMMMMMMMMMMMMMMMMMMMMMM[38;2;27;26;48mM[38;2;24;23;42mW[38;2;27;26;47mMM[38;2;27;26;48mM                      [0m
                            [38;2;24;23;42mW[38;2;27;26;48mM[38;2;27;26;47mM[38;2;27;26;48mM[38;2;17;17;30m8[38;2;27;26;47mMMMMMMMMMMMMMMMMMMMMMMMMM                      [0m
                            [38;2;27;26;47mMM[38;2;27;26;48mMM[38;2;27;26;47mMMMMMMMMMMMMMMMMMMMMM[38;2;17;17;30m8[38;2;27;26;47mMM[38;2;27;26;48mMM[38;2;12;11;20m%                     [0m
                            [38;2;27;26;48mM[38;2;27;26;47mMMMMMMMMMMMMMMMMMMMMMMMMMMMMMM                     [0m
                            [38;2;27;26;47mMMMMMMMMMMMMMMMMMMMMMMM[38;2;27;26;48mM[38;2;27;26;47mM[38;2;17;17;30m8[38;2;27;26;47mMMMMM                     [0m
                            [38;2;27;26;48mM[38;2;27;26;47mMMMMMMMMMMMMMMMMMMMMM[38;2;16;15;27m8[38;2;24;23;42mW[38;2;27;26;48mM[38;2;27;26;47mMMMMMM                     [0m
                           [38;2;20;20;36m&[38;2;27;26;48mM[38;2;17;17;30m8[38;2;27;26;47mMMM[38;2;27;26;48mM[38;2;27;26;47mM[38;2;27;26;48mM[38;2;27;26;47mMMM[38;2;27;26;48mM[38;2;27;26;47mMMMMMMMMMM[38;2;17;17;30m8[38;2;27;26;48mM[38;2;27;26;47mMMMM[38;2;27;26;48mM[38;2;27;26;47mM[38;2;20;20;36m&                     [0m
                          [38;2;17;17;30m8[38;2;27;26;47mMM[38;2;27;26;48mM[38;2;27;26;47mMMM[38;2;25;22;35mW[38;2;27;26;47mMMMMMMMMMMMMMMMMMM[38;2;27;26;48mM[38;2;27;26;47mMMMMMM                     [0m
                         [38;2;4;3;5m$[38;2;27;26;47mMMMMMMMMMMMMMMMMMMMMMMMM[38;2;27;26;48mM[38;2;27;26;47mMM[38;2;27;26;48mM[38;2;27;26;47mMMMMM[38;2;9;8;14mB                    [0m
                        [38;2;12;11;20m%[38;2;27;26;48mM[38;2;24;23;42mW[38;2;27;26;47mMMM[38;2;27;26;48mM[38;2;27;26;47mMMMMMMMMMMMMMMMMMMMMM[38;2;27;26;48mM[38;2;27;26;47mMMMMMMM                    [0m
                        [38;2;27;26;48mM[38;2;24;23;42mW[38;2;27;26;48mM[38;2;27;26;47mMM[38;2;27;26;48mMM[38;2;27;26;47mMMM[38;2;27;26;48mMM[38;2;27;26;47mMMMMMMMMMMMMMMMMMMMMM[38;2;17;17;30m8[38;2;27;26;47mMM                    [0m
                        [38;2;24;23;42mW[38;2;27;26;48mM[38;2;27;26;47mM[38;2;17;17;30m8[38;2;24;23;42mW[38;2;27;26;47mMMM[38;2;27;26;48mM[38;2;27;26;47mMMMMMMMMMMMMMMMMM[38;2;27;26;48mMM[38;2;17;17;30m8[38;2;27;26;47mMMMMMMM[38;2;20;20;36m&                   [0m
                           [38;2;4;3;5m$[38;2;27;26;47mMMMM[38;2;27;26;48mM[38;2;24;23;42mW[38;2;27;26;48mM[38;2;27;26;47mMM[38;2;27;26;48mMM[38;2;27;26;47mMMMMM[38;2;27;26;48mM[38;2;27;26;47mMMMMM[38;2;27;26;48mMM[38;2;17;17;30m8[38;2;27;26;47mMMMMMMM[38;2;20;20;36m&                   [0m
                          [38;2;16;15;27m8[38;2;27;26;48mM[38;2;27;26;47mMMMMMMMMMM[38;2;16;15;27m8[38;2;4;3;5m$[38;2;12;11;20m%[38;2;20;20;36m&[38;2;24;23;42mWW[38;2;27;26;47mMMMMMMMM[38;2;27;26;48mM[38;2;27;26;47mMMMMMMMM                   [0m
                         [38;2;27;26;47mM[38;2;27;26;48mM[38;2;27;26;47mMMMM[38;2;27;26;48mM[38;2;27;26;47mMMM[38;2;27;26;48mM[38;2;27;26;47mMMMMMM[38;2;20;20;36m&[38;2;17;17;30m8[38;2;16;15;27m8[38;2;20;20;36m&[38;2;17;17;30m8[38;2;9;8;14mB[38;2;20;20;36m&[38;2;17;17;30m88[38;2;20;20;36m&[38;2;24;23;42mW[38;2;27;26;47mMMMMMMM                    [0m
                        [38;2;27;26;48mM[38;2;27;26;47mMMMMMMMM[38;2;20;20;36m&[38;2;27;26;47mMMMMMM[38;2;20;20;36m&[38;2;27;26;47mMMMMMMMMMMMMMMMMMMM[38;2;16;15;27m8                   [0m
                      [38;2;27;26;48mM[38;2;27;26;47mMMMMM[38;2;27;26;48mM[38;2;27;26;47mMMMMMMMMMM[38;2;4;3;5m$[38;2;27;26;47mMM[38;2;27;26;48mM[38;2;27;26;47mMMMMMMMMMMMMMMMMMM                   [0m
                     [38;2;27;26;48mM[38;2;27;26;47mM[38;2;17;17;30m8[38;2;27;26;47mMMMMMM[38;2;20;20;36m&&[38;2;27;26;47mM[38;2;27;26;48mM[38;2;24;23;42mW[38;2;27;26;48mM[38;2;27;26;47mMM[38;2;24;23;42mW[38;2;27;26;48mM[38;2;27;26;47mMMMMMMMMMMMMMMMMMMMMM[38;2;4;3;5m$                  [0m
                    [38;2;27;26;47mM[38;2;27;26;48mM[38;2;27;26;47mMMMMMMMMMMMM[38;2;27;26;48mM[38;2;17;17;30m8[38;2;24;23;42mW[38;2;27;26;47mMM[38;2;16;15;27m8[38;2;20;20;36m&[38;2;16;15;27m8[38;2;17;17;30m88[38;2;24;23;42mW[38;2;17;17;30m8[38;2;24;23;42mW[38;2;27;26;47mM[38;2;24;23;42mW[38;2;27;26;48mM[38;2;20;20;36m&[38;2;27;26;47mMMMMMMMM[38;2;27;26;48mM[38;2;27;26;47mM[38;2;12;11;20m%[38;2;4;3;5m$                 [0m
                  [38;2;8;7;13m@[38;2;27;26;47mMMMMMMMMMMMMMMMMMM[38;2;17;17;30m8[38;2;27;26;47mMM [38;2;20;20;36m&[38;2;27;26;48mM[38;2;17;17;30m8[38;2;27;26;47mMMM[38;2;27;26;48mM[38;2;27;26;47mM[38;2;27;26;48mM[38;2;27;26;47mMMMMMMMM[38;2;27;26;48mMM[38;2;27;26;47mM[38;2;12;11;20m%[38;2;4;3;5m$                 [0m
                  [38;2;27;26;47mM[38;2;24;23;42mW[38;2;27;26;48mM[38;2;27;26;47mMM[38;2;24;23;42mW[38;2;25;22;35mW[38;2;27;26;47mMMMMMMMMMMMMM[38;2;16;15;27m8   [38;2;12;11;20m%[38;2;27;26;48mM[38;2;27;26;47mMMMM[38;2;27;26;48mM[38;2;27;26;47mMMM[38;2;27;26;48mM[38;2;27;26;47mMMMMMM[38;2;20;20;36m&[38;2;27;26;47mMM                  [0m
                 [38;2;20;20;36m&[38;2;24;23;42mW[38;2;27;26;47mMMMM[38;2;20;20;36m&[38;2;27;26;48mM[38;2;27;26;47mM[38;2;20;20;36m&[38;2;27;26;47mMMMMMMMMMM[38;2;6;6;10m@     [38;2;20;20;36m&[38;2;27;26;47mM[38;2;27;26;48mM[38;2;27;26;47mMMMMMMMMMMMMMMM[38;2;4;3;5m$                  [0m
                [38;2;27;26;47mMM[38;2;27;26;48mM[38;2;27;26;47mMMMMMMMMMMMMMMMMM        MM[38;2;27;26;48mMM[38;2;27;26;47mMMMMMMMMMMMMM[38;2;4;3;5m$                  [0m
              [38;2;4;3;5m$[38;2;27;26;48mM[38;2;27;26;47mMMM[38;2;17;17;30m8[38;2;27;26;47mMMMMMMMMMMMMM[38;2;17;17;30m8          [38;2;8;7;13m@[38;2;27;26;47mM[38;2;27;26;48mMM[38;2;27;26;47mMMMMMMMMMMMMM[38;2;4;3;5m$                  [0m
             [38;2;24;23;42mW[38;2;27;26;47mMMMMMMMMMMMMMMMMMM             MMM[38;2;27;26;48mM[38;2;27;26;47mMMMMMMMMMMMM                   [0m
            [38;2;27;26;47mMM[38;2;27;26;48mM[38;2;27;26;47mMMMMMMMMMMMMMMM                M[38;2;24;23;42mW[38;2;27;26;48mM[38;2;27;26;47mMM[38;2;24;23;42mW[38;2;25;22;35mW[38;2;27;26;47mMMMMMMM[38;2;27;26;48mM                   [0m
           [38;2;4;3;5m$[38;2;27;26;47mM[38;2;27;26;48mM[38;2;27;26;47mMMMMMMMMMMMMMMM                 [38;2;24;23;42mW[38;2;27;26;48mM[38;2;20;20;36m&[38;2;27;26;47mMMMMMMMMMM[38;2;27;26;48mM[38;2;27;26;47mM                   [0m
           [38;2;24;23;42mW[38;2;27;26;47mMM[38;2;24;23;42mW[38;2;27;26;47mMMMMMMM[38;2;27;26;48mMM[38;2;27;26;47mMMM[38;2;4;3;5m$                  [38;2;6;6;10m@[38;2;27;26;48mM[38;2;27;26;47mM[38;2;27;26;48mM[38;2;27;26;47mMMMMMMMMMMM[38;2;8;7;13m@                  [0m
           [38;2;20;20;36m&[38;2;24;23;42mW[38;2;27;26;47mMMMM[38;2;20;20;36m&[38;2;27;26;48mM[38;2;27;26;47mM[38;2;20;20;36m&[38;2;27;26;47mMMMM                      [38;2;9;8;14mB[38;2;27;26;48mM[38;2;27;26;47mMMMMMMMMMMMM[38;2;12;11;20m%                  [0m
           [38;2;24;23;42mW[38;2;27;26;47mM[38;2;27;26;48mM[38;2;27;26;47mMMMMMMMMMM                        [38;2;20;20;36m&[38;2;27;26;48mM[38;2;27;26;47mMMMM[38;2;27;26;48mM[38;2;27;26;47mMMM[38;2;27;26;48mM[38;2;27;26;47mMMM                  [0m
          [38;2;4;3;5m$[38;2;20;20;36m&[38;2;24;23;42mW[38;2;27;26;47mMMMM[38;2;20;20;36m&[38;2;27;26;48mM[38;2;27;26;47mM[38;2;20;20;36m&[38;2;27;26;47mMMM                         MM[38;2;27;26;48mM[38;2;27;26;47mMMMMMMMM[38;2;16;15;27m8[38;2;27;26;48mM                  [0m
           [38;2;20;20;36m&[38;2;27;26;47mM[38;2;27;26;48mM[38;2;27;26;47mMM[38;2;24;23;42mW[38;2;17;17;30m8[38;2;24;23;42mW[38;2;27;26;47mMMMMM                        [38;2;20;20;36m&[38;2;27;26;47mMMMMMMMMMMMMM[38;2;6;6;10m@                 [0m
           [38;2;36;34;37m#[38;2;27;26;47mM[38;2;27;26;48mM[38;2;27;26;47mMMMMMMMMM[38;2;16;15;27m8                        [38;2;27;26;48mM[38;2;27;26;47mMMMMMMMMMMMMMM                 [0m
           [38;2;24;23;42mW[38;2;27;26;48mM[38;2;27;26;47mMMMM[38;2;27;26;48mM[38;2;27;26;47mMMM[38;2;27;26;48mM[38;2;27;26;47mM[38;2;6;6;10m@                        [38;2;27;26;47mMMMMMMMMMMMMMMM                 [0m
           [38;2;20;20;36m&[38;2;27;26;47mM[38;2;27;26;48mM[38;2;27;26;47mMMMMMMMMM                        [38;2;8;7;13m@[38;2;27;26;47mMMMMMMMMMMMMMMM[38;2;6;6;10m@                [0m
            [38;2;27;26;47mMMMMMMMMMMM                        [38;2;27;26;48mM[38;2;27;26;47mMMMMMMMM[38;2;27;26;48mM[38;2;27;26;47mMMMMMM[38;2;4;3;5m$                [0m
            [38;2;27;26;48mM[38;2;27;26;47mMMMMMMMM[38;2;20;20;36m&[38;2;27;26;47mM                        [38;2;27;26;48mM[38;2;27;26;47mMMMMMMMMMMMMMMM                 [0m
