                                                                                [0m
                                                                                [0m
                                                                                [0m
                                                                                [0m
                                                                                [0m
                                                                                [0m
                                                                                [0m
                                                                                [0m
                                        [38;2;255;233;213m:[38;2;255;237;216m:[38;2;185;169;154m1                                     [0m
                                     [38;2;226;206;189m<[38;2;255;233;213m:[38;2;230;211;193m>[38;2;255;233;213m:[38;2;250;226;206mI[38;2;255;233;213m:[38;2;255;237;216m:[38;2;250;226;206mI[38;2;255;233;213m:[38;2;3;3;5m$                                 [0m
                                    [38;2;226;206;189m<[38;2;251;230;210m;[38;2;255;233;213m:[38;2;171;141;130mf[38;2;212;161;147m}[38;2;249;223;204mI[38;2;246;218;199m![38;2;255;237;216m:[38;2;255;233;213m:::[38;2;218;200;183m+[38;2;33;29;39m#[38;2;16;15;27m8                              [0m
                                    [38;2;255;237;216m:[38;2;233;216;195mi[38;2;200;143;130m/[38;2;206;150;137m([38;2;198;142;129m/[38;2;163;117;107mu[38;2;224;181;165m?[38;2;255;233;213m:::[38;2;142;138;119mx[38;2;39;37;56mo[38;2;17;17;30m8[38;2;27;26;47mM[38;2;27;26;48mM[38;2;24;23;42mW[38;2;17;17;30m8[38;2;16;15;27m8                          [0m
                      [38;2;239;219;201m![38;2;212;195;179m_           [38;2;156;146;134mf[38;2;255;237;216m:[38;2;226;186;169m-[38;2;235;198;181m~[38;2;255;237;216m:[38;2;255;233;213m:[38;2;250;226;206mI[38;2;255;233;213m::[38;2;217;182;166m?[38;2;200;143;130m/[38;2;27;26;48mM[38;2;27;26;47mM[38;2;27;26;48mM[38;2;24;23;42mW[38;2;27;26;47mMM[38;2;17;17;30m8[38;2;27;26;47mM[38;2;24;23;42mW[38;2;27;26;47mM                        [0m
                    [38;2;251;230;210m;[38;2;255;233;213m::[38;2;251;230;210m;[38;2;239;219;201m!          [38;2;43;41;51mo    [38;2;3;3;5m$[38;2;123;117;129mc[38;2;228;218;238m![38;2;232;222;242ml[38;2;177;168;183m1[38;2;148;141;154mj[38;2;24;23;42mW[38;2;27;26;47mM[38;2;17;17;30m8[38;2;27;26;47mMMMMMM[38;2;27;26;48mM[38;2;27;26;47mMM                      [0m
                  [38;2;136;116;108mc[38;2;255;237;216m:[38;2;230;211;193m>[38;2;255;237;216m:[38;2;255;233;213m::[38;2;249;223;204mI[38;2;255;233;213m:[38;2;87;83;87mO         [38;2;3;3;5m$[38;2;164;157;171m|[38;2;228;218;238m![38;2;232;222;242ml[38;2;228;218;238m![38;2;232;222;242ml[38;2;228;218;238m!!![38;2;224;214;234mi[38;2;232;222;242mll[38;2;172;164;179m)[38;2;3;3;5m$[38;2;27;26;47mMM[38;2;24;23;42mW[38;2;27;26;47mMMMMMMMM                   [0m
                [38;2;25;22;35mW [38;2;255;233;213m::[38;2;206;150;137m([38;2;194;139;126mt[38;2;200;169;154m}[38;2;251;230;210m;[38;2;255;233;213m:[38;2;250;226;206mI[38;2;208;191;175m-         [38;2;187;179;195m][38;2;191;183;200m[[38;2;228;218;238m![38;2;232;222;242ml[38;2;187;179;195m][38;2;224;214;234mi[38;2;228;218;238m!![38;2;224;214;234mi[38;2;228;218;238m![38;2;232;222;242ml[38;2;224;214;234mi[38;2;228;218;238m!![38;2;208;199;217m+[38;2;3;3;5m$[38;2;27;26;47mMMM[38;2;27;26;48mM[38;2;27;26;47mMMM[38;2;17;17;30m8[38;2;27;26;47mMMM[38;2;3;3;5m$                [0m
               [38;2;27;26;48mM[38;2;27;26;47mM[38;2;43;41;51mo[38;2;170;121;110mn[38;2;200;143;130m/[38;2;204;146;133m|[38;2;200;143;130m/[38;2;204;146;133m|[38;2;200;143;130m/[38;2;182;150;137m/[38;2;255;233;213m:[38;2;142;138;119mx       [38;2;191;183;200m[[38;2;228;218;238m![38;2;164;157;171m|[38;2;187;179;195m][38;2;232;222;242ml[38;2;114;82;75mQ[38;2;232;222;242ml[38;2;139;100;91mY[38;2;164;157;171m|[38;2;216;207;226m<[38;2;232;222;242ml[38;2;228;218;238m!!!!!!![38;2;148;141;154mj[38;2;39;37;56mo[38;2;27;26;47mMM[38;2;27;26;48mM[38;2;24;23;42mW[38;2;27;26;47mMM[38;2;17;17;30m8[38;2;27;26;47mMMMM[38;2;9;8;14mB              [0m
              [38;2;27;26;48mM[38;2;27;26;47mM[38;2;24;23;42mW[38;2;27;26;47mMM[38;2;75;69;66mw[38;2;99;75;71mZ[38;2;170;121;110mn  [38;2;120;103;94mU         [38;2;131;125;138mu[38;2;203;194;212m_[38;2;36;34;37m#[38;2;16;15;27m8[38;2;43;41;51mo[38;2;177;168;183m1[38;2;27;26;47mMM[38;2;24;23;42mW[38;2;220;210;229m>[38;2;170;121;110mn[38;2;216;207;226m<[38;2;192;183;200m[[38;2;232;222;242ml[38;2;228;218;238m!!!![38;2;224;214;234mi[38;2;228;218;238m![38;2;16;15;27m8[38;2;27;26;47mM[38;2;27;26;48mMM[38;2;27;26;47mMMM[38;2;17;17;30m8[38;2;27;26;47mMMMMM[38;2;3;3;5m$            [0m
             [38;2;16;15;27m8[38;2;27;26;47mM[38;2;27;26;48mM[38;2;27;26;47mMMM[38;2;17;17;30m8[38;2;27;26;47mM             [38;2;87;83;87mO[38;2;191;183;200m[[38;2;204;146;133m|[38;2;243;212;194mi[38;2;255;233;213m::[38;2;24;23;42mW[38;2;39;37;56mo[38;2;212;195;179m_[38;2;251;230;210m;[38;2;255;233;213m:[38;2;208;191;175m-[38;2;232;222;242mll[38;2;228;218;238m![38;2;232;222;242ml[38;2;228;218;238m!!!![38;2;232;222;242ml[38;2;123;117;129mc[38;2;29;26;36mM[38;2;27;26;48mM[38;2;27;26;47mMMM[38;2;17;17;30m8[38;2;27;26;47mMMMMMM            [0m
            [38;2;25;22;35mW[38;2;27;26;48mM[38;2;27;26;47mMMM[38;2;17;17;30m8[38;2;27;26;47mM[38;2;16;15;27m8                [38;2;255;237;216m:[38;2;218;200;183m+[38;2;230;211;193m>[38;2;245;225;205mI[38;2;255;233;213m:[38;2;250;226;206mI[38;2;255;233;213m::[38;2;188;180;166m{[38;2;232;222;242mll[38;2;191;183;200m[[38;2;139;131;141mn[38;2;232;222;242ml[38;2;172;164;179m)[38;2;177;168;183m1[38;2;232;222;242ml[38;2;228;218;238m!! [38;2;216;207;226m<[38;2;172;164;179m) [38;2;27;26;48mMM[38;2;24;23;42mW[38;2;27;26;47mMM[38;2;17;17;30m8[38;2;27;26;47mMMM[38;2;16;15;27m8           [0m
            [38;2;27;26;48mM[38;2;27;26;47mMMMMMM[38;2;16;15;27m8                [38;2;255;237;216m:[38;2;255;233;213m::::[38;2;255;237;216m:[38;2;255;233;213m:[38;2;250;226;206mI[38;2;255;233;213m:::[38;2;99;75;71mZ[38;2;177;126;115mx[38;2;170;121;110mn[38;2;220;210;229m>[38;2;114;109;128mY[38;2;232;222;242ml[38;2;228;218;238m!!   [38;2;8;7;13m@[38;2;27;26;48mM[38;2;27;26;47mMMMMMM[38;2;24;23;42mW[38;2;27;26;47mM[38;2;6;6;10m@           [0m
           [38;2;9;8;14mB[38;2;27;26;47mM[38;2;17;17;30m8[38;2;27;26;47mMMMMMM                [38;2;255;237;216m:[38;2;255;233;213m::::::::[38;2;218;200;183m+[38;2;194;139;126mt[38;2;158;114;104mv[38;2;232;222;242ml[38;2;228;218;238m!![38;2;75;69;66mw[38;2;216;207;226m<  [38;2;66;63;88mq  [38;2;16;15;27m8[38;2;27;26;47mM[38;2;17;17;30m8[38;2;27;26;47mMMMMMMM            [0m
           [38;2;29;26;36mM[38;2;27;26;47mMMMMM[38;2;27;26;48mM[38;2;27;26;47mMM[38;2;24;23;42mW[38;2;27;26;47mM[38;2;6;6;10m@               [38;2;206;150;137m([38;2;204;146;133m|[38;2;200;143;130m/[38;2;204;146;133m|[38;2;200;143;130m/[38;2;204;146;133m|[38;2;200;143;130m//[38;2;124;116;116mz[38;2;196;187;204m?[38;2;199;190;208m-[38;2;114;107;116mY[38;2;75;69;66mw [38;2;88;85;105m0    [38;2;3;3;5m$[38;2;17;17;30m8[38;2;27;26;47mMMMMMMM[38;2;24;23;42mW[38;2;27;26;47mM            [0m
            [38;2;25;22;35mW[38;2;27;26;47mMM[38;2;17;17;30m8[38;2;27;26;47mMMMMMMM[38;2;24;23;42mW[38;2;25;22;35mW[38;2;24;23;42mW[38;2;27;26;48mM[38;2;16;15;27m8[38;2;3;3;5m$[38;2;17;17;30m8[38;2;27;26;48mM[38;2;27;26;47mM[38;2;17;17;30m8[38;2;27;26;47mMMMM[38;2;3;3;5m$[38;2;8;7;13m@[38;2;43;41;51mo[38;2;75;69;66mw[38;2;170;121;110mn[38;2;204;146;133m|[38;2;163;117;107mu[38;2;9;8;14mB[38;2;17;17;30m8[38;2;16;15;27m8[38;2;27;26;48mM[38;2;27;26;47mM[38;2;16;15;27m8[38;2;3;3;5m$   [38;2;8;7;13m@[38;2;27;26;48mMM[38;2;27;26;47mMM[38;2;27;26;48mM[38;2;27;26;47mMMM[38;2;17;17;30m8[38;2;27;26;47mMMM[38;2;16;15;27m8            [0m
              [38;2;24;23;42mW[38;2;27;26;48mM[38;2;27;26;47mMMM[38;2;17;17;30m8[38;2;27;26;47mMMMMMMM[38;2;24;23;42mW[38;2;25;22;35mW[38;2;24;23;42mW[38;2;27;26;48mMMMM[38;2;17;17;30m8[38;2;27;26;47mMMMMMMM[38;2;43;41;51mo[38;2;36;34;37m#[38;2;27;26;48mM[38;2;24;23;42mW[38;2;27;26;47mMM[38;2;17;17;30m8[38;2;27;26;47mM[38;2;24;23;42mW[38;2;27;26;48mM[38;2;27;26;47mMM[38;2;17;17;30m8[38;2;27;26;47mMMMMMMM[38;2;24;23;42mW[38;2;27;26;47mM[38;2;24;23;42mW[38;2;27;26;47mM[38;2;27;26;48mM             [0m
                [38;2;16;15;27m8[38;2;27;26;48mM[38;2;27;26;47mMMMM[38;2;24;23;42mW[38;2;27;26;47mMMMMMMMM[38;2;25;22;35mW[38;2;24;23;42mW[38;2;27;26;48mM[38;2;27;26;47mM[38;2;27;26;48mM[38;2;27;26;47mM[38;2;27;26;48mM[38;2;32;31;56m#[38;2;27;26;47mMM[38;2;17;17;30m8[38;2;27;26;47mMMMMMMM[38;2;24;23;42mW[38;2;25;22;35mW[38;2;24;23;42mW[38;2;27;26;48mMMMMM[38;2;24;23;42mW[38;2;27;26;47mM[38;2;17;17;30m8[38;2;27;26;47mMMMMMM              [0m
                   [38;2;16;15;27m8[38;2;27;26;47mMM[38;2;24;23;42mW[38;2;27;26;47mMMMMM[38;2;9;8;14mB[38;2;27;26;48mM[38;2;27;26;47mMMM[38;2;17;17;30m8[38;2;27;26;47mMMMMMMMMM[38;2;27;26;48mM[38;2;27;26;47mMMM[38;2;17;17;30m8[38;2;27;26;47mMMMMMMM[38;2;24;23;42mW[38;2;25;22;35mW[38;2;24;23;42mW[38;2;27;26;48mMMMMM[38;2;24;23;42mW[38;2;27;26;47mM               [0m
                     [38;2;12;11;20m%[38;2;27;26;47mMM[38;2;24;23;42mW[38;2;27;26;47mMMMMMMMM[38;2;25;22;35mW[38;2;24;23;42mW[38;2;27;26;48mM[38;2;27;26;47mM[38;2;27;26;48mM[38;2;27;26;47mM[38;2;27;26;48mM[38;2;27;26;47mMMMMMM[38;2;17;17;30m8[38;2;27;26;47mM[38;2;24;23;42mW[38;2;27;26;48mM[38;2;27;26;47mMM[38;2;16;15;27m8[38;2;27;26;48mM[38;2;27;26;47mM[38;2;27;26;48mM[38;2;27;26;47mMMM[38;2;17;17;30m8[38;2;27;26;47mMMM[38;2;16;15;27m8                [0m
                       [38;2;6;6;10m@[38;2;27;26;47mM[38;2;27;26;48mM[38;2;27;26;47mMMM[38;2;25;22;35mW[38;2;27;26;48mM[38;2;24;23;42mW[38;2;27;26;47mMM[38;2;17;17;30m8[38;2;27;26;47mMMMMMM[38;2;24;23;42mW[38;2;27;26;47mMM[38;2;24;23;42mW[38;2;27;26;47mMMMMM[38;2;95;81;24mZ[38;2;17;17;30m88[38;2;27;26;47mMMMMMMM[38;2;24;23;42mW[38;2;27;26;47mM                  [0m
                         [38;2;3;3;5m$[38;2;32;31;56m#[38;2;27;26;47mM[38;2;27;26;48mM[38;2;27;26;47mMMMMM[38;2;17;17;30m8[38;2;27;26;47mMMMMMMM[38;2;24;23;42mW[38;2;27;26;47mM[38;2;24;23;42mW[38;2;27;26;47mM[38;2;27;26;48mM[38;2;27;26;47mM[38;2;27;26;48mM[38;2;27;26;47mM[38;2;24;23;42mW[38;2;16;15;27m8[38;2;27;26;48mM[38;2;27;26;47mM[38;2;24;23;42mW[38;2;27;26;47mMMMMMM                   [0m
                            [38;2;27;26;47mM[38;2;17;17;30m8[38;2;27;26;47mMMMMMMM[38;2;24;23;42mW[38;2;25;22;35mW[38;2;24;23;42mW[38;2;27;26;48mMMMMM[38;2;24;23;42mW[38;2;27;26;47mMMMMM[38;2;25;22;35mW[38;2;16;15;27m8[38;2;27;26;47mMMMM[38;2;27;26;48mMM[38;2;27;26;47mM                    [0m
                            [38;2;27;26;48mM[38;2;27;26;47mMMMMMM[38;2;17;17;30m8[38;2;27;26;47mMMMMMMM[38;2;24;23;42mW[38;2;25;22;35mW[38;2;24;23;42mW[38;2;27;26;48mMMMMM[38;2;24;23;42mW[38;2;16;15;27m8[38;2;27;26;48mM[38;2;27;26;47mMMMM[38;2;16;15;27m8                     [0m
                            [38;2;27;26;48mMM[38;2;27;26;47mMMM[38;2;17;17;30m8[38;2;27;26;47mMMMMMMMMM[38;2;24;23;42mW[38;2;27;26;47mMMMMMMMMM[38;2;27;26;48mM[38;2;27;26;47mMMMM                      [0m
                            [38;2;24;23;42mW[38;2;27;26;47mMMMMMMM[38;2;27;26;48mM[38;2;24;23;42mW[38;2;27;26;47mMM[38;2;17;17;30m8[38;2;27;26;47mMMMMMM[38;2;24;23;42mW[38;2;27;26;47mMM[38;2;24;23;42mW[38;2;27;26;47mM[38;2;16;15;27m8[38;2;27;26;47mMMMM[38;2;27;26;48mMM                     [0m
                            [38;2;27;26;47mMMMMMMMM[38;2;24;23;42mW[38;2;27;26;47mMMMMMMMM[38;2;25;22;35mW[38;2;24;23;42mW[38;2;27;26;48mM[38;2;27;26;47mM[38;2;27;26;48mM[38;2;27;26;47mM[38;2;27;26;48mM[38;2;27;26;47mMMMMMM[38;2;27;26;48mM                     [0m
                            [38;2;27;26;47mMMMMMMMM[38;2;27;26;48mM[38;2;24;23;42mW[38;2;27;26;47mMM[38;2;17;17;30m8[38;2;27;26;47mMMMMMM[38;2;24;23;42mW[38;2;27;26;47mMM[38;2;24;23;42mW[38;2;27;26;47mM[38;2;16;15;27m8[38;2;27;26;47mM[38;2;24;23;42mW[38;2;27;26;47mMMMM[38;2;9;8;14mB                    [0m
                            [38;2;27;26;48mM[38;2;27;26;47mMMMM[38;2;25;22;35mW[38;2;27;26;47mM[38;2;17;17;30m8[38;2;27;26;47mMMMMMMM[38;2;24;23;42mW[38;2;25;22;35mW[38;2;24;23;42mW[38;2;27;26;48mMMMMM[38;2;24;23;42mW[38;2;27;26;47mMMMMM[38;2;25;22;35mW[38;2;24;23;42mW[38;2;27;26;47mM                    [0m
                            [38;2;27;26;47mMM[38;2;24;23;42mW[38;2;27;26;47mMMMMMMMM[38;2;25;22;35mW[38;2;24;23;42mW[38;2;27;26;48mM[38;2;27;26;47mM[38;2;27;26;48mM[38;2;27;26;47mM[38;2;27;26;48mM[38;2;27;26;47mMMMMMM[38;2;27;26;48mM[38;2;24;23;42mW[38;2;27;26;47mMMM[38;2;17;17;30m8[38;2;27;26;47mM[38;2;16;15;27m8                    [0m
                            [38;2;27;26;47mMMMM[38;2;27;26;48mM[38;2;27;26;47mMM[38;2;27;26;48mM[38;2;27;26;47mMMM[38;2;17;17;30m8[38;2;27;26;47mMMMMMMMMM[38;2;24;23;42mW[38;2;27;26;47mMMMMMMMMM[38;2;6;6;10m@                    [0m
                            [38;2;27;26;47mM[38;2;27;26;48mM[38;2;27;26;47mMMM[38;2;25;22;35mW[38;2;27;26;47mMM[38;2;27;26;48mM[38;2;24;23;42mW[38;2;27;26;47mMM[38;2;17;17;30m8[38;2;27;26;47mMMMMMM[38;2;24;23;42mW[38;2;27;26;47mMM[38;2;24;23;42mW[38;2;27;26;47mMMMMMMMM                     [0m
                           [38;2;16;15;27m8[38;2;27;26;47mM[38;2;27;26;48mM[38;2;27;26;47mMMM[38;2;17;17;30m8[38;2;27;26;47mMMMMMMMMM[38;2;24;23;42mW[38;2;27;26;47mMMMMMMMMM[38;2;27;26;48mM[38;2;27;26;47mMMMMM[38;2;17;17;30m8                    [0m
                          [38;2;3;3;5m$[38;2;27;26;47mMMMM[38;2;27;26;48mMM[38;2;27;26;47mM[38;2;27;26;48mM[38;2;24;23;42mW[38;2;27;26;47mMM[38;2;17;17;30m8[38;2;27;26;47mMMMMMM[38;2;24;23;42mW[38;2;27;26;47mMM[38;2;24;23;42mW[38;2;27;26;47mMM[38;2;12;11;20m%[38;2;17;17;30m8[38;2;27;26;47mMMMMMM[38;2;16;15;27m8                    [0m
                          [38;2;27;26;48mM[38;2;27;26;47mMMMMMM[38;2;25;22;35mW[38;2;27;26;48mM[38;2;24;23;42mW[38;2;27;26;47mMM[38;2;17;17;30m8[38;2;27;26;47mMMMMMM[38;2;24;23;42mW[38;2;27;26;47mMM[38;2;24;23;42mW[38;2;27;26;47mMMMMMMMM[38;2;27;26;48mMM[38;2;27;26;47mM                    [0m
                         [38;2;3;3;5m$[38;2;27;26;47mMMMMMMMMM[38;2;27;26;48mM[38;2;27;26;47mMMM[38;2;17;17;30m8[38;2;27;26;47mMMMMMMMMM[38;2;24;23;42mW[38;2;27;26;47mM[38;2;24;23;42mW[38;2;17;17;30m8[38;2;27;26;47mMMMMMMM                    [0m
                        [38;2;3;3;5m$[38;2;24;23;42mW[38;2;27;26;47mMMMMM[38;2;27;26;48mM[38;2;27;26;47mMMMMMMMMMMMM[38;2;24;23;42mW[38;2;27;26;47mMMMMMMMM[38;2;25;22;35mW[38;2;24;23;42mW[38;2;27;26;48mM[38;2;27;26;47mM[38;2;27;26;48mM[38;2;27;26;47mM[38;2;27;26;48mM                    [0m
                        [38;2;24;23;42mW[38;2;27;26;47mMMM[38;2;24;23;42mW[38;2;27;26;47mMMMMMMMM[38;2;25;22;35mW[38;2;24;23;42mW[38;2;27;26;48mM[38;2;27;26;47mM[38;2;27;26;48mM[38;2;27;26;47mM[38;2;27;26;48mM[38;2;27;26;47mMMMMMM[38;2;27;26;48mM[38;2;24;23;42mW[38;2;27;26;47mMMMMM[38;2;27;26;48mM[38;2;27;26;47mMMM                   [0m
                        [38;2;27;26;47mMMMM[38;2;17;17;30m8[38;2;27;26;48mM[38;2;27;26;47mM[38;2;27;26;48mM[38;2;27;26;47mMMMMMMMMMMMMMMMMMM[38;2;24;23;42mW[38;2;27;26;47mMMMMMMMM[38;2;25;22;35mW[38;2;24;23;42mW                   [0m
                           [38;2;27;26;47mM[38;2;24;23;42mW[38;2;27;26;47mMMMMMM[38;2;24;23;42mWW[38;2;25;22;35mW[38;2;27;26;47mMMMM[38;2;27;26;48mM[38;2;27;26;47mMMMMM[38;2;27;26;48mM[38;2;24;23;42mW[38;2;27;26;47mMM[38;2;27;26;48mM[38;2;24;23;42mW[38;2;27;26;47mMM[38;2;17;17;30m8[38;2;27;26;47mMMMM[38;2;9;8;14mB                  [0m
                            [38;2;27;26;47mMMMMMMMMMMMMMMMMMM[38;2;27;26;48mM[38;2;27;26;47mMMMM[38;2;27;26;48mMM[38;2;27;26;47mM[38;2;25;22;35mW[38;2;27;26;47mM[38;2;25;22;35mWW[38;2;16;15;27m8[38;2;25;22;35mW[38;2;17;17;30m8                   [0m
                          [38;2;27;26;47mM[38;2;27;26;48mMM[38;2;24;23;42mW[38;2;27;26;47mMM[38;2;17;17;30m8[38;2;27;26;47mMMMMMM[38;2;24;23;42mW[38;2;27;26;47mMM[38;2;27;26;48mM[38;2;27;26;47mM[38;2;24;23;42mWW[38;2;27;26;47mM[38;2;27;26;48mM[38;2;27;26;47mMMM[38;2;17;17;30m8[38;2;27;26;47mMMMMMMMMM[38;2;27;26;48mM                  [0m
                        [38;2;27;26;48mM[38;2;27;26;47mMMMMMMMMMMMMMMMMMM[38;2;24;23;42mW[38;2;27;26;48mM[38;2;24;23;42mW[38;2;27;26;47mMM[38;2;17;17;30m8[38;2;27;26;47mMMMMMM[38;2;24;23;42mW[38;2;27;26;47mMM[38;2;24;23;42mW[38;2;27;26;47mMMM                  [0m
                      [38;2;25;22;35mW[38;2;27;26;47mMMMMMMMMM[38;2;27;26;48mM[38;2;24;23;42mW[38;2;27;26;47mMM[38;2;17;17;30m8[38;2;27;26;47mMMMMMM[38;2;24;23;42mW[38;2;27;26;47mMM[38;2;24;23;42mW[38;2;27;26;47mMMMMMMMM[38;2;27;26;48mMM[38;2;27;26;47mMMMMM                  [0m
                     [38;2;24;23;42mW[38;2;27;26;47mMMMMMMMMMMMM[38;2;27;26;48mM[38;2;27;26;47mMMM[38;2;25;22;35mW[38;2;27;26;47mMMMMM[38;2;24;23;42mW[38;2;27;26;47mMMMMMMMM[38;2;25;22;35mW[38;2;24;23;42mW[38;2;27;26;48mM[38;2;27;26;47mM[38;2;27;26;48mM[38;2;27;26;47mM[38;2;27;26;48mM[38;2;27;26;47mMM[38;2;6;6;10m@                 [0m
                   [38;2;12;11;20m%[38;2;27;26;48mM[38;2;27;26;47mMMMM[38;2;27;26;48mM[38;2;27;26;47mM[38;2;27;26;48mM[38;2;27;26;47mMM[38;2;27;26;48mM[38;2;27;26;47mMM[38;2;17;17;30m8[38;2;12;11;20m%[38;2;24;23;42mW[38;2;27;26;48mM[38;2;27;26;47mMMMM[38;2;3;3;5m$[38;2;27;26;48mM[38;2;24;23;42mW[38;2;8;7;13m@[38;2;25;22;35mW[38;2;27;26;47mMMMMMMMMMMMM[38;2;17;17;30m8[38;2;27;26;47mMMMM [38;2;3;3;5m$               [0m
                  [38;2;27;26;47mMMMMMM[38;2;27;26;48mM[38;2;27;26;47mMMMMMMMMMMMM[38;2;27;26;48mM[38;2;27;26;47mMMM[38;2;17;17;30m8[38;2;12;11;20m%[38;2;27;26;47mM[38;2;25;22;35mW[38;2;27;26;47mMMMMMMMMM[38;2;27;26;48mM[38;2;27;26;47mMM[38;2;17;17;30m8[38;2;27;26;47mMMMM[38;2;9;8;14mB                 [0m
                 [38;2;27;26;47mM[38;2;24;23;42mW[38;2;27;26;47mMMMMMMMM[38;2;25;22;35mW[38;2;24;23;42mW[38;2;27;26;48mM[38;2;27;26;47mM[38;2;27;26;48mM[38;2;27;26;47mM[38;2;27;26;48mM[38;2;27;26;47mMMMMMM    [38;2;27;26;48mM[38;2;27;26;47mMMMM[38;2;25;22;35mW[38;2;27;26;47mMM[38;2;27;26;48mM[38;2;27;26;47mMM[38;2;27;26;48mM[38;2;27;26;47mMMM[38;2;17;17;30m8[38;2;27;26;47mMM[38;2;16;15;27m8                 [0m
                [38;2;27;26;48mM[38;2;27;26;47mMMMMMMMMMMMMMMMMMM[38;2;24;23;42mWW[38;2;27;26;47mM       [38;2;16;15;27m8[38;2;27;26;47mMMMM[38;2;27;26;48mM[38;2;24;23;42mW[38;2;27;26;47mMM[38;2;17;17;30m8[38;2;27;26;47mMMMMMM[38;2;24;23;42mW[38;2;16;15;27m8                 [0m
              [38;2;17;17;30m8[38;2;27;26;48mM[38;2;27;26;47mMMM[38;2;17;17;30m8[38;2;27;26;47mMMMMMMMMM[38;2;24;23;42mW[38;2;27;26;47mMMMMMM          [38;2;24;23;42mW[38;2;27;26;47mMMMMM[38;2;27;26;48mM[38;2;27;26;47mMMMMMMMMM[38;2;9;8;14mB                 [0m
             [38;2;24;23;42mW[38;2;27;26;47mM[38;2;17;17;30m8[38;2;27;26;47mMMMMMMM[38;2;24;23;42mW[38;2;25;22;35mW[38;2;24;23;42mW[38;2;27;26;48mMMMMM[38;2;24;23;42mW[38;2;27;26;47mMM             [38;2;6;6;10m@[38;2;27;26;47mM[38;2;27;26;48mM[38;2;27;26;47mMMM[38;2;25;22;35mW[38;2;27;26;47mMMMMMMMM[38;2;3;3;5m$                 [0m
           [38;2;16;15;27m8[38;2;27;26;47mM[38;2;17;17;30m8[38;2;27;26;47mMMMMMMM[38;2;24;23;42mW[38;2;25;22;35mW[38;2;24;23;42mW[38;2;27;26;48mMMMMM[38;2;24;23;42mW[38;2;27;26;47mMM                [38;2;12;11;20m%[38;2;27;26;48mM[38;2;27;26;47mMM[38;2;17;17;30m8[38;2;27;26;47mMMMMMMM[38;2;24;23;42mW[38;2;27;26;47mM[38;2;3;3;5m$                 [0m
          [38;2;27;26;47mMM[38;2;24;23;42mW[38;2;27;26;47mMMMMMMMM[38;2;25;22;35mW[38;2;24;23;42mW[38;2;27;26;48mM[38;2;27;26;47mM[38;2;27;26;48mM[38;2;27;26;47mM[38;2;27;26;48mM[38;2;27;26;47mMM                    M[38;2;27;26;48mM[38;2;27;26;47mMMM[38;2;17;17;30m8[38;2;27;26;47mMMMMMM[38;2;3;3;5m$                 [0m
         [38;2;17;17;30m8[38;2;27;26;47mMMMMMMMMMMMMMMMMMM                      [38;2;25;22;35mW[38;2;27;26;47mM[38;2;27;26;48mM[38;2;24;23;42mW[38;2;27;26;47mMM[38;2;17;17;30m8[38;2;27;26;47mMMMMMM                 [0m
         [38;2;17;17;30m8[38;2;27;26;47mMMMMMM[38;2;25;22;35mW[38;2;27;26;47mMMM[38;2;24;23;42mW[38;2;27;26;47mMMMM                          [38;2;24;23;42mW[38;2;27;26;47mMMMMM[38;2;27;26;48mM[38;2;27;26;47mMMMMM                 [0m
         [38;2;12;11;20m%[38;2;27;26;48mM[38;2;24;23;42mW[38;2;27;26;47mMM[38;2;17;17;30m8[38;2;27;26;47mMMMMMM[38;2;24;23;42mW                             W[38;2;27;26;47mM[38;2;17;17;30m8[38;2;27;26;47mMMMMMMM[38;2;24;23;42mW[38;2;25;22;35mW[38;2;3;3;5m$                [0m
         [38;2;12;11;20m%[38;2;27;26;47mM[38;2;27;26;48mM[38;2;27;26;47mMMM[38;2;17;17;30m8[38;2;27;26;47mMMMMMM                            [38;2;3;3;5m$[38;2;24;23;42mW[38;2;27;26;47mMMMMMMMMMM[38;2;27;26;48mM[38;2;27;26;47mM                [0m
          [38;2;27;26;48mM[38;2;27;26;47mM[38;2;24;23;42mW[38;2;27;26;47mMMMMMMMM[38;2;25;22;35mW                            [38;2;6;6;10m@[38;2;27;26;48mM[38;2;27;26;47mM[38;2;27;26;48mM[38;2;27;26;47mMMM[38;2;17;17;30m8[38;2;27;26;47mMMMMMMM               [0m
          [38;2;27;26;48mM[38;2;27;26;47mMMMMMMMMMMM                            [38;2;6;6;10m@[38;2;27;26;47mMM[38;2;27;26;48mM[38;2;27;26;47mMMM[38;2;17;17;30m8[38;2;27;26;47mMMMMMMM               [0m
          [38;2;12;11;20m%[38;2;27;26;47mMM[38;2;17;17;30m8[38;2;27;26;47mMMMMMMM[38;2;24;23;42mW[38;2;9;8;14mB                            [38;2;24;23;42mW[38;2;27;26;48mM[38;2;24;23;42mW[38;2;27;26;47mMM[38;2;17;17;30m8[38;2;27;26;47mMMMMMM[38;2;24;23;42mW[38;2;27;26;47mM               [0m
          [38;2;12;11;20m%[38;2;27;26;47mMM[38;2;27;26;48mM[38;2;27;26;47mMMM[38;2;17;17;30m8[38;2;27;26;47mMMMM[38;2;3;3;5m$                            [38;2;24;23;42mW[38;2;27;26;47mM[38;2;17;17;30m8[38;2;27;26;47mMMMMMMM[38;2;24;23;42mW[38;2;25;22;35mW[38;2;24;23;42mW[38;2;27;26;48mM               [0m
          [38;2;9;8;14mB[38;2;27;26;48mM[38;2;17;17;30m8[38;2;27;26;47mMMMMMMM[38;2;24;23;42mW[38;2;27;26;47mM[38;2;24;23;42mW                           [38;2;3;3;5m$[38;2;32;31;56m#[38;2;27;26;47mMMMMMM[38;2;24;23;42mW[38;2;27;26;47mMM[38;2;17;17;30m8[38;2;27;26;47mMMM               [0m
           [38;2;27;26;47mMM[38;2;17;17;30m8[38;2;27;26;47mMMMMMMM[38;2;24;23;42mW[38;2;25;22;35mW                           [38;2;3;3;5m$[38;2;27;26;47mM[38;2;24;23;42mW[38;2;27;26;47mMMMMMMMM[38;2;25;22;35mW[38;2;24;23;42mW[38;2;27;26;48mM[38;2;27;26;47mM               [0m
