                                                                                [0m
                                                                                [0m
                                                                                [0m
                                                                                [0m
                                                                                [0m
                                                                                [0m
                                                                                [0m
                                                                                [0m
                                                                                [0m
                          [38;2;255;236;216m:[38;2;172;158;147m|[38;2;226;212;190m>             [38;2;233;216;195mi[38;2;255;236;216m:::[38;2;255;233;213m:[38;2;195;174;158m{                                [0m
                        [38;2;136;116;108mc[38;2;170;121;110mn[38;2;204;146;133m|[38;2;182;150;137m/[38;2;255;233;213m:[38;2;245;225;205mI[38;2;212;195;179m_           [38;2;163;117;107mu[38;2;178;127;116mr[38;2;172;158;147m|[38;2;255;233;213m:::                                [0m
                      [38;2;75;69;66mw[38;2;255;236;216m:[38;2;219;170;155m][38;2;208;149;136m([38;2;164;139;127mj[38;2;114;82;75mQ[38;2;204;146;133m||[38;2;255;236;216m:[38;2;219;170;155m]         [38;2;158;114;104mv[38;2;200;143;130m/[38;2;158;114;104mv[38;2;255;236;216m:[38;2;222;203;186m~[38;2;32;31;53m#[38;2;27;26;47mMMM[38;2;3;3;5m$                             [0m
                      [38;2;255;236;216m:[38;2;254;242;214m,[38;2;255;233;213m::[38;2;246;218;199m![38;2;222;203;186m~[38;2;218;200;183m+[38;2;255;233;213m::[38;2;154;133;122mx          [38;2;178;127;116mr[38;2;204;146;133m|[38;2;177;126;115mx[38;2;32;31;53m#[38;2;27;26;48mM[38;2;20;20;36m&[38;2;27;26;47mMMMMM                           [0m
                   [38;2;17;17;30m8[38;2;27;26;47mMM[38;2;125;90;83mC[38;2;208;149;136m([38;2;246;218;199m![38;2;255;233;213m:::::               [38;2;8;7;13m@[38;2;27;26;47mMM[38;2;20;20;36m&[38;2;27;26;47mMMMM[38;2;27;26;48mM[38;2;27;26;47mM                         [0m
                  [38;2;11;11;20m%[38;2;27;26;48mM[38;2;27;26;47mMM[38;2;27;26;48mM[38;2;20;20;36m&[38;2;27;26;47mM             [38;2;196;187;204m?[38;2;232;222;242mlllll[38;2;228;218;238m!![38;2;225;215;234mi[38;2;3;3;5m$[38;2;27;26;47mMMMMMMMMM                       [0m
                 [38;2;11;11;20m%[38;2;27;26;47mM[38;2;27;26;48mM[38;2;27;26;47mMMMM[38;2;16;15;27m8             [38;2;88;85;105m0[38;2;232;222;242ml[38;2;228;218;238m![38;2;232;222;242mll[38;2;225;215;234mi[38;2;232;222;242ml[38;2;225;215;234mi[38;2;228;218;238m!![38;2;3;3;5m$[38;2;27;26;47mMMMMMMMM[38;2;27;26;48mM[38;2;27;26;47mM                     [0m
                [38;2;17;17;30m8[38;2;27;26;47mMM[38;2;27;26;48mM[38;2;27;26;47mMMMM            [38;2;88;85;105m0[38;2;228;218;238m![38;2;200;191;208m-[38;2;232;222;242ml[38;2;228;218;238m![38;2;203;194;212m_[38;2;228;218;238m![38;2;180;172;187m}[38;2;203;194;212m_[38;2;228;218;238m![38;2;225;215;234mii[38;2;228;218;238m![38;2;104;99;108mJ[38;2;27;26;47mMMMMMMMMMMM                   [0m
               [38;2;16;15;27m8[38;2;27;26;48mM[38;2;20;20;36m&[38;2;27;26;47mMMMM[38;2;27;26;48mM             [38;2;228;218;238m![38;2;123;117;129mcc[38;2;200;191;208m-[38;2;139;100;91mY[38;2;225;215;234mi[38;2;38;37;67moo[38;2;164;157;171m|[38;2;196;187;204m?[38;2;232;222;242mll[38;2;228;218;238m!![38;2;156;149;163mt[38;2;40;38;55mo[38;2;27;26;47mMMMMM[38;2;27;26;48mM[38;2;27;26;47mMMMM[38;2;16;15;27m8                 [0m
              [38;2;24;23;42mW[38;2;27;26;47mMMM[38;2;20;20;36m&[38;2;27;26;47mMMM[38;2;3;3;5m$            [38;2;156;149;163mt [38;2;175;168;183m1[38;2;247;233;207m;[38;2;188;180;166m{[38;2;255;233;213m:[38;2;3;3;5m$[38;2;27;26;47mM[38;2;38;37;67mo[38;2;75;69;66mw[38;2;158;114;104mv[38;2;145;117;113mv[38;2;139;131;141mn[38;2;232;222;242mlll[38;2;228;218;238m![38;2;24;23;42mW[38;2;27;26;47mMMM[38;2;27;26;48mM[38;2;20;20;36m&[38;2;27;26;47mMMMM[38;2;27;26;48mM[38;2;27;26;47mM                [0m
             [38;2;20;20;36m&[38;2;27;26;47mMMMMMMM[38;2;16;15;27m8              [38;2;104;99;108mJ [38;2;232;203;186m<[38;2;255;233;213m:::[38;2;239;219;201m![38;2;255;236;216m::[38;2;222;203;186m~[38;2;172;158;147m|[38;2;180;172;187m}[38;2;228;218;238m![38;2;232;222;242ml[38;2;228;218;238m!!![38;2;104;99;108mJ[38;2;27;26;47mM[38;2;27;26;48mM[38;2;27;26;47mMMMMM[38;2;27;26;48mMM[38;2;27;26;47mM[38;2;11;11;20m%               [0m
            [38;2;24;23;42mWW[38;2;27;26;47mMMMMMMMM               [38;2;75;69;66mw[38;2;212;195;179m_[38;2;222;203;186m~[38;2;210;205;180m+[38;2;212;195;179m_[38;2;254;242;214m,[38;2;255;233;213m::[38;2;245;225;205mI[38;2;255;236;216m:[38;2;255;233;213m:[38;2;167;154;140m/[38;2;184;175;192m{[38;2;147;135;145mx[38;2;154;133;122mx[38;2;208;199;217m+[38;2;180;172;187m}[38;2;196;187;204m?[38;2;24;23;42mW[38;2;27;26;47mMMMMMMMM[38;2;16;15;27m8               [0m
            [38;2;27;26;48mM[38;2;27;26;47mMMMMMMMM[38;2;27;26;48mM[38;2;17;17;30m8              [38;2;121;118;102mz[38;2;255;236;216m:[38;2;255;233;213m:[38;2;255;236;216m:[38;2;255;233;213m::::[38;2;245;225;205mI[38;2;255;236;216m:[38;2;255;233;213m:[38;2;255;236;216m:[38;2;202;181;164m][38;2;204;187;171m?[38;2;216;207;226m<[38;2;232;222;242mll[38;2;87;83;87mO[38;2;32;31;53m#[38;2;27;26;47mMMMM[38;2;20;20;36m&[38;2;27;26;47mMMMM               [0m
            [38;2;32;31;53m#[38;2;27;26;47mMMM[38;2;20;20;36m&[38;2;27;26;47mMMMMMMM[38;2;27;26;48mM[38;2;11;11;20m%       [38;2;20;20;36m&[38;2;8;8;14mB  [38;2;120;103;94mU[38;2;255;233;213m:::[38;2;255;236;216m:[38;2;255;233;213m:[38;2;255;236;216m:[38;2;255;233;213m:[38;2;185;169;154m1[38;2;158;114;104mv[38;2;200;143;130m/[38;2;145;117;113mv[38;2;232;222;242mll[38;2;225;215;234mi[38;2;228;218;238m! [38;2;27;26;47mMM[38;2;20;20;36m&[38;2;27;26;47mMMMMMMM[38;2;20;20;36m&               [0m
             [38;2;24;23;42mW[38;2;27;26;47mMMMMMMMMM[38;2;17;17;30m8[38;2;27;26;48mM[38;2;27;26;47mM[38;2;27;26;48mM[38;2;20;20;36m&[38;2;27;26;47mMMMM[38;2;27;26;48mM[38;2;27;26;47mMM[38;2;27;26;48mM[38;2;27;26;47mMM  [38;2;208;149;136m([38;2;204;146;133m||[38;2;193;159;145m)[38;2;204;146;133m||[38;2;193;159;145m)[38;2;204;146;133m|[38;2;165;131;121mr[38;2;87;83;87mO[38;2;123;117;129mc [38;2;148;141;154mj [38;2;17;17;30m8[38;2;27;26;47mM[38;2;20;20;36m&[38;2;27;26;47mMMMMMMM[38;2;27;26;48mM               [0m
               [38;2;20;20;36m&[38;2;27;26;47mMMMMMMMMMMMMMMM[38;2;27;26;48mM[38;2;17;17;30m8[38;2;24;23;42mW[38;2;27;26;47mM[38;2;24;23;42mW[38;2;27;26;47mMMMMMMMM[38;2;27;26;48mM[38;2;27;26;47mMMMMMM[38;2;3;3;5m$[38;2;11;11;20m%[38;2;27;26;48mM[38;2;27;26;47mMMMMMMMMMMM               [0m
                 [38;2;11;11;20m%[38;2;24;23;42mW[38;2;27;26;47mMMMMMMMMMMMMMMMM[38;2;17;17;30m8[38;2;27;26;48mM[38;2;27;26;47mMMMMMMMM[38;2;27;26;48mM[38;2;27;26;47mMMMMMM[38;2;27;26;48mM[38;2;20;20;36m&[38;2;27;26;47mMMMM[38;2;27;26;48mM[38;2;27;26;47mMM[38;2;27;26;48mM[38;2;27;26;47mMMM[38;2;6;6;10m@              [0m
                    [38;2;32;31;53m#[38;2;27;26;47mMMM[38;2;27;26;48mM[38;2;20;20;36m&[38;2;27;26;47mMMMM[38;2;27;26;48mM[38;2;27;26;47mMM[38;2;27;26;48mM[38;2;27;26;47mMMMMMMMMMMMM[38;2;20;20;36m&[38;2;27;26;47mMMMMMMM[38;2;27;26;48mMM[38;2;27;26;47mMMMMMMMM[38;2;27;26;48mM               [0m
                      [38;2;3;3;5m$[38;2;27;26;47mMMMM[38;2;17;17;30m8[38;2;27;26;47mMMMMMMMMMMMMM[38;2;17;17;30m8[38;2;27;26;48mM[38;2;27;26;47mMMMMMMMMMM[38;2;24;23;42mW[38;2;27;26;47mMMMMMMMMM[38;2;27;26;48mM[38;2;27;26;47mM               [0m
                          [38;2;27;26;48mM[38;2;27;26;47mM[38;2;27;26;48mM[38;2;20;20;36m&[38;2;3;3;5m$[38;2;27;26;47mM[38;2;20;20;36m&[38;2;27;26;47mMMMMMMM[38;2;27;26;48mMM[38;2;27;26;47mMMMMMMMM[38;2;17;17;30m8[38;2;194;165;41m|[38;2;80;67;22mp[38;2;27;26;48mM[38;2;27;26;47mMMMMMMMMMM                [0m
                            [38;2;24;23;42mW[38;2;16;15;27m8[38;2;27;26;47mMMMMMMMMMMM[38;2;27;26;48mM[38;2;17;17;30m8[38;2;24;23;42mW[38;2;27;26;47mM[38;2;24;23;42mW[38;2;27;26;47mMMMMMMM[38;2;27;26;48mM[38;2;27;26;47mMM[38;2;24;23;42mW[38;2;27;26;47mMMMMM[38;2;27;26;48mM[38;2;3;3;5m$                [0m
                              [38;2;27;26;48mM[38;2;27;26;47mM[38;2;27;26;48mM[38;2;27;26;47mM[38;2;27;26;48mM[38;2;27;26;47mMMMMMMMM[38;2;27;26;48mM[38;2;17;17;30m8[38;2;24;23;42mW[38;2;27;26;47mM[38;2;24;23;42mW[38;2;27;26;47mMMMM[38;2;16;15;27m8[38;2;27;26;47mMMMMMMMMM                  [0m
                             [38;2;8;7;13m@[38;2;27;26;47mMMMMMMMMMMM[38;2;17;17;30m8[38;2;27;26;48mM[38;2;27;26;47mMMMMMMMMM[38;2;16;15;27m8[38;2;24;23;42mWW[38;2;27;26;47mMMMMMM                   [0m
                            [38;2;8;7;13m@[38;2;27;26;48mM[38;2;27;26;47mM[38;2;27;26;48mM[38;2;27;26;47mM[38;2;27;26;48mM[38;2;27;26;47mMMMMMMMMM[38;2;27;26;48mM[38;2;17;17;30m8[38;2;24;23;42mW[38;2;27;26;47mM[38;2;24;23;42mW[38;2;27;26;47mMMMM[38;2;16;15;27m8[38;2;20;20;36m&[38;2;24;23;42mW[38;2;27;26;47mMMMMM                    [0m
                            [38;2;27;26;47mM[38;2;27;26;48mM[38;2;27;26;47mMMMMM[38;2;27;26;48mMM[38;2;27;26;47mM[38;2;24;23;42mW[38;2;27;26;47mM[38;2;24;23;42mW[38;2;27;26;47mMMMMMMM[38;2;27;26;48mMMM[38;2;27;26;47mM[38;2;20;20;36m&[38;2;27;26;47mMMMMMM[38;2;16;15;27m8                    [0m
                            [38;2;27;26;47mMMMMMMMMMMMMMMM[38;2;27;26;48mM[38;2;17;17;30m8[38;2;24;23;42mW[38;2;27;26;47mM[38;2;24;23;42mW[38;2;27;26;47mMMMMM[38;2;20;20;36m&[38;2;27;26;47mMMMMM[38;2;6;6;10m@                    [0m
                            [38;2;27;26;47mMM[38;2;24;23;42mW[38;2;27;26;47mMMMMM[38;2;20;20;36m&[38;2;27;26;47mMMMMMMM[38;2;27;26;48mMM[38;2;27;26;47mMMMMMMMM[38;2;27;26;48mM[38;2;27;26;47mM[38;2;27;26;48mM[38;2;27;26;47mM[38;2;20;20;36m&                     [0m
                            [38;2;24;23;42mW[38;2;27;26;47mMMMMMMMMMMM[38;2;27;26;48mM[38;2;20;20;36m&[38;2;27;26;47mMMMM[38;2;27;26;48mM[38;2;27;26;47mMM[38;2;27;26;48mM[38;2;27;26;47mMMMMMMMMM                     [0m
                           [38;2;20;20;36m&[38;2;27;26;47mMM[38;2;20;20;36m&[38;2;27;26;47mMMMMMMM[38;2;27;26;48mMM[38;2;27;26;47mMMMMMMMM[38;2;27;26;48mM[38;2;27;26;47mM[38;2;27;26;48mM[38;2;27;26;47mM[38;2;20;20;36m&&[38;2;27;26;47mMM[38;2;27;26;48mM[38;2;20;20;36m&[38;2;27;26;47mM                     [0m
                          [38;2;3;3;5m$[38;2;27;26;48mM[38;2;27;26;47mM[38;2;27;26;48mM[38;2;27;26;47mM[38;2;27;26;48mM[38;2;27;26;47mMMM[38;2;27;26;48mM[38;2;27;26;47mMMMMM[38;2;27;26;48mMM[38;2;27;26;47mM[38;2;24;23;42mW[38;2;27;26;47mM[38;2;24;23;42mW[38;2;27;26;47mMMMMMMM[38;2;27;26;48mMMM[38;2;27;26;47mM[38;2;20;20;36m&                     [0m
                          [38;2;20;20;36m&[38;2;27;26;47mMMM[38;2;27;26;48mM[38;2;27;26;47mMMMM[38;2;27;26;48mM[38;2;27;26;47mMMMMM[38;2;27;26;48mMM[38;2;27;26;47mM[38;2;24;23;42mW[38;2;27;26;47mM[38;2;24;23;42mW[38;2;27;26;47mMMMMMMM[38;2;27;26;48mMMM[38;2;27;26;47mM[38;2;20;20;36m&                     [0m
                          [38;2;27;26;48mM[38;2;27;26;47mMMMMMMMMMMMMMMMMMMMM[38;2;27;26;48mM[38;2;17;17;30m8[38;2;24;23;42mW[38;2;27;26;47mM[38;2;24;23;42mW[38;2;27;26;47mMMMMMMM                     [0m
                         [38;2;3;3;5m$[38;2;27;26;47mM[38;2;27;26;48mM[38;2;27;26;47mMMMMM[38;2;27;26;48mMM[38;2;27;26;47mM[38;2;24;23;42mW[38;2;27;26;47mM[38;2;24;23;42mW[38;2;27;26;47mMMMMMMM[38;2;27;26;48mMMM[38;2;27;26;47mM[38;2;20;20;36m&[38;2;27;26;47mMMMMMMM[38;2;27;26;48mM                     [0m
                        [38;2;8;7;13m@[38;2;27;26;48mM[38;2;27;26;47mMM[38;2;20;20;36m&[38;2;27;26;47mMMMMMMM[38;2;27;26;48mMM[38;2;27;26;47mMMMMMMMM[38;2;27;26;48mM[38;2;27;26;47mM[38;2;27;26;48mM[38;2;27;26;47mM[38;2;20;20;36m&&[38;2;27;26;47mMMMMMMM                     [0m
                      [38;2;24;23;42mW[38;2;27;26;47mMMM[38;2;20;20;36m&[38;2;27;26;47mMMMMMMM[38;2;27;26;48mMM[38;2;27;26;47mMMMMMMMM[38;2;27;26;48mM[38;2;27;26;47mM[38;2;27;26;48mM[38;2;27;26;47mM[38;2;20;20;36m&[38;2;27;26;47mM[38;2;27;26;48mM[38;2;27;26;47mM[38;2;27;26;48mM[38;2;20;20;36m&[38;2;27;26;47mMMMM[38;2;27;26;48mM                     [0m
                     [38;2;27;26;48mM[38;2;27;26;47mMMMMMMMMMMMMMM[38;2;27;26;48mM[38;2;20;20;36m&[38;2;27;26;47mMMMM[38;2;27;26;48mM[38;2;27;26;47mMM[38;2;27;26;48mM[38;2;27;26;47mMMMMMMMMM[38;2;27;26;48mMMM[38;2;27;26;47mM                     [0m
                       [38;2;6;6;10m@[38;2;27;26;47mMMMM[38;2;16;15;27m8[38;2;27;26;47mMMMMMMM[38;2;27;26;48mM[38;2;20;20;36m&[38;2;27;26;47mMMMM[38;2;27;26;48mM[38;2;27;26;47mMM[38;2;27;26;48mM[38;2;27;26;47mMMMMMMMMM[38;2;27;26;48mMMM[38;2;27;26;47mM[38;2;20;20;36m&                    [0m
                        [38;2;11;11;20m%[38;2;24;23;42mW[38;2;27;26;47mMMMMMMMMM[38;2;17;17;30m88[38;2;20;20;36m&[38;2;27;26;47mMMM[38;2;27;26;48mM[38;2;27;26;47mMMMMMM[38;2;20;20;36m&[38;2;27;26;47mMMMMMMM[38;2;27;26;48mMM[38;2;27;26;47mMM                    [0m
                        [38;2;24;23;42mW[38;2;27;26;47mMMMMMMMMM[38;2;27;26;48mM[38;2;20;20;36m&[38;2;27;26;47mMMMM[38;2;27;26;48mM[38;2;27;26;47mMM[38;2;27;26;48mM[38;2;27;26;47mMMMMMMMM[38;2;27;26;48mM[38;2;27;26;47mM[38;2;27;26;48mM[38;2;20;20;36m&[38;2;27;26;47mMMM[38;2;3;3;5m$                    [0m
                        [38;2;24;23;42mW[38;2;27;26;47mM[38;2;20;20;36m&[38;2;27;26;47mMMMMMMM[38;2;27;26;48mMM[38;2;27;26;47mMMMMMMMM[38;2;27;26;48mM[38;2;27;26;47mM[38;2;27;26;48mM[38;2;27;26;47mM[38;2;20;20;36m&[38;2;27;26;47mM[38;2;27;26;48mM[38;2;27;26;47mMMM[38;2;20;20;36m&[38;2;27;26;47mMMMMM                    [0m
                       [38;2;24;23;42mW[38;2;27;26;47mMMMMMMM[38;2;24;23;42mW[38;2;27;26;47mMMMMMMMMMMMMMMMMM[38;2;27;26;48mM[38;2;17;17;30m8[38;2;24;23;42mW[38;2;27;26;47mM[38;2;24;23;42mW[38;2;27;26;47mMMMMMM                    [0m
                      [38;2;27;26;48mM[38;2;27;26;47mM[38;2;20;20;36m&[38;2;27;26;47mMMMMMMM[38;2;27;26;48mMM[38;2;27;26;47mMMMM[38;2;16;15;27m8[38;2;20;20;36m&[38;2;17;17;30m88[38;2;27;26;48mM[38;2;20;20;36m&[38;2;27;26;47mMMMM[38;2;27;26;48mM[38;2;27;26;47mMM[38;2;27;26;48mM[38;2;27;26;47mMMMMMMMM                    [0m
                    [38;2;16;15;27m8[38;2;27;26;47mM[38;2;20;20;36m&[38;2;27;26;47mMMMMMMM[38;2;27;26;48mMM[38;2;27;26;47mMMMMMMM[38;2;24;23;42mW[38;2;27;26;47mM[38;2;27;26;48mM[38;2;27;26;47mMMMMM[38;2;27;26;48mMM[38;2;27;26;47mM[38;2;24;23;42mW[38;2;27;26;47mM[38;2;24;23;42mW[38;2;27;26;47mMMMMMMM[38;2;6;6;10m@                   [0m
                   [38;2;16;15;27m8[38;2;27;26;47mMMMMMMMMM[38;2;17;17;30m8[38;2;27;26;48mM[38;2;27;26;47mMMMMMMMMMMMMMMMM[38;2;17;17;30m8[38;2;27;26;47mM[38;2;20;20;36m&[38;2;27;26;48mM[38;2;20;20;36m&[38;2;27;26;47mMMMM[38;2;27;26;48mM[38;2;27;26;47mMM[38;2;27;26;48mM[38;2;27;26;47mM[38;2;3;3;5m$$                 [0m
                  [38;2;27;26;48mM[38;2;27;26;47mMMMMMMMM[38;2;27;26;48mM[38;2;17;17;30m8[38;2;24;23;42mW[38;2;27;26;47mM[38;2;24;23;42mW[38;2;20;20;36m&[38;2;27;26;48mM[38;2;27;26;47mM[38;2;27;26;48mM[38;2;27;26;47mM[38;2;27;26;48mM[38;2;16;15;27m8[38;2;27;26;47mMM[38;2;24;23;42mW[38;2;27;26;48mM[38;2;20;20;36m&[38;2;17;17;30m8[38;2;20;20;36m&[38;2;27;26;47mM[38;2;17;17;30m8[38;2;27;26;48mM[38;2;20;20;36m&[38;2;17;17;30m8[38;2;27;26;47mM[38;2;20;20;36m&[38;2;27;26;47mMMMMMMM[38;2;27;26;48mM                   [0m
                [38;2;16;15;27m8[38;2;27;26;47mMMMMMMM[38;2;27;26;48mM[38;2;27;26;47mMMMMMMMM[38;2;27;26;48mM[38;2;17;17;30m8[38;2;24;23;42mW[38;2;27;26;47mM[38;2;24;23;42mW[38;2;6;6;10m@@[38;2;27;26;47mM[38;2;27;26;48mM[38;2;27;26;47mMMMMM[38;2;27;26;48mM[38;2;27;26;47mMMMMM[38;2;27;26;48mMM[38;2;27;26;47mM[38;2;24;23;42mW[38;2;27;26;47mM[38;2;24;23;42mW[38;2;27;26;47mMM[38;2;3;3;5m$                  [0m
               [38;2;11;11;20m%[38;2;27;26;47mMMM[38;2;24;23;42mW[38;2;27;26;48mM[38;2;20;20;36m&[38;2;27;26;47mMMMM[38;2;27;26;48mM[38;2;27;26;47mMM[38;2;27;26;48mM[38;2;27;26;47mMMMMM[38;2;16;15;27m8     [38;2;20;20;36m&[38;2;27;26;47mMMMM[38;2;20;20;36m&[38;2;27;26;47mMMM[38;2;27;26;48mM[38;2;27;26;47mMMMMM[38;2;27;26;48mM[38;2;27;26;47mMMMM[38;2;11;11;20m%[38;2;3;3;5m$                 [0m
              [38;2;11;11;20m%[38;2;27;26;47mM[38;2;20;20;36m&[38;2;27;26;47mMMMMMMM[38;2;27;26;48mMM[38;2;27;26;47mMMMMMMMM[38;2;17;17;30m8        [38;2;27;26;47mMMMMMMMMMMMMMMMM[38;2;27;26;48mM[38;2;27;26;47mMM                  [0m
              [38;2;27;26;47mMM[38;2;27;26;48mM[38;2;27;26;47mMMM[38;2;27;26;48mM[38;2;20;20;36m&[38;2;27;26;47mMMMM[38;2;27;26;48mM[38;2;27;26;47mMM[38;2;27;26;48mM[38;2;27;26;47mMMMM           [38;2;32;31;53m#[38;2;27;26;47mMMM[38;2;24;23;42mW[38;2;27;26;47mMMMMMMMMMMMM                  [0m
            [38;2;16;15;27m8[38;2;32;31;53m#[38;2;27;26;47mMMMMMMMMMMMMMMMMMM              MMMMMMMMM[38;2;17;17;30m8[38;2;27;26;48mM[38;2;27;26;47mMMMMM                  [0m
            [38;2;27;26;47mM[38;2;27;26;48mM[38;2;27;26;47mMMMMM[38;2;27;26;48mMM[38;2;27;26;47mM[38;2;24;23;42mW[38;2;27;26;47mM[38;2;24;23;42mW[38;2;27;26;47mMMMMMM               M[38;2;27;26;48mM[38;2;27;26;47mMMMMM[38;2;27;26;48mMM[38;2;27;26;47mM[38;2;24;23;42mW[38;2;27;26;47mM[38;2;24;23;42mW[38;2;27;26;47mMMM                  [0m
          [38;2;3;3;5m$[38;2;27;26;48mM[38;2;27;26;47mMMMMMMMMM[38;2;17;17;30m8[38;2;27;26;48mM[38;2;27;26;47mMMMMMM[38;2;16;15;27m8                 [38;2;24;23;42mW[38;2;27;26;47mMM[38;2;20;20;36m&[38;2;27;26;47mMMMMMMM[38;2;27;26;48mMM[38;2;27;26;47mMM                  [0m
          [38;2;27;26;48mM[38;2;27;26;47mM[38;2;27;26;48mM[38;2;27;26;47mM[38;2;27;26;48mM[38;2;27;26;47mMMMMMMMMMMM[38;2;20;20;36m&[38;2;27;26;47mM                    [38;2;27;26;48mM[38;2;27;26;47mM[38;2;27;26;48mM[38;2;20;20;36m&[38;2;27;26;47mMMMM[38;2;27;26;48mM[38;2;27;26;47mMM[38;2;27;26;48mM[38;2;27;26;47mMM[38;2;3;3;5m$                 [0m
         [38;2;8;8;14mB[38;2;27;26;47mMM[38;2;20;20;36m&[38;2;27;26;47mMMMMMMM[38;2;27;26;48mMM[38;2;27;26;47mMMM[38;2;6;6;10m@                      [38;2;8;7;13m@[38;2;27;26;48mM[38;2;27;26;47mMMMMMMMMM[38;2;27;26;48mM[38;2;17;17;30m8[38;2;24;23;42mW[38;2;3;3;5m$                 [0m
         [38;2;20;20;36m&[38;2;27;26;48mM[38;2;20;20;36m&[38;2;27;26;47mMMMM[38;2;27;26;48mM[38;2;27;26;47mMM[38;2;27;26;48mM[38;2;27;26;47mMM[38;2;16;15;27m8                         [38;2;20;20;36m&[38;2;27;26;47mMMM[38;2;27;26;48mM[38;2;27;26;47mMMMMM[38;2;27;26;48mM[38;2;27;26;47mMMM[38;2;3;3;5m$                 [0m
         [38;2;11;11;20m%[38;2;27;26;47mMM[38;2;20;20;36m&[38;2;27;26;47mM[38;2;20;20;36m&[38;2;27;26;47mMMMMMM[38;2;16;15;27m8                          [38;2;6;6;10m@[38;2;27;26;48mM[38;2;27;26;47mM[38;2;27;26;48mM[38;2;27;26;47mMMMMM[38;2;27;26;48mMM[38;2;27;26;47mM[38;2;24;23;42mW[38;2;27;26;47mM                  [0m
         [38;2;24;23;42mW[38;2;27;26;48mM[38;2;20;20;36m&[38;2;27;26;47mMMMM[38;2;27;26;48mM[38;2;27;26;47mMM[38;2;27;26;48mM[38;2;27;26;47mMM                           [38;2;11;11;20m%[38;2;27;26;47mMMMMMMMMMM[38;2;17;17;30m8[38;2;27;26;47mM                  [0m
         [38;2;24;23;42mW[38;2;27;26;47mMM[38;2;24;23;42mW[38;2;27;26;47mMMMM[38;2;27;26;48mM[38;2;27;26;47mMMM[38;2;16;15;27m8                            [38;2;27;26;48mM[38;2;27;26;47mMMMMMMMMM[38;2;24;23;42mWW[38;2;27;26;47mM[38;2;3;3;5m$                [0m
         [38;2;16;15;27m8[38;2;27;26;47mM[38;2;27;26;48mM[38;2;27;26;47mMMMMM[38;2;27;26;48mMM[38;2;27;26;47mM[38;2;24;23;42mW[38;2;27;26;47mM                            [38;2;27;26;48mM[38;2;27;26;47mMMMMMMMM[38;2;27;26;48mM[38;2;17;17;30m8[38;2;24;23;42mW[38;2;27;26;47mM[38;2;24;23;42mW                [0m
         [38;2;16;15;27m8[38;2;27;26;47mMMMMMMMMM[38;2;27;26;48mM[38;2;17;17;30m8[38;2;24;23;42mW                            [38;2;27;26;47mM[38;2;27;26;48mM[38;2;27;26;47mMMMMM[38;2;27;26;48mMM[38;2;27;26;47mM[38;2;24;23;42mW[38;2;27;26;47mM[38;2;24;23;42mW[38;2;27;26;47mM                [0m
         [38;2;3;3;5m$[38;2;27;26;47mMMMMMMMM[38;2;27;26;48mM[38;2;27;26;47mM[38;2;20;20;36m&[38;2;27;26;47mM                            M[38;2;27;26;48mM[38;2;27;26;47mMMMMM[38;2;27;26;48mMM[38;2;27;26;47mM[38;2;24;23;42mW[38;2;27;26;47mM[38;2;24;23;42mW[38;2;27;26;47mM                [0m
         [38;2;3;3;5m$[38;2;24;23;42mW[38;2;27;26;47mMMMMMMMMMMM                            MM[38;2;20;20;36m&[38;2;27;26;47mMMMMMMM[38;2;27;26;48mMM[38;2;27;26;47mMM                [0m
