                                                                                [0m
                                                                                [0m
                                                                                [0m
                                                                                [0m
                                                                                [0m
                                                                                [0m
                         [38;2;43;41;51mo[38;2;222;203;186m~                                                     [0m
                        [38;2;145;104;95mX[38;2;200;143;130m/[38;2;212;161;147m}[38;2;204;187;171m?[38;2;255;233;213m:[38;2;218;200;183m+[38;2;156;146;134mf         [38;2;226;206;189m<[38;2;121;118;102mz[38;2;186;171;163m}[38;2;185;169;154m1[38;2;172;158;147m|                                   [0m
                      [38;2;87;83;87mO[38;2;251;229;210m;[38;2;206;150;137m([38;2;177;127;115mr[38;2;146;104;95mX[38;2;158;114;104mv[38;2;200;143;130m/[38;2;139;100;91mY[38;2;186;171;163m}[38;2;230;211;193m>        [38;2;186;171;163m}[38;2;206;158;144m1[38;2;204;146;133m|[38;2;238;205;187m<[38;2;255;236;216m::                                  [0m
                      [38;2;255;236;216m:[38;2;255;233;213m:[38;2;255;236;216m:[38;2;251;229;210m;[38;2;224;181;165m?[38;2;206;150;137m([38;2;212;161;147m}[38;2;243;212;194mi[38;2;254;242;214m,[38;2;43;41;51mo       [38;2;3;3;5m$[38;2;163;117;107mu[38;2;190;136;124mf[38;2;163;117;107mu[38;2;255;233;213m:[38;2;255;236;216m:[38;2;142;138;119mx[38;2;27;26;47mMM[38;2;16;15;28m8                               [0m
                    [38;2;24;23;42mW[38;2;27;26;47mM[38;2;158;114;104mv[38;2;243;212;194mi[38;2;255;233;213m:[38;2;255;236;216m:[38;2;255;233;213m::[38;2;212;195;179m_[38;2;136;116;108mc         [38;2;180;135;123mf[38;2;190;136;124mf[38;2;177;127;115mr[38;2;194;139;126mt[38;2;235;198;181m~[38;2;3;3;5m$[38;2;27;26;47mMMM[38;2;17;17;30m8[38;2;27;26;47mMM                             [0m
                   [38;2;17;17;30m88[38;2;27;26;47mMMMM[38;2;17;17;30m8               [38;2;75;69;66mw[38;2;145;104;95mX[38;2;99;75;71mZ[38;2;25;23;36mW[38;2;27;26;48mM[38;2;27;26;47mMMMMM[38;2;17;17;30m8[38;2;27;26;47mM[38;2;11;11;20m%                          [0m
                  [38;2;6;6;11m@[38;2;27;26;48mM[38;2;27;26;47mM[38;2;17;17;30m8[38;2;27;26;47mMMMM                    [38;2;27;26;48mM[38;2;27;26;47mMMMMMMMMM                        [0m
                  [38;2;27;26;47mMMMMMMM              [38;2;208;199;217m+[38;2;225;215;234mi[38;2;233;222;242mll[38;2;228;218;238m![38;2;233;222;242mll[38;2;228;218;238m![38;2;204;195;212m_[38;2;41;40;50mo[38;2;27;26;47mM[38;2;17;17;30m8[38;2;27;26;47mMMMMMMM                      [0m
                 [38;2;17;17;30m8[38;2;27;26;47mM[38;2;17;17;30m8[38;2;27;26;47mMMMM               [38;2;180;172;187m}[38;2;225;215;234mi[38;2;233;222;242mlll[38;2;200;191;208m-[38;2;233;222;242ml[38;2;228;218;238m!!![38;2;75;69;66mw[38;2;27;26;47mMM[38;2;17;17;30m8[38;2;27;26;47mMMMMMMM                    [0m
                [38;2;16;15;28m8[38;2;27;26;47mMMMMMMM            [38;2;3;3;5m$[38;2;184;175;192m{[38;2;148;141;161mj[38;2;225;215;234mi[38;2;233;222;242mll[38;2;225;215;234mi[38;2;233;222;242ml[38;2;163;117;107mu[38;2;233;222;242ml[38;2;228;218;238m!!!![38;2;196;187;204m?[38;2;27;26;47mMMMMMMM[38;2;27;26;48mM[38;2;27;26;47mMM[38;2;11;11;20m%                  [0m
                [38;2;27;26;47mMMMMMM[38;2;27;26;48mM[38;2;3;3;5m$            [38;2;147;135;145mx[38;2;233;222;242mll[38;2;75;69;66mw[38;2;139;131;141mn[38;2;168;160;175m([38;2;25;23;36mW[38;2;66;63;88mq[38;2;31;30;57m#[38;2;225;215;234mi[38;2;120;103;94mU[38;2;233;222;242ml[38;2;228;218;238m![38;2;233;222;242ml[38;2;228;218;238m!![38;2;24;23;42mW[38;2;27;26;47mMMMMMMMM[38;2;25;23;36mW[38;2;11;11;20m%                 [0m
               [38;2;24;23;42mW[38;2;27;26;47mMMMMMM[38;2;16;15;28m8             [38;2;87;83;87mO[38;2;191;183;200m[[38;2;229;190;173m_[38;2;254;242;214m,[38;2;255;236;216m:[38;2;202;181;164m][38;2;27;26;47mMM[38;2;27;26;48mM[38;2;185;169;154m1[38;2;24;23;42mW[38;2;158;114;104mv[38;2;180;172;187m}[38;2;233;222;242mllll[38;2;123;117;129mc[38;2;27;26;47mMMMMMMMMMM                [0m
              [38;2;27;26;47mMMMMMM[38;2;27;26;48mM[38;2;27;26;47mM[38;2;16;15;28m8              [38;2;43;41;51mo[38;2;133;129;111mu[38;2;255;236;216m:[38;2;255;233;213m:[38;2;254;242;214m,[38;2;251;229;210m;[38;2;255;236;216m:[38;2;255;233;213m:[38;2;254;242;214m,[38;2;233;216;195mi[38;2;136;116;108mc[38;2;225;215;234mi[38;2;228;218;238m!![38;2;211;202;221m~[38;2;228;218;238m![38;2;233;222;242ml[38;2;156;149;162mt[38;2;27;26;48mM[38;2;27;26;47mMMMMMMMM[38;2;3;3;5m$               [0m
             [38;2;11;11;20m%[38;2;27;26;47mMMMMMMM[38;2;25;23;36mW[38;2;27;26;47mM[38;2;7;8;13mB              [38;2;255;233;213m:[38;2;230;211;193m>>[38;2;226;206;189m<[38;2;251;229;210m;[38;2;255;233;213m:[38;2;255;236;216m:[38;2;251;229;210m;[38;2;255;233;213m::[38;2;164;147;135mf[38;2;139;131;141mn[38;2;168;160;175m([38;2;139;100;91mY[38;2;172;164;179m)[38;2;216;207;226m<[38;2;228;218;238m![38;2;3;3;5m$[38;2;27;26;47mMMMMMMMM[38;2;24;23;42mW               [0m
             [38;2;24;23;42mW[38;2;27;26;47mMMMMMMMMMMM             [38;2;255;233;213m:[38;2;255;236;216m:[38;2;255;233;213m:[38;2;255;236;216m:[38;2;255;233;213m:::[38;2;255;236;216m:[38;2;255;233;213m:[38;2;255;236;216m:[38;2;245;225;205mI[38;2;255;233;213m:[38;2;218;200;183m+[38;2;142;138;119mx[38;2;233;222;242ml[38;2;228;218;238m![38;2;216;207;226m<[38;2;16;15;28m8[38;2;27;26;47mMMMMMMMMM[38;2;11;11;20m%              [0m
              [38;2;24;23;42mW[38;2;27;26;48mM[38;2;27;26;47mMM[38;2;17;17;30m8[38;2;27;26;47mMMMMMMMM[38;2;24;23;42mW[38;2;3;3;5m$     [38;2;17;17;29m8[38;2;27;26;47mM[38;2;27;26;48mMM[38;2;254;242;214m,[38;2;255;233;213m:::[38;2;255;236;216m::[38;2;255;233;213m:[38;2;229;190;173m_[38;2;158;114;104mv[38;2;200;143;130m//[38;2;200;191;208m-[38;2;228;218;238m!![38;2;233;222;242ml[38;2;172;164;179m)[38;2;16;15;28m8[38;2;27;26;47mMMMMMMMMM[38;2;27;26;48mM[38;2;27;26;47mM              [0m
                [38;2;27;26;47mMMMMMMM[38;2;27;26;48mM[38;2;27;26;47mMM[38;2;24;23;42mW[38;2;27;26;47mMMMMM[38;2;24;23;42mW[38;2;27;26;47mMM[38;2;17;17;30m8[38;2;27;26;47mMMMM[38;2;158;114;104mv[38;2;204;146;133m|[38;2;200;143;130m//[38;2;204;146;133m|[38;2;180;135;123mf[38;2;99;75;71mZ[38;2;75;69;66mw[38;2;29;26;36mM[38;2;3;3;5m$$$ [38;2;147;135;145mx[38;2;24;23;42mW[38;2;27;26;47mMMMMMMM[38;2;27;26;48mM[38;2;27;26;47mMMM              [0m
                  [38;2;27;26;48mM[38;2;27;26;47mMMMMMMMMM[38;2;17;17;30m8[38;2;27;26;47mMMMMMMMM[38;2;24;23;42mW[38;2;27;26;47mMM[38;2;27;26;48mM[38;2;27;26;47mMMM[38;2;24;23;42mW[38;2;27;26;47mMMMMMM[38;2;16;15;28m8[38;2;24;23;42mW[38;2;17;17;30m8[38;2;27;26;47mMMMMMM[38;2;25;23;36mW[38;2;27;26;47mMMMM[38;2;27;26;48mM              [0m
                    [38;2;25;23;36mW[38;2;27;26;48mM[38;2;27;26;47mMM[38;2;17;17;30m8[38;2;27;26;47mMMMMMMMM[38;2;24;23;42mW[38;2;27;26;47mMM[38;2;27;26;48mM[38;2;27;26;47mMMMMMMMMMMMM[38;2;25;23;36mW[38;2;27;26;47mMMMM[38;2;25;23;36mW[38;2;27;26;47mMM[38;2;17;17;30m8[38;2;27;26;47mMMMMMMM[38;2;25;23;36mW              [0m
                      [38;2;3;3;5m$[38;2;27;26;47mMMMMMMMMMM[38;2;27;26;48mM[38;2;27;26;47mMM[38;2;24;23;42mW[38;2;27;26;47mMMMMMMMM[38;2;25;23;36mW[38;2;27;26;47mM[38;2;25;23;36mW[38;2;27;26;47mMMMM[38;2;17;17;30m8[38;2;27;26;47mMMMMMMMM[38;2;24;23;42mW[38;2;27;26;47mMM[38;2;27;26;48mM[38;2;27;26;47mM              [0m
                         [38;2;11;11;20m%[38;2;27;26;48mM[38;2;27;26;47mMMMMMMMMMMMMMMMMMMM[38;2;11;11;20m%[38;2;25;23;36mW[38;2;27;26;47mMMM[38;2;16;15;28m8[38;2;27;26;47mMM[38;2;27;26;48mM[38;2;27;26;47mMMMMMMMMMM               [0m
                            [38;2;9;8;14mB[38;2;24;23;42mW[38;2;27;26;47mMMMMM[38;2;17;17;30m8[38;2;27;26;47mMMMMMM[38;2;25;23;36mW[38;2;27;26;47mMMMM[38;2;27;26;48mM[38;2;27;26;47mMM[38;2;27;26;48mM[38;2;27;26;47mMMMMMMMMMMMMM                [0m
                              [38;2;27;26;47mMMMMMM[38;2;27;26;48mM[38;2;27;26;47mMMMMMM[38;2;25;23;36mW[38;2;27;26;47mMMMMMM[38;2;24;23;42mW[38;2;16;15;28m8[38;2;27;26;47mMM[38;2;27;26;48mM[38;2;27;26;47mMMMMMMMM[38;2;11;11;20m%                [0m
                              [38;2;27;26;48mM[38;2;27;26;47mMMMMMMMMMMMM[38;2;25;23;36mW[38;2;27;26;47mMMMM[38;2;25;23;36mW[38;2;27;26;47mMM[38;2;16;15;28m8[38;2;27;26;48mM[38;2;27;26;47mM[38;2;17;17;30m8[38;2;27;26;47mMMMMMMM[38;2;6;6;11m@                 [0m
                             [38;2;7;8;13mB[38;2;27;26;48mM[38;2;27;26;47mMMMMMMMMMMM[38;2;27;26;48mM[38;2;27;26;47mMMMMMM[38;2;25;23;36mW[38;2;27;26;47mM[38;2;16;15;28m8[38;2;27;26;47mMMMMMMMMM[38;2;11;11;20m%                  [0m
                             [38;2;27;26;48mM[38;2;27;26;47mM[38;2;27;26;48mM[38;2;27;26;47mMMMMMMMM[38;2;27;26;48mM[38;2;27;26;47mMMMMMM[38;2;25;23;36mW[38;2;27;26;47mMMM[38;2;25;23;36mW[38;2;27;26;47mM[38;2;17;17;30m8[38;2;27;26;47mMMMMMM                    [0m
                            [38;2;25;23;36mW[38;2;27;26;48mM[38;2;27;26;47mMM[38;2;17;17;30m8[38;2;27;26;47mMMMMMMMM[38;2;24;23;42mW[38;2;27;26;47mMM[38;2;27;26;48mM[38;2;27;26;47mMMMMM[38;2;25;23;36mW[38;2;27;26;47mM[38;2;27;26;48mM[38;2;27;26;47mMM[38;2;17;17;30m8[38;2;27;26;47mMMMM                    [0m
                            [38;2;27;26;48mM[38;2;27;26;47mMM[38;2;17;17;30m8[38;2;27;26;47mMMMMMM[38;2;25;23;36mW[38;2;27;26;47mMMMM[38;2;27;26;48mM[38;2;27;26;47mMM[38;2;17;17;30m8[38;2;27;26;47mMM[38;2;25;23;36mW[38;2;27;26;47mMMMMMMMM[38;2;27;26;48mM                     [0m
                           [38;2;11;11;20m%[38;2;27;26;47mMMMMMMMMMM[38;2;27;26;48mM[38;2;27;26;47mMMMMMM[38;2;25;23;36mW[38;2;27;26;47mMMMMMM[38;2;24;23;42mWW[38;2;27;26;47mMM[38;2;17;17;30m8[38;2;27;26;47mM[38;2;11;11;20m%                     [0m
                           [38;2;24;23;42mW[38;2;27;26;47mMMMMMMMMMMMMMMMMMMMM[38;2;27;26;48mM[38;2;27;26;47mMMMMMM[38;2;25;23;36mW[38;2;27;26;47mMM[38;2;3;3;5m$                     [0m
                          [38;2;16;15;28m8[38;2;27;26;47mMMMMMM[38;2;27;26;48mM[38;2;27;26;47mMM[38;2;24;23;42mW[38;2;27;26;47mMMMMMMMMMM[38;2;27;26;48mM[38;2;27;26;47mMM[38;2;24;23;42mW[38;2;27;26;47mMMMMMMM                      [0m
                          [38;2;27;26;48mM[38;2;27;26;47mM[38;2;17;17;30m8[38;2;27;26;47mMMMMMMMM[38;2;24;23;42mW[38;2;27;26;47mMM[38;2;27;26;48mM[38;2;27;26;47mMMMMM[38;2;25;23;36mW[38;2;27;26;47mMMM[38;2;25;23;36mW[38;2;24;23;42mW[38;2;27;26;47mMMMMM[38;2;16;15;28m8                      [0m
                         [38;2;11;11;20m%[38;2;27;26;47mMMMMMMM[38;2;27;26;48mM[38;2;27;26;47mMM[38;2;24;23;42mW[38;2;27;26;47mMMMMMMMMMM[38;2;27;26;48mM[38;2;27;26;47mMM[38;2;24;23;42mW[38;2;27;26;47mMMMMMM                       [0m
                         [38;2;25;23;36mW[38;2;27;26;47mMMMMMMM[38;2;17;17;30m8[38;2;27;26;47mMMMMMM[38;2;25;23;36mW[38;2;27;26;47mMMMM[38;2;27;26;48mM[38;2;27;26;47mMM[38;2;17;17;30m8[38;2;27;26;47mMM[38;2;25;23;36mW[38;2;27;26;47mMMM[38;2;25;23;36mW[38;2;27;26;47mM                       [0m
                        [38;2;3;3;5m$[38;2;27;26;48mM[38;2;27;26;47mMMMMMMMMMMMMMMMMMMMMM[38;2;27;26;48mM[38;2;27;26;47mMM[38;2;24;23;42mW[38;2;27;26;47mMMMMMM                       [0m
                       [38;2;8;7;13m@[38;2;27;26;48mM[38;2;27;26;47mMMMMMMMMMMMMMM[38;2;25;23;36mW[38;2;27;26;47mMMMM[38;2;25;23;36mW[38;2;27;26;47mMM[38;2;17;17;30m8[38;2;27;26;47mMMMMMM[38;2;27;26;48mM[38;2;27;26;47mMM[38;2;16;15;28m8                      [0m
                      [38;2;27;26;48mM[38;2;27;26;47mMMMMMM[38;2;17;17;30m8[38;2;27;26;47mMMMMMM[38;2;25;23;36mW[38;2;27;26;47mMMMM[38;2;27;26;48mM[38;2;27;26;47mMM[38;2;17;17;30m8[38;2;27;26;47mMM[38;2;25;23;36mW[38;2;27;26;47mMMM[38;2;25;23;36mW[38;2;27;26;47mMMMMMM                      [0m
                    [38;2;7;8;13mB[38;2;27;26;48mM[38;2;24;23;42mW[38;2;27;26;47mMMMMMM[38;2;27;26;48mM[38;2;27;26;47mMM[38;2;24;23;42mW[38;2;27;26;47mMMMMMMMMMM[38;2;27;26;48mM[38;2;27;26;47mMM[38;2;24;23;42mW[38;2;27;26;47mMMMMM[38;2;24;23;42mW[38;2;27;26;47mMMMMM                      [0m
                      [38;2;27;26;47mM[38;2;11;11;20m%[38;2;27;26;48mM[38;2;27;26;47mMMMMMM[38;2;17;17;30m8[38;2;27;26;47mMMMMMMMMM[38;2;25;23;36mW[38;2;27;26;47mMMMM[38;2;25;23;36mW[38;2;27;26;47mMM[38;2;17;17;30m8[38;2;27;26;47mMMMMMM[38;2;27;26;48mM[38;2;27;26;47mM                      [0m
                      [38;2;27;26;47mMM[38;2;17;17;30m8[38;2;27;26;47mMMMMMMMM[38;2;24;23;42mW[38;2;27;26;47mMM[38;2;27;26;48mM[38;2;27;26;47mMMMM[38;2;11;11;20m%[38;2;27;26;47mMMMMMMM[38;2;17;17;30m8[38;2;27;26;47mMMMMMMMM                      [0m
                      [38;2;27;26;47mMMMMMMMM[38;2;27;26;48mM[38;2;27;26;47mMMMMMM[38;2;25;23;36mW[38;2;27;26;47mMMMMMM[38;2;27;26;48mM[38;2;27;26;47mMM[38;2;27;26;48mM[38;2;27;26;47mMMMMMMMM[38;2;11;11;20m%                       [0m
                    [38;2;3;3;5m$[38;2;27;26;47mMMMMMM[38;2;27;26;48mM[38;2;27;26;47mMM[38;2;24;23;42mW[38;2;27;26;47mMMMMMMMMMM[38;2;27;26;48mM[38;2;27;26;47mMM[38;2;24;23;42mW[38;2;27;26;47mMMMMM[38;2;24;23;42mW[38;2;27;26;47mMMMMM[38;2;17;17;30m8                       [0m
                   [38;2;7;8;13mB[38;2;27;26;47mMMMMMMMMMMMMMMMMMMMMMMM[38;2;27;26;48mM[38;2;27;26;47mMM[38;2;24;23;42mW[38;2;27;26;47mMMMMMMMMMM                       [0m
                  [38;2;25;23;36mW[38;2;27;26;48mM[38;2;27;26;47mMMMMMMMMMMMMMMM[38;2;25;23;36mW[38;2;27;26;47mMMMM[38;2;25;23;36mW[38;2;27;26;47mMM[38;2;17;17;30m8[38;2;27;26;47mMMMMMM[38;2;27;26;48mM[38;2;27;26;47mMMMMMM[38;2;6;6;11m@                      [0m
                  [38;2;27;26;47mMMMMMMM[38;2;27;26;48mM[38;2;27;26;47mMM[38;2;24;23;42mW[38;2;27;26;47mMMMMM[38;2;27;26;48mM[38;2;17;17;30m8[38;2;27;26;47mMMMMMM[38;2;27;26;48mM[38;2;27;26;47mMMMMMM[38;2;25;23;36mW[38;2;27;26;47mMMMMMM[38;2;27;26;48mM[38;2;27;26;47mM                      [0m
                 [38;2;24;23;42mW[38;2;27;26;47mMMMMMM[38;2;27;26;48mM[38;2;27;26;47mMMMMMM[38;2;25;23;36mW[38;2;27;26;47mMMMMMM[38;2;27;26;48mM[38;2;27;26;47mMM[38;2;27;26;48mM[38;2;27;26;47mMMMMMMMMMMMMMMMM [38;2;3;3;5m$                    [0m
                [38;2;27;26;48mM[38;2;27;26;47mM[38;2;27;26;48mM[38;2;27;26;47mMMMMMMMMMM[38;2;27;26;48mM[38;2;27;26;47mMM[38;2;24;23;42mW[38;2;27;26;47mMMM [38;2;24;23;42mW[38;2;27;26;47mMMMMMMMMM[38;2;25;23;36mW[38;2;27;26;47mMMMM[38;2;25;23;36mW[38;2;27;26;47mMM[38;2;17;17;30m8[38;2;27;26;47mMM [38;2;3;3;5m$                    [0m
               [38;2;16;15;28m8[38;2;27;26;47mMMMMMMMMMMMMMMMMMM[38;2;16;15;28m8   [38;2;25;23;36mW[38;2;27;26;47mMMMMM[38;2;17;17;30m8[38;2;27;26;47mMMMMMMMM[38;2;24;23;42mW[38;2;27;26;47mMM[38;2;27;26;48mM[38;2;27;26;47mM[38;2;16;15;28m8[38;2;3;3;5m$                    [0m
              [38;2;16;15;28m8[38;2;27;26;48mM[38;2;27;26;47mMMMMMMM[38;2;25;23;36mW[38;2;27;26;47mMMMM[38;2;25;23;36mW[38;2;27;26;47mMM[38;2;17;17;30m8[38;2;27;26;47mM      [38;2;3;3;5m$[38;2;27;26;47mMMMMMMMMMMMMMMMMMMM                     [0m
              [38;2;27;26;48mM[38;2;27;26;47mMMMMMMMM[38;2;17;17;30m8[38;2;27;26;47mMMMMMM[38;2;25;23;36mW[38;2;27;26;47mM        [38;2;17;17;30m8[38;2;27;26;47mMMMMMMMM[38;2;17;17;30m8[38;2;27;26;47mMMMMMM[38;2;25;23;36mW[38;2;27;26;47mMM                     [0m
             [38;2;7;8;13mB[38;2;27;26;47mM[38;2;24;23;42mW[38;2;27;26;47mM[38;2;17;17;30m8[38;2;27;26;47mMMMMMM[38;2;25;23;36mW[38;2;27;26;47mMMMM[38;2;27;26;48mM[38;2;6;6;11m@          [38;2;16;15;28m8[38;2;27;26;47mM[38;2;17;17;30m8[38;2;27;26;47mMMMMMM[38;2;25;23;36mW[38;2;27;26;47mMMMM[38;2;27;26;48mM[38;2;27;26;47mMM[38;2;17;17;30m8                     [0m
             [38;2;27;26;48mM[38;2;17;17;30m8[38;2;27;26;47mMMMMMMMM[38;2;24;23;42mW[38;2;27;26;47mMM[38;2;27;26;48mM[38;2;27;26;47mMM[38;2;6;6;11m@            [38;2;17;17;30m88[38;2;27;26;47mMMMMMM[38;2;25;23;36mW[38;2;27;26;47mMMMM[38;2;27;26;48mM[38;2;27;26;47mMM[38;2;17;17;30m8                     [0m
            [38;2;24;23;42mW[38;2;27;26;47mMMMMMM[38;2;27;26;48mM[38;2;27;26;47mMM[38;2;24;23;42mW[38;2;27;26;47mMMMMM               [38;2;3;3;5m$[38;2;27;26;47mMMMMMM[38;2;27;26;48mM[38;2;27;26;47mMMMMMM[38;2;25;23;36mW[38;2;27;26;47mM[38;2;16;15;28m8                    [0m
           [38;2;24;23;42mW[38;2;27;26;47mMMMMMMM[38;2;27;26;48mM[38;2;27;26;47mMM[38;2;24;23;42mW[38;2;27;26;47mMMMMM                [38;2;25;23;36mW[38;2;27;26;48mM[38;2;27;26;47mMMMMMMMMM[38;2;25;23;36mW[38;2;24;23;42mW[38;2;27;26;47mMMM                    [0m
          [38;2;17;17;30m8[38;2;27;26;48mM[38;2;27;26;47mMMMMMMM[38;2;25;23;36mW[38;2;27;26;47mMMMM[38;2;25;23;36mW[38;2;27;26;47mMM                  [38;2;16;15;28m8[38;2;17;17;30m8[38;2;27;26;47mMMMMMMMM[38;2;24;23;42mW[38;2;27;26;47mMM[38;2;27;26;48mM[38;2;27;26;47mM                    [0m
          [38;2;27;26;48mM[38;2;27;26;47mMMMMMMMMMMMMMMM                    MMMMMM[38;2;27;26;48mM[38;2;27;26;47mMMMMMM[38;2;25;23;36mW                    [0m
          [38;2;27;26;48mM[38;2;27;26;47mMMM[38;2;17;17;30m8[38;2;27;26;47mMMMMMMMM[38;2;24;23;42mW[38;2;16;15;28m8                      [38;2;25;23;36mW[38;2;27;26;47mMMMMMMM[38;2;25;23;36mW[38;2;27;26;47mMMMM[38;2;3;3;5m$                   [0m
          [38;2;27;26;47mMMMMMM[38;2;17;17;30m8[38;2;27;26;47mMM[38;2;17;17;30m8[38;2;27;26;47mMMMM                        [38;2;27;26;48mM[38;2;27;26;47mM[38;2;17;17;30m8[38;2;27;26;47mMMMMMMMM[38;2;24;23;42mW[38;2;27;26;47mM[38;2;3;3;5m$                  [0m
          [38;2;16;15;28m8[38;2;27;26;48mM[38;2;17;17;30m8[38;2;27;26;47mMMMMMMMM[38;2;24;23;42mW[38;2;16;15;28m8                         [38;2;17;17;30m8[38;2;27;26;47mMM[38;2;17;17;30m8[38;2;27;26;47mMMMMMM[38;2;25;23;36mW[38;2;27;26;47mMM[38;2;16;15;28m8                  [0m
          [38;2;16;15;28m8[38;2;27;26;48mM[38;2;27;26;47mM[38;2;17;17;30m8[38;2;27;26;47mMMMMMM[38;2;25;23;36mW[38;2;27;26;47mM[38;2;3;3;5m$                         $[38;2;27;26;48mM[38;2;17;17;30m8[38;2;27;26;47mMMMMMMMM[38;2;24;23;42mW[38;2;27;26;47mMM                  [0m
          [38;2;24;23;42mW[38;2;27;26;48mM[38;2;27;26;47mMMMMMMMMMM                          [38;2;7;8;13mB[38;2;27;26;48mM[38;2;27;26;47mM[38;2;17;17;30m8[38;2;27;26;47mMMMMMM[38;2;25;23;36mW[38;2;27;26;47mMMM                  [0m
          [38;2;24;23;42mW[38;2;27;26;48mM[38;2;27;26;47mMMMMMMMMMM                          [38;2;8;7;13m@[38;2;27;26;48mM[38;2;27;26;47mMMMMMM[38;2;27;26;48mM[38;2;27;26;47mMMMMM[38;2;6;6;11m@                 [0m
          [38;2;24;23;42mW[38;2;27;26;47mM[38;2;17;17;30m8[38;2;27;26;47mMMMMMMMM[38;2;24;23;42mW                          [38;2;3;3;5m$[38;2;27;26;47mMMMMMM[38;2;17;17;30m8[38;2;27;26;47mMMMMMM[38;2;3;3;5m$                 [0m
          [38;2;24;23;42mW[38;2;27;26;47mMMMMMMMM[38;2;25;23;36mW[38;2;27;26;47mMM                           [38;2;24;23;42mW[38;2;27;26;47mMMMMMM[38;2;27;26;48mM[38;2;27;26;47mMMMMM[38;2;3;3;5m$                 [0m
          [38;2;27;26;48mM[38;2;27;26;47mMMMMMMMMMMM                           [38;2;24;23;42mW[38;2;27;26;47mM[38;2;17;17;30m8[38;2;27;26;47mMMMMMM[38;2;25;23;36mW[38;2;27;26;47mMMM[38;2;3;3;5m$                 [0m
