                                                                                [0m
                                                                                [0m
                                                                                [0m
                                                                                [0m
                             [38;2;136;116;108mc                                                  [0m
                            [38;2;226;186;169m-[38;2;200;169;154m}[38;2;212;195;179m_[38;2;204;187;171m?[38;2;233;216;195mi                                               [0m
                          [38;2;247;227;208mI[38;2;255;236;216m:[38;2;139;100;91mY[38;2;170;121;110mn[38;2;125;90;83mC[38;2;208;149;136m([38;2;230;211;193m>[38;2;185;169;154m1[38;2;156;146;134mf     [38;2;172;158;147m|[38;2;178;162;148m([38;2;251;229;210m;[38;2;255;233;213m:[38;2;243;221;202ml[38;2;254;242;214m,[38;2;239;219;201m![38;2;75;69;66mw                                [0m
                         [38;2;156;146;134mf[38;2;247;227;208mI[38;2;255;233;213m:[38;2;255;236;216m:[38;2;255;233;213m:[38;2;185;169;154m1[38;2;167;154;140m/[38;2;255;236;216m:[38;2;255;233;213m:      [38;2;204;187;171m?[38;2;187;133;122mf[38;2;99;75;71mZ[38;2;178;127;116mr[38;2;208;149;136m([38;2;246;218;199m![38;2;255;236;216m:[38;2;255;233;213m:[38;2;255;236;216m:[38;2;106;100;91mC                              [0m
                        [38;2;24;23;37mW[38;2;180;135;123mf[38;2;210;175;160m][38;2;255;236;216m:[38;2;243;221;202ml[38;2;254;242;214m,[38;2;255;233;213m::[38;2;121;118;102mz       [38;2;212;195;179m_[38;2;114;82;75mQ[38;2;178;127;116mr[38;2;145;104;95mX[38;2;254;242;214m,,[38;2;247;227;208mI[38;2;255;233;213m:[38;2;3;3;5m$[38;2;27;26;48mMM[38;2;27;26;47mMM[38;2;12;11;20m%                          [0m
                       [38;2;24;23;37mW[38;2;27;26;48mM[38;2;27;26;47mM[38;2;17;17;30m8[38;2;27;26;47mM[38;2;16;15;28m8          [38;2;146;104;95mX[38;2;204;146;133m|[38;2;207;150;137m([38;2;208;149;136m(((([38;2;200;143;130m/[38;2;29;26;36mM[38;2;24;23;42mW[38;2;27;26;48mMM[38;2;27;26;47mM[38;2;17;17;30m8[38;2;27;26;47mMMM                        [0m
                      [38;2;27;26;48mM[38;2;24;23;42mW[38;2;27;26;47mMM[38;2;27;26;48mM[38;2;27;26;47mM                    [38;2;24;23;42mW[38;2;27;26;48mM[38;2;27;26;47mM[38;2;17;17;30m8[38;2;27;26;47mMMMMMMM                     [0m
                     [38;2;27;26;47mMMMM[38;2;27;26;48mMM[38;2;27;26;47mM                   [38;2;156;149;162mt[38;2;232;222;242mll[38;2;75;69;66mw[38;2;36;34;37m#[38;2;27;26;47mMMMMMM[38;2;27;26;48mM[38;2;33;29;39m#[38;2;27;26;47mMM                  [0m
                    [38;2;27;26;47mM[38;2;27;26;48mM[38;2;27;26;47mM[38;2;17;17;30m8[38;2;27;26;47mMMM             [38;2;114;107;116mY[38;2;232;222;242mll[38;2;228;218;238m![38;2;216;207;226m<[38;2;232;222;242ml[38;2;228;218;238m![38;2;232;222;242mll[38;2;228;218;238m![38;2;232;222;242ml[38;2;216;207;226m<[38;2;180;172;187m}[38;2;12;11;20m%[38;2;27;26;48mM[38;2;27;26;47mM[38;2;17;17;30m8[38;2;27;26;47mMM[38;2;27;26;48mM[38;2;27;26;47mMMMM                [0m
                   [38;2;29;26;36mM[38;2;24;23;42mW[38;2;27;26;48mM[38;2;27;26;47mMMM[38;2;27;26;48mM[38;2;27;26;47mM              [38;2;232;222;242mll[38;2;228;218;238m![38;2;232;222;242ml[38;2;177;168;183m1[38;2;224;215;234mi[38;2;232;222;242ml[38;2;228;218;238m!!!![38;2;232;222;242mll[38;2;162;152;164m/[38;2;36;34;37m#[38;2;27;26;47mMMMMM[38;2;27;26;48mM[38;2;27;26;47mM[38;2;17;17;30m8[38;2;27;26;47mMM              [0m
                  [38;2;17;17;30m8[38;2;27;26;47mMM[38;2;27;26;48mM[38;2;27;26;47mM[38;2;17;17;30m8[38;2;27;26;47mMM             [38;2;203;194;212m_[38;2;172;164;179m)[38;2;177;168;183m1[38;2;232;222;242ml[38;2;216;207;226m<[38;2;232;222;242ml[38;2;208;199;217m+[38;2;156;146;134mf[38;2;232;222;242ml[38;2;228;218;238m![38;2;232;222;242ml[38;2;228;218;238m!!!![38;2;232;222;242mll[38;2;88;85;105m0[38;2;36;34;37m#[38;2;27;26;47mMMMMMMMMMM            [0m
                 [38;2;3;3;5m$[38;2;27;26;47mMMMMMMMM          [38;2;9;8;14mB[38;2;3;3;5m$ [38;2;232;222;242ml[38;2;88;85;105m0[38;2;43;41;51mo[38;2;144;124;129mu[38;2;145;117;113mv[38;2;87;83;87mO[38;2;38;37;67mo[38;2;104;99;108mJ[38;2;180;172;187m}[38;2;139;131;141mn[38;2;228;218;238m![38;2;203;194;212m_[38;2;228;218;238m!![38;2;232;222;242mll[38;2;228;218;238m!!![38;2;87;83;87mO[38;2;38;36;56m*[38;2;27;26;47mMM[38;2;27;26;48mM[38;2;27;26;47mM[38;2;17;17;30m8[38;2;27;26;47mMM[38;2;27;26;48mM            [0m
                 [38;2;27;26;48mM[38;2;27;26;47mMMMMMM[38;2;27;26;48mM             [38;2;180;172;187m}[38;2;168;160;175m([38;2;208;149;136m([38;2;255;236;216m:[38;2;251;229;210m;[38;2;226;212;190m>[38;2;27;26;47mMM[38;2;3;3;5m$[38;2;218;200;183m+[38;2;172;158;147m|[38;2;106;100;91mC[38;2;196;187;204m?[38;2;224;215;234mi[38;2;228;218;238m!!!![38;2;232;222;242ml[38;2;228;218;238m!![38;2;172;164;179m)[38;2;27;26;48mM[38;2;27;26;47mM[38;2;27;26;48mM[38;2;27;26;47mM[38;2;17;17;30m8[38;2;27;26;47mMM[38;2;27;26;48mM[38;2;27;26;47mM           [0m
                [38;2;24;23;42mW[38;2;27;26;47mMM[38;2;27;26;48mM[38;2;27;26;47mM[38;2;17;17;30m8[38;2;27;26;47mMMM              [38;2;6;6;11m@[38;2;251;229;210m;[38;2;255;233;213m::[38;2;255;236;216m:[38;2;255;233;213m:[38;2;255;236;216m:[38;2;254;242;214m,[38;2;233;216;195mi[38;2;162;152;164m/[38;2;172;164;179m)[38;2;228;218;238m![38;2;232;222;242ml[38;2;187;179;195m][38;2;196;187;204m?[38;2;232;222;242ml[38;2;228;218;238m!![38;2;232;222;242ml[38;2;228;218;238m![38;2;131;125;138mu[38;2;27;26;47mMMMMM[38;2;27;26;48mMM[38;2;27;26;47mMM[38;2;3;3;5m$          [0m
                [38;2;27;26;48mM[38;2;27;26;47mMMM[38;2;27;26;48mM[38;2;27;26;47mM[38;2;17;17;30m8[38;2;27;26;47mMM[38;2;27;26;48mM[38;2;16;15;28m8             [38;2;243;221;202ml[38;2;255;233;213m:[38;2;254;242;214m,[38;2;255;236;216m:[38;2;255;233;213m:[38;2;251;229;210m;[38;2;255;233;213m:[38;2;245;225;205mI[38;2;247;227;208mI[38;2;255;233;213m:[38;2;212;195;179m_[38;2;151;136;134mr[38;2;145;117;113mv[38;2;170;121;110mn[38;2;164;157;171m|[38;2;162;152;164m/[38;2;228;218;238m!![38;2;196;187;204m?[38;2;24;23;42mW[38;2;27;26;47mMMMMM[38;2;27;26;48mMM[38;2;27;26;47mMM           [0m
                 [38;2;27;26;48mM[38;2;27;26;47mMMMMMMMMMM[38;2;12;11;20m%           [38;2;255;236;216m::[38;2;255;233;213m:[38;2;255;236;216m:[38;2;254;242;214m,[38;2;255;233;213m:[38;2;254;242;214m,[38;2;255;236;216m:[38;2;255;233;213m:[38;2;255;236;216m:[38;2;178;162;148m([38;2;204;187;171m?[38;2;151;136;134mr[38;2;219;210;229m>[38;2;232;222;242ml[38;2;216;207;226m<[38;2;232;222;242ml [38;2;211;202;221m~[38;2;3;3;5m$[38;2;27;26;47mMMMMMMMM[38;2;6;6;11m@           [0m
                  [38;2;16;15;28m8[38;2;27;26;48mM[38;2;27;26;47mM[38;2;17;17;30m8[38;2;27;26;47mMMMM[38;2;24;23;37mW[38;2;27;26;47mM[38;2;24;23;42mW[38;2;27;26;47mM[38;2;27;26;48mM     M[38;2;24;23;42mW[38;2;3;3;5m$ [38;2;218;200;183m+[38;2;255;236;216m:[38;2;255;233;213m::[38;2;243;212;194mii[38;2;194;139;126mt[38;2;145;104;95mX[38;2;208;149;136m([38;2;204;146;133m|[38;2;187;133;122mf[38;2;188;180;196m][38;2;228;218;238m![38;2;123;117;129mc[38;2;196;187;204m? [38;2;156;149;162mt [38;2;24;23;37mW[38;2;27;26;48mM[38;2;27;26;47mMMMM[38;2;33;29;39m#[38;2;27;26;47mMM[38;2;24;23;37mW            [0m
                    [38;2;27;26;47mM[38;2;27;26;48mM[38;2;27;26;47mM[38;2;17;17;30m8[38;2;27;26;47mMMMM[38;2;24;23;37mW[38;2;27;26;47mM[38;2;24;23;42mW[38;2;27;26;47mM[38;2;24;23;42mW[38;2;27;26;48mM[38;2;24;23;42mW[38;2;27;26;47mMM[38;2;27;26;48mM[38;2;27;26;47mM[38;2;17;17;30m8[38;2;27;26;47mMMMMM[38;2;27;26;48mM[38;2;187;133;122mf[38;2;17;17;30m8[38;2;27;26;47mMMMM[38;2;27;26;48mM[38;2;16;15;28m8[38;2;104;99;108mJ [38;2;36;34;37m#[38;2;9;8;14mB[38;2;27;26;47mMMMM[38;2;33;29;39m#[38;2;27;26;47mMM[38;2;24;23;37mW[38;2;27;26;48mM[38;2;24;23;42mW            [0m
                      [38;2;27;26;48mM[38;2;24;23;42mW[38;2;27;26;47mMMMMMMMMMMM[38;2;27;26;48mMM[38;2;27;26;47mMM[38;2;24;23;42mW[38;2;27;26;48mMM[38;2;27;26;47mMMMM[38;2;27;26;48mM[38;2;27;26;47mMMMMMM[38;2;16;15;28m8[38;2;27;26;47mMMMM[38;2;27;26;48mM[38;2;33;29;39m#[38;2;27;26;47mMM[38;2;24;23;42mW[38;2;27;26;48mMM[38;2;27;26;47mMMM            [0m
                        [38;2;27;26;48mM[38;2;27;26;47mM[38;2;17;17;30m8[38;2;27;26;47mMM[38;2;27;26;48mM[38;2;27;26;47mMMM[38;2;27;26;48mM[38;2;27;26;47mMM[38;2;24;23;37mW[38;2;27;26;47mMMMMM[38;2;27;26;48mMM[38;2;27;26;47mM[38;2;17;17;30m8[38;2;27;26;47mMMMM[38;2;24;23;37mW[38;2;27;26;47mM[38;2;24;23;42mW[38;2;27;26;47mM[38;2;24;23;42mW[38;2;24;23;37mW[38;2;27;26;47mMMMM[38;2;24;23;42mW[38;2;27;26;48mM[38;2;27;26;47mMMMMM             [0m
                          [38;2;27;26;47mMMMM[38;2;24;23;42mW[38;2;27;26;48mM[38;2;27;26;47mMMMMMMM[38;2;17;17;30m8[38;2;27;26;48mMM[38;2;27;26;47mM[38;2;17;17;30m8[38;2;27;26;47mMMMM[38;2;24;23;37mW[38;2;27;26;47mM[38;2;24;23;42mW[38;2;27;26;47mM[38;2;24;23;42mW[38;2;24;23;37mW[38;2;27;26;47mMMMMM[38;2;17;17;30m8[38;2;27;26;47mMMMM[38;2;27;26;48mM[38;2;27;26;47mM              [0m
                            [38;2;24;23;37mW[38;2;27;26;47mM[38;2;27;26;48mM[38;2;24;23;37mW[38;2;27;26;47mM[38;2;27;26;48mM[38;2;27;26;47mM[38;2;27;26;48mMM[38;2;27;26;47mM[38;2;17;17;30m8[38;2;27;26;47mMM[38;2;27;26;48mM[38;2;27;26;47mMMM[38;2;27;26;48mM[38;2;27;26;47mMM[38;2;24;23;37mW[38;2;27;26;47mMMMM[38;2;27;26;48mMM[38;2;27;26;47mMMMM[38;2;27;26;48mM[38;2;27;26;47mM[38;2;27;26;48mMM[38;2;27;26;47mM[38;2;17;17;30m8[38;2;27;26;47mM              [0m
                               [38;2;24;23;42mW[38;2;17;17;30m8[38;2;27;26;47mMMMMM[38;2;33;29;39m#[38;2;27;26;47mMM[38;2;24;23;37mW[38;2;27;26;48mM[38;2;24;23;42mW[38;2;27;26;47mM[38;2;24;23;42mW[38;2;27;26;47mMM[38;2;27;26;48mM[38;2;27;26;47mM[38;2;27;26;48mM[38;2;27;26;47mM[38;2;170;145;36mr[38;2;36;34;37m#[38;2;27;26;48mM[38;2;27;26;47mM[38;2;17;17;30m8[38;2;27;26;47mMM[38;2;27;26;48mM[38;2;27;26;47mMMM[38;2;27;26;48mM[38;2;16;15;28m8               [0m
                                [38;2;27;26;48mMM[38;2;27;26;47mM[38;2;17;17;30m8[38;2;27;26;47mMMMM[38;2;24;23;37mW[38;2;27;26;47mM[38;2;24;23;42mW[38;2;27;26;47mM[38;2;24;23;42mW[38;2;24;23;37mW[38;2;27;26;47mMMMMMM[38;2;27;26;48mM[38;2;24;23;42mW[38;2;24;23;37mW[38;2;27;26;48mM[38;2;27;26;47mM[38;2;17;17;30m8[38;2;27;26;47mMMMM[38;2;24;23;37mW[38;2;27;26;47mM                [0m
                                [38;2;27;26;47mMMMM[38;2;27;26;48mM[38;2;33;29;39m#[38;2;27;26;47mMM[38;2;24;23;42mW[38;2;27;26;48mMM[38;2;27;26;47mMMMM[38;2;27;26;48mM[38;2;27;26;47mM[38;2;27;26;48mM[38;2;27;26;47mMM[38;2;24;23;37mW[38;2;27;26;48mM[38;2;16;15;28m8[38;2;27;26;48mMM[38;2;27;26;47mMMMMM[38;2;16;15;28m8                 [0m
                                [38;2;27;26;48mM[38;2;27;26;47mMMMMMMMMM[38;2;24;23;42mW[38;2;27;26;47mMMMMM[38;2;27;26;48mM[38;2;33;29;39m#[38;2;27;26;47mMM[38;2;24;23;42mW[38;2;27;26;48mMM[38;2;27;26;47mMMMM[38;2;27;26;48mM[38;2;27;26;47mM[38;2;27;26;48mM                  [0m
                               [38;2;3;3;5m$[38;2;27;26;47mMMMMMM[38;2;27;26;48mM[38;2;27;26;47mM[38;2;17;17;30m8[38;2;27;26;47mMM[38;2;27;26;48mM[38;2;27;26;47mMMM[38;2;27;26;48mM[38;2;27;26;47mMM[38;2;24;23;37mW[38;2;27;26;47mMMM[38;2;24;23;42mW[38;2;27;26;47mMMM[38;2;17;17;30m8[38;2;27;26;47mMM                   [0m
                               [38;2;17;17;30m8[38;2;27;26;47mMMMM[38;2;27;26;48mM[38;2;27;26;47mM[38;2;27;26;48mM[38;2;27;26;47mMM[38;2;27;26;48mM[38;2;27;26;47mM[38;2;17;17;30m8[38;2;27;26;47mMMMM[38;2;24;23;37mW[38;2;27;26;47mM[38;2;24;23;42mW[38;2;27;26;47mM[38;2;24;23;42mW[38;2;24;23;37mW[38;2;27;26;47mMMMMMM                    [0m
                               [38;2;24;23;42mW[38;2;27;26;47mMMMM[38;2;33;29;39m#[38;2;27;26;47mMM[38;2;24;23;37mW[38;2;27;26;48mM[38;2;24;23;42mW[38;2;27;26;47mM[38;2;24;23;42mW[38;2;27;26;47mMM[38;2;27;26;48mM[38;2;27;26;47mM[38;2;27;26;48mM[38;2;27;26;47mMM[38;2;27;26;48mMM[38;2;27;26;47mMMMMM[38;2;27;26;48mM                     [0m
                               [38;2;27;26;48mM[38;2;27;26;47mMMMMMMMMMMMM[38;2;27;26;48mM[38;2;27;26;47mM[38;2;17;17;30m8[38;2;27;26;47mMM[38;2;27;26;48mM[38;2;27;26;47mMMM[38;2;27;26;48mM[38;2;27;26;47mMM[38;2;24;23;37mW[38;2;27;26;47mM[38;2;12;11;20m%                     [0m
                              [38;2;24;23;42mW[38;2;27;26;47mMMMMMMMM[38;2;27;26;48mMM[38;2;27;26;47mMM[38;2;24;23;42mW[38;2;27;26;48mMM[38;2;27;26;47mMMMMMM[38;2;27;26;48mM[38;2;27;26;47mMM[38;2;24;23;37mWW[38;2;27;26;47mM                      [0m
                             [38;2;17;17;30m8[38;2;27;26;47mMMMM[38;2;33;29;39m#[38;2;27;26;47mMM[38;2;24;23;37mW[38;2;27;26;48mM[38;2;24;23;42mW[38;2;27;26;47mM[38;2;24;23;42mW[38;2;27;26;47mMM[38;2;27;26;48mM[38;2;27;26;47mM[38;2;27;26;48mM[38;2;27;26;47mMM[38;2;27;26;48mMM[38;2;27;26;47mMMMMMMM                      [0m
                            [38;2;16;15;28m8[38;2;27;26;47mM[38;2;27;26;48mM[38;2;27;26;47mM[38;2;17;17;30m8[38;2;27;26;47mMM[38;2;27;26;48mM[38;2;27;26;47mMMM[38;2;27;26;48mM[38;2;27;26;47mMM[38;2;24;23;37mW[38;2;27;26;47mMMMM[38;2;27;26;48mM[38;2;27;26;47mMM[38;2;24;23;37mWW[38;2;27;26;47mM[38;2;16;15;28m8[38;2;27;26;47mMMM[38;2;27;26;48mM                      [0m
                            [38;2;27;26;47mMMMM[38;2;27;26;48mM[38;2;33;29;39m#[38;2;27;26;47mMM[38;2;24;23;42mW[38;2;27;26;48mMM[38;2;27;26;47mMMMM[38;2;27;26;48mM[38;2;27;26;47mM[38;2;27;26;48mM[38;2;27;26;47mMM[38;2;24;23;37mW[38;2;27;26;48mM[38;2;27;26;47mMMMMMMM[38;2;12;11;20m%                      [0m
                          [38;2;3;3;5m$[38;2;27;26;48mM[38;2;27;26;47mMMMMMMMM[38;2;27;26;48mM[38;2;27;26;47mMMMM[38;2;27;26;48mMM[38;2;27;26;47mMM[38;2;24;23;42mW[38;2;27;26;48mMM[38;2;27;26;47mMMMMMM[38;2;27;26;48mM[38;2;27;26;47mMM[38;2;9;8;14mB                      [0m
                          [38;2;27;26;48mM[38;2;24;23;42mW[38;2;27;26;47mMMMMMMMMM[38;2;27;26;48mM[38;2;27;26;47mMMMMMM[38;2;27;26;48mM[38;2;33;29;39m#[38;2;27;26;47mMM[38;2;24;23;42mW[38;2;27;26;48mMM[38;2;27;26;47mM[38;2;27;26;48mM[38;2;27;26;47mM[38;2;17;17;30m8[38;2;27;26;47mMM[38;2;3;3;5m$                      [0m
                        [38;2;3;3;5m$[38;2;27;26;48mM[38;2;27;26;47mMMMMMMMM[38;2;27;26;48mM[38;2;27;26;47mMM[38;2;27;26;48mM[38;2;27;26;47mM[38;2;17;17;30m8[38;2;27;26;47mMMMM[38;2;24;23;37mW[38;2;27;26;47mM[38;2;24;23;42mW[38;2;27;26;47mM[38;2;24;23;42mW[38;2;24;23;37mW[38;2;27;26;47mM[38;2;12;11;20m%[38;2;27;26;48mM[38;2;27;26;47mM[38;2;17;17;30m8[38;2;27;26;47mMM[38;2;3;3;5m$                      [0m
                        [38;2;24;23;37mWW[38;2;27;26;47mMM[38;2;27;26;48mM[38;2;27;26;47mMMMMMMMMM[38;2;24;23;42mW[38;2;27;26;47mMMMMMMM[38;2;27;26;48mM[38;2;33;29;39m#[38;2;27;26;47mMM[38;2;24;23;42mW[38;2;27;26;48mMM[38;2;27;26;47mMMMM[38;2;16;15;28m8                      [0m
                          [38;2;27;26;47mM[38;2;27;26;48mM[38;2;27;26;47mM[38;2;17;17;30m8[38;2;27;26;47mMM[38;2;6;6;11m@[38;2;16;15;28m8[38;2;27;26;47mM[38;2;27;26;48mMM[38;2;24;23;42mW[38;2;27;26;47mMMMMMMMMM[38;2;27;26;48mM[38;2;27;26;47mMMMMMMMM[38;2;27;26;48mM[38;2;6;6;11m@                      [0m
                         [38;2;16;15;28m8[38;2;27;26;47mM[38;2;27;26;48mM[38;2;27;26;47mM[38;2;17;17;30m8[38;2;27;26;47mMMMM[38;2;24;23;37mW[38;2;27;26;47mM[38;2;24;23;42mW[38;2;27;26;47mM[38;2;24;23;42mW[38;2;24;23;37mW[38;2;27;26;47mMMMMMM[38;2;27;26;48mM[38;2;24;23;37mW[38;2;27;26;47mMMMMMMM[38;2;9;8;14mB                        [0m
                        [38;2;17;17;30m8[38;2;27;26;47mMMMM[38;2;27;26;48mMM[38;2;27;26;47mMM[38;2;24;23;42mW[38;2;27;26;48mMM[38;2;27;26;47mMMMMMM[38;2;27;26;48mM[38;2;27;26;47mMM[38;2;24;23;37mWW[38;2;27;26;47mMMM[38;2;27;26;48mM[38;2;27;26;47mMMMM[38;2;12;11;20m%                        [0m
                       [38;2;17;17;30m8[38;2;27;26;47mMMMM[38;2;27;26;48mM[38;2;33;29;39m#[38;2;27;26;47mMM[38;2;24;23;42mW[38;2;27;26;48mMM[38;2;27;26;47mMMMM[38;2;27;26;48mM[38;2;27;26;47mM[38;2;27;26;48mM[38;2;27;26;47mMM[38;2;24;23;37mW[38;2;27;26;48mM[38;2;27;26;47mMMMMM[38;2;27;26;48mM[38;2;27;26;47mMMM[38;2;9;8;14mB                        [0m
                      [38;2;12;11;20m%[38;2;24;23;37mW[38;2;27;26;47mMMMM[38;2;27;26;48mM[38;2;33;29;39m#[38;2;27;26;47mMM[38;2;24;23;42mW[38;2;27;26;48mMM[38;2;27;26;47mMMMM[38;2;16;15;28m8[38;2;24;23;37mW[38;2;27;26;47mM[38;2;27;26;48mM[38;2;27;26;47mM[38;2;27;26;48mM[38;2;27;26;47mMMMMMMMM[38;2;27;26;48mMM[38;2;27;26;47mM                        [0m
                     [38;2;6;6;11m@[38;2;27;26;47mMMMM[38;2;27;26;48mM[38;2;33;29;39m#[38;2;27;26;47mMM[38;2;24;23;42mW[38;2;27;26;48mMM[38;2;27;26;47mMMMM[38;2;27;26;48mM[38;2;27;26;47mM[38;2;27;26;48mM[38;2;27;26;47mMM[38;2;24;23;37mW[38;2;27;26;48mM[38;2;27;26;47mMMMMM[38;2;27;26;48mM[38;2;27;26;47mMMMMMM                        [0m
                    [38;2;16;15;28m8[38;2;27;26;48mM[38;2;27;26;47mMMMMMMM[38;2;27;26;48mM[38;2;12;11;20m%[38;2;27;26;47mMMMMM[38;2;33;29;39m#[38;2;27;26;47mMM[38;2;24;23;37mW[38;2;27;26;48mM[38;2;24;23;42mW[38;2;27;26;47mM[38;2;24;23;42mW[38;2;27;26;47mMM[38;2;27;26;48mM[38;2;27;26;47mM[38;2;27;26;48mM[38;2;27;26;47mMM[38;2;27;26;48mMM[38;2;27;26;47mMMM[38;2;3;3;5m$                       [0m
                    [38;2;27;26;47mM[38;2;27;26;48mM[38;2;27;26;47mM[38;2;17;17;30m8[38;2;27;26;47mMMMM[38;2;24;23;37mW[38;2;27;26;47mM[38;2;24;23;42mW[38;2;27;26;47mM[38;2;24;23;42mW[38;2;24;23;37mW[38;2;27;26;47mMMMMMM[38;2;27;26;48mM[38;2;24;23;37mW[38;2;27;26;47mMMMMMMMMMMMMMM[38;2;9;8;14mB[38;2;3;3;5m$                      [0m
                   [38;2;24;23;42mW[38;2;27;26;48mM[38;2;27;26;47mM[38;2;17;17;30m8[38;2;27;26;47mMM[38;2;27;26;48mM[38;2;27;26;47mMMM[38;2;27;26;48mM[38;2;17;17;30m8[38;2;24;23;37mW[38;2;27;26;47mM[38;2;27;26;48mM[38;2;27;26;47mM[38;2;27;26;48mM[38;2;27;26;47mMMMMM[38;2;27;26;48mM[38;2;27;26;47mM[38;2;17;17;30m8[38;2;27;26;47mMMMM[38;2;24;23;37mW[38;2;27;26;47mM[38;2;24;23;42mW[38;2;27;26;47mM[38;2;24;23;42mW[38;2;24;23;37mW[38;2;27;26;47mMM[38;2;16;15;28m8 [38;2;3;3;5m$                     [0m
                  [38;2;24;23;42mW[38;2;27;26;47mMMM[38;2;17;17;30m8[38;2;27;26;47mMMMMMM[38;2;27;26;48mM[38;2;27;26;47mM[38;2;17;17;30m8[38;2;27;26;47mMMMM[38;2;24;23;37mW[38;2;24;23;42mW[38;2;27;26;47mMMMMM[38;2;27;26;48mM[38;2;27;26;47mM[38;2;17;17;30m8[38;2;27;26;47mMMMM[38;2;24;23;37mW[38;2;27;26;47mM[38;2;24;23;42mW[38;2;27;26;47mM[38;2;24;23;42mW[38;2;24;23;37mW[38;2;27;26;47mM                       [0m
                  [38;2;27;26;47mMMM[38;2;27;26;48mM[38;2;27;26;47mMMMMMM[38;2;33;29;39m#[38;2;27;26;47mMM[38;2;24;23;37mW[38;2;27;26;48mM[38;2;24;23;42mW[38;2;27;26;47mM[38;2;24;23;42mW  [38;2;24;23;37mW[38;2;27;26;48mMM[38;2;27;26;47mMMMMMMM[38;2;17;17;30m8[38;2;24;23;42mW[38;2;27;26;47mMMMM[38;2;27;26;48mMM[38;2;27;26;47mM                       [0m
                [38;2;17;17;30m8[38;2;27;26;47mM[38;2;27;26;48mM[38;2;27;26;47mM[38;2;17;17;30m8[38;2;27;26;47mMM[38;2;27;26;48mM[38;2;27;26;47mMMM[38;2;27;26;48mM[38;2;27;26;47mMM[38;2;24;23;37mW[38;2;27;26;47mMMM[38;2;6;6;11m@     [38;2;16;15;28m8[38;2;27;26;48mM[38;2;27;26;47mM[38;2;17;17;30m8[38;2;27;26;47mMMMM[38;2;24;23;37mW[38;2;27;26;47mM[38;2;24;23;42mW[38;2;27;26;47mM[38;2;24;23;42mW[38;2;24;23;37mW[38;2;27;26;47mMMMM                      [0m
                [38;2;27;26;47mMMMMM[38;2;27;26;48mMM[38;2;27;26;47mMM[38;2;24;23;42mW[38;2;27;26;48mMM[38;2;27;26;47mMMMMM[38;2;17;17;30m8       [38;2;16;15;28m8[38;2;27;26;47mM[38;2;27;26;48mM[38;2;27;26;47mM[38;2;17;17;30m8[38;2;27;26;47mMMMM[38;2;24;23;37mW[38;2;27;26;47mM[38;2;24;23;42mW[38;2;27;26;47mM[38;2;24;23;42mW[38;2;24;23;37mW[38;2;27;26;47mMM                      [0m
               [38;2;16;15;28m8[38;2;27;26;47mMMMM[38;2;33;29;39m#[38;2;27;26;47mMM[38;2;24;23;37mW[38;2;27;26;48mM[38;2;24;23;42mW[38;2;27;26;47mM[38;2;24;23;42mW[38;2;27;26;47mMM[38;2;27;26;48mM[38;2;27;26;47mM          [38;2;17;17;30m8[38;2;27;26;47mMMMM[38;2;27;26;48mMM[38;2;27;26;47mMM[38;2;24;23;42mW[38;2;27;26;48mMM[38;2;27;26;47mMMMM[38;2;16;15;28m8                     [0m
              [38;2;3;3;5m$[38;2;27;26;48mM[38;2;27;26;47mMMMMMMMMMMMMMMM[38;2;6;6;11m@           [38;2;16;15;28m8[38;2;24;23;37mW[38;2;27;26;47mM[38;2;27;26;48mM[38;2;27;26;47mM[38;2;17;17;30m8[38;2;27;26;47mMM[38;2;27;26;48mM[38;2;27;26;47mMMM[38;2;27;26;48mM[38;2;27;26;47mMM[38;2;24;23;37mW                     [0m
              [38;2;27;26;48mM[38;2;27;26;47mM[38;2;27;26;48mM[38;2;27;26;47mM[38;2;17;17;30m8[38;2;27;26;47mMM[38;2;27;26;48mM[38;2;27;26;47mMMM[38;2;27;26;48mM[38;2;27;26;47mMM[38;2;24;23;37mW[38;2;27;26;47mM              [38;2;27;26;48mM[38;2;27;26;47mMMMMMMMMMMM[38;2;17;17;30m8[38;2;27;26;48mM[38;2;27;26;47mMM                    [0m
              [38;2;27;26;47mMMMMM[38;2;27;26;48mMM[38;2;27;26;47mMM[38;2;24;23;42mW[38;2;27;26;48mMM[38;2;27;26;47mMMM               [38;2;17;17;30m8[38;2;27;26;48mM[38;2;27;26;47mMMMMMMMMMMMMMM                    [0m
             [38;2;17;17;30m8[38;2;27;26;47mMMMM[38;2;27;26;48mM[38;2;33;29;39m#[38;2;27;26;47mMM[38;2;24;23;42mW[38;2;27;26;48mMM[38;2;27;26;47mMMM                 [38;2;27;26;48mM[38;2;27;26;47mMMMMMM[38;2;33;29;39m#[38;2;27;26;47mMM[38;2;24;23;37mW[38;2;27;26;48mM[38;2;24;23;42mW[38;2;27;26;47mM[38;2;24;23;42mW[38;2;24;23;37mW                   [0m
             [38;2;27;26;48mM[38;2;27;26;47mMMMMMMMMMMMMM[38;2;9;8;14mB                 [38;2;16;15;28m8[38;2;27;26;47mMMMMMM[38;2;33;29;39m#[38;2;27;26;47mMM[38;2;24;23;37mW[38;2;27;26;48mM[38;2;24;23;42mW[38;2;27;26;47mM[38;2;24;23;42mW[38;2;27;26;47mM                   [0m
            [38;2;17;17;30m8[38;2;27;26;47mMMMMM[38;2;27;26;48mM[38;2;33;29;39m#[38;2;27;26;47mMM[38;2;24;23;42mW[38;2;27;26;48mMM[38;2;27;26;47mM[38;2;3;3;5m$                   [38;2;27;26;47mM[38;2;27;26;48mM[38;2;27;26;47mM[38;2;17;17;30m8[38;2;27;26;47mMMMM[38;2;24;23;37mW[38;2;27;26;47mM[38;2;24;23;42mW[38;2;27;26;47mM[38;2;24;23;42mW[38;2;24;23;37mW[38;2;27;26;47mM[38;2;12;11;20m%                  [0m
            [38;2;27;26;48mM[38;2;27;26;47mMMM[38;2;36;34;37m#[38;2;27;26;47mMMMMMMM[38;2;27;26;48mM                     M[38;2;27;26;47mM[38;2;27;26;48mM[38;2;27;26;47mM[38;2;17;17;30m8[38;2;27;26;47mMM[38;2;27;26;48mM[38;2;27;26;47mMMM[38;2;27;26;48mM[38;2;27;26;47mMM[38;2;24;23;37mWW                  [0m
            [38;2;27;26;47mM[38;2;27;26;48mM[38;2;27;26;47mM[38;2;17;17;30m8[38;2;27;26;47mMMMM[38;2;24;23;37mW[38;2;27;26;47mM[38;2;24;23;42mW[38;2;27;26;47mMM                     [38;2;3;3;5m$[38;2;27;26;48mM[38;2;27;26;47mMMMMMMM[38;2;27;26;48mM[38;2;27;26;47mMMMM[38;2;27;26;48mM[38;2;27;26;47mM                  [0m
           [38;2;17;17;30m8[38;2;27;26;48mM[38;2;27;26;47mM[38;2;17;17;30m8[38;2;27;26;47mMM[38;2;27;26;48mM[38;2;27;26;47mMMM[38;2;27;26;48mM[38;2;27;26;47mMM                       [38;2;12;11;20m%[38;2;27;26;48mM[38;2;27;26;47mM[38;2;17;17;30m8[38;2;27;26;47mMM[38;2;27;26;48mM[38;2;27;26;47mMM[38;2;9;8;14mB[38;2;24;23;37mW[38;2;27;26;47mM[38;2;27;26;48mM[38;2;27;26;47mM[38;2;27;26;48mM                  [0m
           [38;2;24;23;37mW[38;2;27;26;48mM[38;2;27;26;47mM[38;2;17;17;30m8[38;2;27;26;47mMM[38;2;27;26;48mM[38;2;27;26;47mMMM[38;2;27;26;48mM[38;2;27;26;47mMM                        [38;2;24;23;42mW[38;2;27;26;47mMMMMM[38;2;33;29;39m#[38;2;27;26;47mMM[38;2;24;23;37mW[38;2;27;26;48mM[38;2;24;23;42mW[38;2;27;26;47mM[38;2;24;23;42mW[38;2;3;3;5m$                 [0m
           [38;2;27;26;47mM[38;2;27;26;48mM[38;2;27;26;47mM[38;2;17;17;30m8[38;2;27;26;47mMM[38;2;27;26;48mM[38;2;27;26;47mMMM[38;2;27;26;48mM[38;2;27;26;47mM[38;2;16;15;28m8                         8[38;2;27;26;47mM[38;2;27;26;48mM[38;2;27;26;47mM[38;2;17;17;30m8[38;2;27;26;47mMMMM[38;2;24;23;37mW[38;2;27;26;47mM[38;2;24;23;42mW[38;2;27;26;47mM[38;2;3;3;5m$                 [0m
           [38;2;24;23;42mW[38;2;27;26;47mMMMMM[38;2;27;26;48mMM[38;2;27;26;47mMM[38;2;24;23;42mW[38;2;27;26;48mMM                          M[38;2;27;26;47mMMMM[38;2;27;26;48mMM[38;2;27;26;47mMM[38;2;24;23;42mW[38;2;27;26;48mMM[38;2;3;3;5m$                 [0m
           [38;2;24;23;37mW[38;2;27;26;47mMM[38;2;27;26;48mM[38;2;27;26;47mM[38;2;17;17;30m8[38;2;27;26;47mMM[38;2;27;26;48mM[38;2;27;26;47mMMM[38;2;3;3;5m$                          [38;2;27;26;48mM[38;2;27;26;47mMMMMM[38;2;33;29;39m#[38;2;27;26;47mMM[38;2;24;23;37mW[38;2;27;26;48mM[38;2;24;23;42mW[38;2;17;17;30m8                 [0m
           [38;2;24;23;37mW[38;2;24;23;42mW[38;2;27;26;48mM[38;2;27;26;47mMMMMMMM[38;2;17;17;30m8[38;2;27;26;48mM                           [38;2;27;26;47mMMMMMM[38;2;33;29;39m#[38;2;27;26;47mMM[38;2;24;23;37mW[38;2;27;26;48mM[38;2;24;23;42mW[38;2;12;11;20m%                 [0m
           [38;2;16;15;28m8[38;2;27;26;47mMMM[38;2;27;26;48mM[38;2;27;26;47mM[38;2;17;17;30m8[38;2;27;26;47mMMMM[38;2;24;23;37mW                           W[38;2;27;26;47mMM[38;2;27;26;48mM[38;2;27;26;47mM[38;2;17;17;30m8[38;2;27;26;47mMMMM[38;2;24;23;37mW[38;2;27;26;47mM[38;2;3;3;5m$                 [0m
