                                                                                [0m
                                                                                [0m
                                                                                [0m
                                                                                [0m
                                                                                [0m
                                                                                [0m
                                                                                [0m
                                  [38;2;255;236;216m:[38;2;243;221;202ml                                            [0m
                               [38;2;106;100;91mC[38;2;139;100;91mYY[38;2;229;190;173m_[38;2;195;174;158m{[38;2;255;236;216m::[38;2;75;69;66mw      [38;2;202;181;164m][38;2;255;236;216m::[38;2;255;233;213m:[38;2;255;236;216m:[38;2;134;119;120mc                             [0m
                              [38;2;255;236;216m::[38;2;204;146;133m|[38;2;170;121;110mn[38;2;158;114;104mv[38;2;206;150;137m(([38;2;243;221;202ml[38;2;245;225;205mI[38;2;255;233;213m:[38;2;142;138;119mx   [38;2;254;242;214m,[38;2;185;169;154m1[38;2;187;134;122mf[38;2;170;121;110mn[38;2;139;100;91mY[38;2;251;230;210m;[38;2;255;236;216m:[38;2;255;233;213m:[38;2;6;6;10m@                           [0m
                           [38;2;12;11;20m%[38;2;20;20;36m&[38;2;206;150;137m([38;2;255;233;213m:[38;2;255;236;216m::[38;2;255;233;213m:[38;2;255;236;216m::::[38;2;214;188;172m?    [38;2;106;100;91mC[38;2;226;206;189m<[38;2;125;90;83mC[38;2;204;146;133m|[38;2;163;117;107mu[38;2;206;150;137m([38;2;255;233;213m:[38;2;251;230;210m;[38;2;255;236;216m::[38;2;20;20;36m&[38;2;27;26;48mM[38;2;7;8;13mB                        [0m
                          [38;2;27;26;48mM[38;2;27;26;47mM[38;2;24;23;42mW[38;2;27;26;48mM[38;2;27;26;47mM[38;2;16;15;27m8[38;2;187;134;122mf[38;2;75;69;66mw[38;2;87;83;87mO[38;2;106;100;91mC[38;2;3;3;5m$      [38;2;125;90;83mC[38;2;204;146;133m|[38;2;190;136;124mf[38;2;198;142;129m/[38;2;204;146;133m|[38;2;200;143;130m/[38;2;238;205;187m<[38;2;255;236;216m:[38;2;196;180;164m][38;2;27;26;47mMM[38;2;27;26;48mM[38;2;27;26;47mMM[38;2;24;23;42mW                      [0m
                        [38;2;27;26;48mM[38;2;27;26;47mM[38;2;27;26;48mM[38;2;27;26;47mMM[38;2;27;26;48mMM[38;2;7;8;13mB        [38;2;75;69;66mw[38;2;87;83;87mO[38;2;131;125;138mu[38;2;164;156;171m|[38;2;168;160;175m([38;2;104;99;108mJJ[38;2;147;135;145mx[38;2;75;69;66mw[38;2;139;131;141mn[38;2;12;11;20m%[38;2;27;26;48mM[38;2;27;26;47mM[38;2;24;23;42mW[38;2;27;26;47mM[38;2;24;23;42mW[38;2;27;26;48mM[38;2;24;23;42mW[38;2;27;26;47mM[38;2;24;23;42mW                    [0m
                      [38;2;27;26;48mM[38;2;20;20;36m&[38;2;27;26;47mMM[38;2;24;23;42mW[38;2;27;26;48mM[38;2;27;26;47mMM          [38;2;162;152;164m/[38;2;228;218;238m!![38;2;232;222;243ml[38;2;228;218;238m![38;2;232;222;243mll[38;2;228;218;238m![38;2;234;224;244mI[38;2;228;218;238m!![38;2;208;199;217m+[38;2;43;41;51mo[38;2;27;26;47mMMM[38;2;24;23;42mW[38;2;27;26;48mM[38;2;27;26;47mMMM[38;2;27;26;48mM[38;2;6;6;10m@                 [0m
                    [38;2;16;15;27m8[38;2;27;26;48mM[38;2;24;23;42mW[38;2;27;26;48mM[38;2;27;26;47mMMM[38;2;27;26;48mM        [38;2;168;160;175m([38;2;216;207;226m<[38;2;232;222;243ml[38;2;228;218;238m!!!![38;2;232;222;243ml[38;2;228;218;238m!![38;2;234;224;244mI[38;2;228;218;238m![38;2;208;199;217m+[38;2;232;222;243mlll[38;2;228;218;238m!![38;2;20;20;36m&[38;2;27;26;47mM[38;2;24;23;42mW[38;2;27;26;48mM[38;2;27;26;47mMMM[38;2;27;26;48mM[38;2;20;20;36m&[38;2;27;26;47mM[38;2;27;26;48mM               [0m
                   [38;2;32;31;57m#[38;2;27;26;47mMM[38;2;24;23;42mW[38;2;27;26;47mM[38;2;24;23;42mWWW[38;2;3;3;5m$          [38;2;232;222;243ml[38;2;234;224;244mI[38;2;232;222;243ml[38;2;228;218;238m!!![38;2;220;210;229m>[38;2;172;164;179m)[38;2;232;222;243ml[38;2;225;215;234mi[38;2;208;199;217m+[38;2;232;222;243ml[38;2;162;152;164m/[38;2;232;222;243ml[38;2;228;218;238m!!![38;2;234;224;244mI[38;2;3;3;5m$[38;2;27;26;47mM[38;2;24;23;42mW[38;2;27;26;47mM[38;2;24;23;42mWWW[38;2;27;26;47mM[38;2;20;20;36m&[38;2;27;26;48mMM             [0m
                 [38;2;17;17;30m8[38;2;27;26;47mM[38;2;24;23;42mW[38;2;27;26;47mMM[38;2;24;23;42mW[38;2;27;26;47mMM[38;2;20;20;36m&          [38;2;12;11;20m%[38;2;225;215;234mii[38;2;228;218;238m!![38;2;192;183;200m[[38;2;187;179;195m][38;2;27;26;48mM[38;2;211;202;220m~[38;2;3;3;5m$[38;2;75;69;66mw[38;2;114;82;75mQ[38;2;172;164;179m)[38;2;17;17;30m8[38;2;216;207;226m<[38;2;38;37;67mo[38;2;211;202;220m~[38;2;232;222;243ml[38;2;228;218;238m!!![38;2;216;207;226m<[38;2;43;41;51mo[38;2;27;26;47mMMMMMMM[38;2;27;26;48mM[38;2;27;26;47mMM           [0m
                [38;2;27;26;47mMMMM[38;2;24;23;42mW[38;2;27;26;47mM[38;2;24;23;42mWW[38;2;12;11;20m%          [38;2;43;41;51mo [38;2;220;210;229m>[38;2;228;218;238m!!![38;2;156;149;162mt[38;2;130;106;104mY[38;2;43;41;51mo[38;2;27;26;47mMM[38;2;3;3;5m$[38;2;255;236;216m:[38;2;16;15;27m8[38;2;24;23;42mW[38;2;27;26;47mM[38;2;38;37;67mo[38;2;43;41;51mo[38;2;87;83;87mO[38;2;228;218;238m![38;2;234;224;244mI[38;2;232;222;243ml[38;2;180;172;188m}[38;2;120;103;94mU[38;2;147;135;145mx[38;2;43;41;51mo[38;2;27;26;47mMMMMMMMM[38;2;24;23;42mW          [0m
              [38;2;17;17;30m8[38;2;27;26;47mM[38;2;27;26;48mM[38;2;27;26;47mMM[38;2;27;26;48mMM[38;2;27;26;47mMMM            [38;2;225;215;234mi[38;2;156;149;162mt[38;2;208;199;217m+[38;2;196;187;204m?[38;2;216;207;226m<[38;2;154;133;122mx[38;2;243;221;202ml[38;2;255;233;213m:[38;2;251;230;210m;[38;2;255;236;216m::[38;2;219;170;155m][38;2;255;236;216m:[38;2;255;233;213m:[38;2;251;230;210m;[38;2;255;236;216m::[38;2;187;179;195m][38;2;232;222;243ml[38;2;225;215;234mi[38;2;208;199;217m+[38;2;154;133;122mx    [38;2;27;26;47mM[38;2;24;23;42mW[38;2;27;26;47mM[38;2;24;23;42mW[38;2;27;26;48mM[38;2;24;23;42mW[38;2;27;26;47mM[38;2;20;20;36m&[38;2;27;26;47mM         [0m
               [38;2;27;26;47mMM[38;2;24;23;42mW[38;2;27;26;47mM[38;2;24;23;42mW[38;2;27;26;48mM[38;2;24;23;42mW[38;2;27;26;47mM[38;2;20;20;36m&              [38;2;162;152;164m/[38;2;218;200;183m+[38;2;190;136;124mf[38;2;167;153;151m/[38;2;255;233;213m:[38;2;255;236;216m::[38;2;229;190;173m_[38;2;233;216;195mii[38;2;204;187;171m?[38;2;243;221;202ml[38;2;255;233;213m:[38;2;255;236;216m::[38;2;148;141;154mj[38;2;175;168;183m1[38;2;156;149;163mtt     [38;2;27;26;47mMMMMMM[38;2;27;26;48mM[38;2;27;26;47mMM         [0m
                [38;2;27;26;48mM[38;2;27;26;47mMMMMM[38;2;24;23;42mW[38;2;27;26;47mM[38;2;24;23;42mWW            [38;2;114;107;116mY [38;2;203;194;212m_[38;2;243;212;194mi[38;2;255;236;216m:::[38;2;255;233;213m::[38;2;255;236;216m::[38;2;255;233;213m:[38;2;255;236;216m:[38;2;251;230;210m;[38;2;200;169;154m}[38;2;178;162;148m([38;2;131;125;138mu      [38;2;20;20;36m&[38;2;27;26;48mM[38;2;27;26;47mMMMM[38;2;24;23;42mW[38;2;27;26;47mM[38;2;24;23;42mW[38;2;27;26;48mM         [0m
                 [38;2;12;11;20m%[38;2;27;26;47mM[38;2;24;23;42mW[38;2;27;26;47mMM[38;2;24;23;42mW[38;2;27;26;47mMM[38;2;20;20;36m&[38;2;27;26;48mM[38;2;27;26;47mM[38;2;3;3;5m$           [38;2;225;215;234mi[38;2;156;149;162mt[38;2;204;146;133m|[38;2;221;175;160m[[38;2;212;161;147m}[38;2;206;158;144m1[38;2;204;146;133m||[38;2;221;175;160m[[38;2;243;212;194mi[38;2;255;233;213m:[38;2;243;221;202ml[38;2;232;222;243ml[38;2;211;202;220m~[38;2;3;3;5m$     [38;2;20;20;36m&[38;2;27;26;47mMMMMMM[38;2;24;23;42mW[38;2;27;26;47mM[38;2;24;23;42mW[38;2;3;3;5m$         [0m
                  [38;2;3;3;5m$[38;2;24;23;42mW[38;2;27;26;47mMM[38;2;24;23;42mW[38;2;27;26;47mM[38;2;24;23;42mWWW[38;2;27;26;47mM[38;2;20;20;36m&[38;2;27;26;48mMM   [38;2;24;23;42mW[38;2;16;15;27m8   [38;2;6;6;10m@ [38;2;175;168;183m1[38;2;200;143;130m/[38;2;198;142;129m/[38;2;204;146;133m||||[38;2;206;150;137m([38;2;200;143;130m/[38;2;204;146;133m|[38;2;87;83;87mO[38;2;164;156;171m| [38;2;3;3;5m$   [38;2;27;26;48mM[38;2;20;20;36m&[38;2;27;26;47mMMMMMM[38;2;24;23;42mW[38;2;27;26;47mM[38;2;24;23;42mWW          [0m
                    [38;2;20;20;36m&[38;2;27;26;47mM[38;2;27;26;48mM[38;2;27;26;47mMM[38;2;27;26;48mMM[38;2;27;26;47mMMMMM[38;2;24;23;42mW[38;2;27;26;47mM[38;2;24;23;42mWWW[38;2;27;26;47mM[38;2;20;20;36m&[38;2;27;26;48mMM[38;2;27;26;47mMM[38;2;24;23;42mW[38;2;16;15;27m8[38;2;190;136;124mf[38;2;24;23;42mW[38;2;27;26;47mMMMM[38;2;24;23;42mW   [38;2;17;17;30m8[38;2;27;26;47mM[38;2;24;23;42mW[38;2;27;26;47mMM[38;2;24;23;42mW[38;2;27;26;47mMM[38;2;20;20;36m&[38;2;27;26;48mM[38;2;27;26;47mMMM[38;2;24;23;42mW[38;2;27;26;48mM          [0m
                      [38;2;27;26;48mM[38;2;27;26;47mMMMMMM[38;2;27;26;48mMM[38;2;27;26;47mMMMMM[38;2;27;26;48mM[38;2;27;26;47mMM[38;2;27;26;48mMM[38;2;27;26;47mMMMMMMMM[38;2;24;23;42mW[38;2;27;26;47mM[38;2;24;23;42mW[38;2;27;26;48mM[38;2;20;20;36m&[38;2;27;26;47mMMMMMM[38;2;27;26;48mM[38;2;27;26;47mM[38;2;27;26;48mM[38;2;27;26;47mMM[38;2;27;26;48mMM[38;2;27;26;47mMM           [0m
                        [38;2;24;23;42mW[38;2;27;26;48mM[38;2;27;26;47mM[38;2;27;26;48mM[38;2;27;26;47mM[38;2;24;23;42mW[38;2;27;26;47mM[38;2;24;23;42mW[38;2;27;26;48mM[38;2;24;23;42mW[38;2;27;26;47mM[38;2;20;20;36m&[38;2;27;26;47mM[38;2;27;26;48mM[38;2;27;26;47mMMMM[38;2;27;26;48mM[38;2;27;26;47mMMM[38;2;24;23;42mW[38;2;27;26;47mM[38;2;24;23;42mWWWW[38;2;27;26;47mMMMMM[38;2;24;23;42mW[38;2;27;26;47mM[38;2;24;23;42mW[38;2;27;26;48mM[38;2;24;23;42mW[38;2;27;26;47mM[38;2;20;20;36m&[38;2;27;26;47mM[38;2;27;26;48mM[38;2;27;26;47mMM            [0m
                          [38;2;24;23;42mW[38;2;27;26;47mMMMM[38;2;17;17;30m8[38;2;27;26;47mMMMMMMMM[38;2;27;26;48mM[38;2;27;26;47mMM[38;2;27;26;48mMM[38;2;27;26;47mMMMMMMMM[38;2;24;23;42mW[38;2;27;26;47mMM[38;2;27;26;48mM[38;2;27;26;47mMM[38;2;27;26;48mMM[38;2;27;26;47mMMMMM[38;2;12;11;20m%             [0m
                            [38;2;27;26;48mM[38;2;27;26;47mMM[38;2;16;15;27m8[38;2;27;26;47mMMMMM[38;2;24;23;42mW[38;2;27;26;47mMM[38;2;24;23;42mW[38;2;27;26;47mMM[38;2;20;20;36m&[38;2;27;26;48mM[38;2;27;26;47mMMMMMM[38;2;24;23;42mW[38;2;80;67;22mp[38;2;27;26;48mM[38;2;27;26;47mMMMMMMMMM[38;2;24;23;42mW[38;2;27;26;47mM[38;2;24;23;42mW              [0m
                              [38;2;24;23;42mW[38;2;16;15;27m8[38;2;27;26;47mMMMMMM[38;2;24;23;42mW[38;2;27;26;48mM[38;2;27;26;47mMMM[38;2;27;26;48mM[38;2;20;20;36m&[38;2;27;26;47mMMMMMMM[38;2;24;23;42mW[38;2;27;26;47mM[38;2;27;26;48mM[38;2;27;26;47mMMMMMM[38;2;27;26;48mM[38;2;27;26;47mMM                [0m
                               [38;2;7;8;13mB[38;2;27;26;47mM[38;2;24;23;42mW[38;2;27;26;47mMM[38;2;24;23;42mW[38;2;27;26;47mMM[38;2;20;20;36m&[38;2;27;26;48mM[38;2;27;26;47mMMMMMM[38;2;24;23;42mW[38;2;27;26;47mMMM[38;2;24;23;42mW[38;2;16;15;27m8[38;2;24;23;42mW[38;2;27;26;47mMMMMMMMM[38;2;12;11;20m%                 [0m
                               [38;2;3;3;5m$[38;2;20;20;36m&[38;2;27;26;48mM[38;2;27;26;47mMMMMMMMM[38;2;24;23;42mW[38;2;27;26;47mM[38;2;24;23;42mWWW[38;2;27;26;47mM[38;2;20;20;36m&[38;2;27;26;48mMM[38;2;27;26;47mMM[38;2;20;20;36m&[38;2;27;26;48mM[38;2;27;26;47mMMMMMM[38;2;24;23;42mW                  [0m
                               [38;2;16;15;27m8[38;2;20;20;36m&[38;2;27;26;48mM[38;2;27;26;47mMMMMMMMMM[38;2;24;23;42mW[38;2;27;26;47mM[38;2;24;23;42mW[38;2;27;26;48mM[38;2;24;23;42mW[38;2;27;26;47mM[38;2;20;20;36m&[38;2;27;26;47mM[38;2;27;26;48mM[38;2;16;15;27m8[38;2;27;26;47mM[38;2;24;23;42mW[38;2;27;26;47mM[38;2;24;23;42mWWW[38;2;27;26;47mM[38;2;20;20;36m&                   [0m
                               [38;2;16;15;27m8[38;2;27;26;47mM[38;2;24;23;42mW[38;2;27;26;47mMM[38;2;24;23;42mW[38;2;27;26;47mMM[38;2;20;20;36m&[38;2;27;26;48mM[38;2;27;26;47mMMMMMM[38;2;24;23;42mW[38;2;27;26;47mMMM[38;2;20;20;36m&[38;2;27;26;47mM[38;2;24;23;42mW[38;2;27;26;47mMMM[38;2;27;26;48mM[38;2;27;26;47mMM[38;2;7;8;13mB                   [0m
                               [38;2;17;17;30m8[38;2;27;26;47mMMM[38;2;24;23;42mW[38;2;27;26;47mMM[38;2;24;23;42mW[38;2;27;26;47mMM[38;2;20;20;36m&[38;2;27;26;48mM[38;2;27;26;47mMMMMMM[38;2;24;23;42mW[38;2;27;26;47mMMM[38;2;20;20;36m&[38;2;27;26;47mM[38;2;24;23;42mW[38;2;27;26;47mM[38;2;24;23;42mW[38;2;27;26;47mM[38;2;24;23;42mW                    [0m
                               [38;2;20;20;36m&[38;2;27;26;47mMM[38;2;27;26;48mM[38;2;27;26;47mMM[38;2;27;26;48mMM[38;2;27;26;47mMMMMMMMM[38;2;24;23;42mW[38;2;27;26;47mM[38;2;27;26;48mM[38;2;27;26;47mM[38;2;27;26;48mMM[38;2;27;26;47mMMMM[38;2;24;23;42mW[38;2;27;26;47mM                     [0m
                              [38;2;16;15;27m8[38;2;27;26;48mM[38;2;27;26;47mMMMMMMM[38;2;24;23;42mW[38;2;27;26;47mMM[38;2;24;23;42mW[38;2;27;26;47mMM[38;2;20;20;36m&[38;2;27;26;48mM[38;2;27;26;47mMMMMMM[38;2;24;23;42mW[38;2;27;26;47mMMM[38;2;20;20;36m&[38;2;17;17;30m8                     [0m
                              [38;2;27;26;48mM[38;2;27;26;47mMMMMM[38;2;27;26;48mM[38;2;27;26;47mMM[38;2;24;23;42mW[38;2;27;26;47mMM[38;2;24;23;42mW[38;2;27;26;47mMM[38;2;20;20;36m&[38;2;27;26;48mM[38;2;27;26;47mMMMMMM[38;2;24;23;42mW[38;2;27;26;47mMMM[38;2;20;20;36m&                      [0m
                             [38;2;6;6;10m@[38;2;27;26;47mMMM[38;2;24;23;42mW[38;2;27;26;47mM[38;2;24;23;42mW[38;2;27;26;48mM[38;2;24;23;42mW[38;2;27;26;47mM[38;2;20;20;36m&[38;2;27;26;47mM[38;2;27;26;48mM[38;2;27;26;47mMMMM[38;2;24;23;42mW[38;2;27;26;47mM[38;2;27;26;48mM[38;2;27;26;47mM[38;2;27;26;48mM[38;2;20;20;36m&[38;2;27;26;47mMMMMMM                      [0m
                             [38;2;27;26;47mMM[38;2;24;23;42mW[38;2;27;26;47mMM[38;2;24;23;42mW[38;2;27;26;47mMM[38;2;20;20;36m&[38;2;27;26;48mM[38;2;27;26;47mMMMMMM[38;2;24;23;42mW[38;2;27;26;47mMMM[38;2;20;20;36m&[38;2;27;26;47mM[38;2;24;23;42mW[38;2;27;26;47mM[38;2;27;26;48mMM[38;2;27;26;47mMMM                      [0m
                            [38;2;27;26;48mM[38;2;20;20;36m&[38;2;27;26;47mMMMMMMMMMMMM[38;2;24;23;42mW[38;2;27;26;48mM[38;2;27;26;47mMMM[38;2;27;26;48mM[38;2;20;20;36m&[38;2;27;26;47mMMMMMMM[38;2;24;23;42mW[38;2;27;26;47mM                      [0m
                            [38;2;27;26;47mM[38;2;24;23;42mW[38;2;27;26;47mM[38;2;24;23;42mW[38;2;27;26;48mM[38;2;24;23;42mW[38;2;27;26;47mM[38;2;20;20;36m&[38;2;27;26;47mM[38;2;27;26;48mM[38;2;27;26;47mMMMM[38;2;24;23;42mW[38;2;27;26;47mM[38;2;27;26;48mM[38;2;27;26;47mM[38;2;27;26;48mM[38;2;20;20;36m&[38;2;27;26;47mMMMMMMM[38;2;24;23;42mW[38;2;27;26;47mMM[38;2;6;6;10m@                     [0m
                           [38;2;17;17;30m8[38;2;27;26;47mMMMM[38;2;24;23;42mW[38;2;27;26;48mM[38;2;27;26;47mMMM[38;2;27;26;48mM[38;2;20;20;36m&[38;2;27;26;47mMMMMMMM[38;2;24;23;42mW[38;2;27;26;47mMMM[38;2;20;20;36m&[38;2;27;26;48mM[38;2;24;23;42mW[38;2;27;26;47mM[38;2;27;26;48mM[38;2;27;26;47mMMMM                     [0m
                          [38;2;16;15;27m8[38;2;27;26;48mM[38;2;27;26;47mMMMMMMMM[38;2;27;26;48mM[38;2;27;26;47mMM[38;2;27;26;48mMM[38;2;27;26;47mMMMMMMMM[38;2;24;23;42mW[38;2;27;26;47mM[38;2;27;26;48mM[38;2;16;15;27m8[38;2;27;26;47mM[38;2;24;23;42mW[38;2;27;26;47mM[38;2;24;23;42mWWW[38;2;16;15;27m8                    [0m
                          [38;2;27;26;48mMM[38;2;27;26;47mMMMMMMMMMMMMMMM[38;2;24;23;42mW[38;2;27;26;47mM[38;2;24;23;42mW[38;2;27;26;48mM[38;2;24;23;42mW[38;2;27;26;47mM[38;2;20;20;36m&[38;2;27;26;47mM[38;2;27;26;48mM[38;2;27;26;47mMMMM[38;2;24;23;42mW[38;2;27;26;47mM[38;2;27;26;48mM[38;2;27;26;47mM                    [0m
                            [38;2;27;26;47mMMMM[38;2;27;26;48mM[38;2;27;26;47mMM[38;2;27;26;48mMM[38;2;27;26;47mMMMMMMM[38;2;16;15;27m88[38;2;24;23;42mW[38;2;16;15;27m8[38;2;7;8;13mB[38;2;24;23;42mW[38;2;20;20;36m&[38;2;24;23;42mW[38;2;27;26;47mMMMMMMMM                    [0m
                          [38;2;20;20;36m&[38;2;24;23;42mW[38;2;27;26;47mMMMMMMMMM[38;2;24;23;42mW[38;2;27;26;47mMM[38;2;24;23;42mW[38;2;27;26;47mMM[38;2;20;20;36m&[38;2;27;26;48mM[38;2;27;26;47mMMMMMM[38;2;24;23;42mW[38;2;27;26;47mMMM[38;2;20;20;36m&[38;2;27;26;47mM[38;2;24;23;42mW                      [0m
                          [38;2;27;26;48mMM[38;2;27;26;47mMMMMMMMMMMMMMM[38;2;17;17;30m8[38;2;16;15;27m8[38;2;27;26;47mM[38;2;27;26;48mMM[38;2;27;26;47mMMMMMMMMMMM[38;2;12;11;20m%                     [0m
                         [38;2;16;15;27m8[38;2;27;26;47mM[38;2;24;23;42mW[38;2;27;26;47mMM[38;2;24;23;42mW[38;2;27;26;47mMM[38;2;20;20;36m&[38;2;27;26;48mM[38;2;27;26;47mMMMMMM[38;2;24;23;42mW[38;2;27;26;47mMMM[38;2;20;20;36m&[38;2;27;26;47mM[38;2;24;23;42mW[38;2;27;26;47mM[38;2;27;26;48mM[38;2;27;26;47mMM[38;2;27;26;48mM[38;2;27;26;47mMMMMMM                     [0m
                        [38;2;27;26;48mM[38;2;27;26;47mMMMMM[38;2;24;23;42mW[38;2;27;26;47mM[38;2;24;23;42mWWW[38;2;27;26;47mM[38;2;20;20;36m&[38;2;27;26;48mMM[38;2;27;26;47mMMMMMMMMM[38;2;20;20;36m&[38;2;27;26;47mMMMMMMM[38;2;17;17;30m8[38;2;27;26;47mM[38;2;24;23;42mW                     [0m
                      [38;2;27;26;48mM[38;2;27;26;47mMMMMMM[38;2;27;26;48mM[38;2;27;26;47mMMMM[38;2;27;26;48mM[38;2;16;15;27m8[38;2;20;20;36m&[38;2;27;26;48mM[38;2;27;26;47mMMMMMMMMMMMMMMMM[38;2;27;26;48mM[38;2;27;26;47mMM[38;2;27;26;48mMM                     [0m
                    [38;2;7;8;13mB[38;2;27;26;47mM[38;2;24;23;42mW[38;2;27;26;47mM[38;2;24;23;42mWWW[38;2;27;26;47mM[38;2;20;20;36m&[38;2;27;26;48mMM[38;2;27;26;47mMMMMMMMMMM[38;2;24;23;42mW[38;2;27;26;47mM[38;2;24;23;42mW[38;2;27;26;48mM[38;2;24;23;42mW[38;2;27;26;47mM[38;2;20;20;36m&[38;2;27;26;47mM[38;2;27;26;48mM[38;2;27;26;47mMMMM[38;2;24;23;42mW[38;2;27;26;47mM[38;2;27;26;48mM[38;2;27;26;47mM[38;2;27;26;48mM [38;2;7;8;13mB                   [0m
                   [38;2;17;17;30m8[38;2;27;26;47mMMMMMMMMMMM[38;2;24;23;42mW[38;2;16;15;27m8[38;2;24;23;42mW[38;2;27;26;47mM[38;2;20;20;36m&[38;2;27;26;47mMMMMMMMMMMMMMMMMMM[38;2;24;23;42mW[38;2;27;26;47mM[38;2;24;23;42mWWW[38;2;16;15;27m8[38;2;3;3;5m$                   [0m
                  [38;2;32;31;57m#[38;2;27;26;47mMMMMM[38;2;24;23;42mW[38;2;27;26;47mMMMMM[38;2;24;23;42mW[38;2;27;26;48mM[38;2;27;26;47mMMM[38;2;27;26;48mM[38;2;20;20;36m&[38;2;27;26;47mMM[38;2;27;26;48mMM[38;2;27;26;47mMMMMMMMMMMMMMMMM[38;2;20;20;36m&[38;2;27;26;47mM[38;2;24;23;42mW                    [0m
                [38;2;6;6;10m@[38;2;27;26;47mM[38;2;24;23;42mW[38;2;27;26;47mM[38;2;24;23;42mWWW[38;2;27;26;47mM[38;2;20;20;36m&[38;2;27;26;48mMM[38;2;27;26;47mMMMMMMMMM[38;2;20;20;36m&[38;2;27;26;47mMM [38;2;27;26;48mM[38;2;27;26;47mMM[38;2;16;15;27m8[38;2;27;26;48mM[38;2;27;26;47mM[38;2;27;26;48mM[38;2;27;26;47mMMMMMM[38;2;20;20;36m&[38;2;27;26;47mM[38;2;24;23;42mW[38;2;27;26;47mM[38;2;24;23;42mW[38;2;27;26;48mM[38;2;24;23;42mW [38;2;3;3;5m$                  [0m
               [38;2;3;3;5m$[38;2;27;26;47mMMMM[38;2;27;26;48mM[38;2;27;26;47mM[38;2;24;23;42mW[38;2;27;26;47mM[38;2;24;23;42mWWW[38;2;27;26;47mM[38;2;20;20;36m&[38;2;27;26;48mMM[38;2;27;26;47mMMMM[38;2;16;15;27m8[38;2;27;26;48mM[38;2;27;26;47mM   [38;2;7;8;13mB[38;2;27;26;47mMMM[38;2;24;23;42mW[38;2;27;26;47mMM[38;2;24;23;42mW[38;2;27;26;47mMM[38;2;20;20;36m&[38;2;27;26;48mM[38;2;27;26;47mMMMMMM[38;2;24;23;42mW                    [0m
              [38;2;17;17;30m8[38;2;27;26;47mMMMMMMMMMMMM[38;2;24;23;42mW[38;2;27;26;47mMM[38;2;24;23;42mW[38;2;27;26;47mMM[38;2;20;20;36m&[38;2;27;26;48mM[38;2;27;26;47mMM      [38;2;3;3;5m$[38;2;20;20;36m&[38;2;27;26;48mM[38;2;27;26;47mMMMMMMMMMMMMMM[38;2;20;20;36m&                   [0m
             [38;2;3;3;5m$[38;2;20;20;36m&[38;2;27;26;48mM[38;2;27;26;47mMMMMMMMMMMMMMMMMMM[38;2;20;20;36m&          [38;2;27;26;48mM[38;2;27;26;47mMMMMMMMM[38;2;24;23;42mW[38;2;27;26;47mMM[38;2;27;26;48mM[38;2;24;23;42mW[38;2;27;26;47mMM                   [0m
            [38;2;16;15;27m8[38;2;27;26;47mM[38;2;24;23;42mW[38;2;27;26;47mM[38;2;24;23;42mWWW[38;2;27;26;47mM[38;2;20;20;36m&[38;2;27;26;48mMM[38;2;27;26;47mMMMMMMMMM[38;2;20;20;36m&            [38;2;7;8;13mB[38;2;27;26;47mMMMM[38;2;27;26;48mM[38;2;27;26;47mMM[38;2;27;26;48mMM[38;2;27;26;47mMMMMMM[38;2;3;3;5m$                  [0m
           [38;2;12;11;20m%[38;2;24;23;42mW[38;2;27;26;48mM[38;2;27;26;47mMMM[38;2;27;26;48mM[38;2;20;20;36m&[38;2;27;26;47mMMMMMMM[38;2;24;23;42mW[38;2;27;26;47mMMM[38;2;20;20;36m&               [38;2;27;26;47mMM[38;2;24;23;42mW[38;2;27;26;47mM[38;2;24;23;42mWWW[38;2;27;26;47mM[38;2;20;20;36m&[38;2;27;26;48mMM[38;2;27;26;47mMMMM[38;2;17;17;30m8                  [0m
          [38;2;20;20;36m&[38;2;27;26;47mM[38;2;24;23;42mW[38;2;27;26;47mM[38;2;24;23;42mWWW[38;2;27;26;47mM[38;2;20;20;36m&[38;2;27;26;48mMM[38;2;27;26;47mMMMMMMMM                 [38;2;12;11;20m%[38;2;27;26;48mMM[38;2;27;26;47mMMMMMMMMMMMM[38;2;7;8;13mB                  [0m
         [38;2;12;11;20m%[38;2;20;20;36m&[38;2;27;26;48mM[38;2;27;26;47mMMMMMMMMMMMMMMM[38;2;12;11;20m%                   [38;2;20;20;36m&[38;2;27;26;47mM[38;2;24;23;42mW[38;2;27;26;47mM[38;2;24;23;42mW[38;2;27;26;48mM[38;2;24;23;42mW[38;2;27;26;47mM[38;2;20;20;36m&[38;2;27;26;47mM[38;2;27;26;48mM[38;2;27;26;47mMMMM                  [0m
         [38;2;3;3;5m$[38;2;27;26;47mMM[38;2;24;23;42mW[38;2;27;26;47mM[38;2;24;23;42mWWW[38;2;27;26;47mM[38;2;20;20;36m&[38;2;27;26;48mMM[38;2;27;26;47mMMMMM                      MMMMMMM[38;2;24;23;42mW[38;2;27;26;47mMM[38;2;24;23;42mW[38;2;27;26;48mM[38;2;27;26;47mM[38;2;12;11;20m%                  [0m
          [38;2;27;26;47mM[38;2;24;23;42mW[38;2;27;26;47mM[38;2;24;23;42mW[38;2;27;26;48mM[38;2;24;23;42mW[38;2;27;26;47mM[38;2;20;20;36m&[38;2;27;26;47mM[38;2;27;26;48mM[38;2;27;26;47mMMMM[38;2;24;23;42mW                       [38;2;3;3;5m$[38;2;27;26;48mM[38;2;27;26;47mMMMMMM[38;2;27;26;48mM[38;2;27;26;47mMM[38;2;27;26;48mMM[38;2;27;26;47mM                  [0m
          [38;2;27;26;47mMM[38;2;27;26;48mM[38;2;27;26;47mMM[38;2;27;26;48mMM[38;2;27;26;47mMMMMMM                          [38;2;24;23;42mW[38;2;27;26;47mM[38;2;24;23;42mW[38;2;27;26;47mMM[38;2;24;23;42mW[38;2;27;26;47mMM[38;2;20;20;36m&[38;2;27;26;48mM[38;2;27;26;47mMMM                  [0m
          [38;2;27;26;48mM[38;2;27;26;47mM[38;2;27;26;48mM[38;2;27;26;47mMM[38;2;27;26;48mMM[38;2;27;26;47mMMMMM                          [38;2;16;15;27m8[38;2;27;26;47mM[38;2;24;23;42mW[38;2;27;26;47mM[38;2;24;23;42mWWW[38;2;27;26;47mM[38;2;20;20;36m&[38;2;27;26;48mMM[38;2;27;26;47mMMM                  [0m
          [38;2;27;26;48mM[38;2;27;26;47mM[38;2;27;26;48mM[38;2;27;26;47mMM[38;2;27;26;48mMM[38;2;27;26;47mMMMM[38;2;16;15;27m8                          [38;2;20;20;36m&[38;2;27;26;47mM[38;2;24;23;42mW[38;2;27;26;47mM[38;2;24;23;42mWWW[38;2;27;26;47mM[38;2;20;20;36m&[38;2;27;26;48mMM[38;2;27;26;47mMMMM                 [0m
          [38;2;24;23;42mW[38;2;27;26;47mMMM[38;2;27;26;48mM[38;2;27;26;47mMM[38;2;27;26;48mMM[38;2;27;26;47mMMM                           [38;2;16;15;27m8[38;2;27;26;47mMM[38;2;27;26;48mM[38;2;27;26;47mMM[38;2;27;26;48mMM[38;2;27;26;47mMMMMMM[38;2;16;15;27m8                [0m
          [38;2;29;26;35mW[38;2;27;26;47mM[38;2;24;23;42mW[38;2;27;26;48mM[38;2;27;26;47mMMM[38;2;27;26;48mM[38;2;20;20;36m&[38;2;27;26;47mMMM                            [38;2;20;20;36m&&[38;2;27;26;47mMMMMMMMMMMM[38;2;17;17;30m8                [0m
          [38;2;16;15;27m8[38;2;27;26;48mM[38;2;27;26;47mM[38;2;24;23;42mW[38;2;27;26;47mMM[38;2;24;23;42mW[38;2;27;26;47mMM[38;2;20;20;36m&[38;2;27;26;48mM[38;2;27;26;47mM                             [38;2;24;23;42mW[38;2;27;26;47mMMMM[38;2;20;20;36m&[38;2;27;26;47mMMM[38;2;27;26;48mM[38;2;27;26;47mMM[38;2;7;8;13mB                [0m
          [38;2;3;3;5m$[38;2;27;26;48mM[38;2;27;26;47mMMMMMM[38;2;24;23;42mW[38;2;27;26;48mM[38;2;27;26;47mMM                             [38;2;16;15;27m8[38;2;20;20;36m&[38;2;27;26;48mM[38;2;27;26;47mMMMMMMMMMM                [0m
           [38;2;20;20;36m&[38;2;27;26;47mM[38;2;24;23;42mW[38;2;27;26;47mMM[38;2;24;23;42mW[38;2;27;26;47mMM[38;2;20;20;36m&[38;2;27;26;48mM[38;2;27;26;47mM                              M[38;2;24;23;42mW[38;2;27;26;47mMM[38;2;24;23;42mW[38;2;27;26;47mMM[38;2;20;20;36m&[38;2;27;26;48mM[38;2;27;26;47mMMM                [0m
