                                                                                [0m
                                                                                [0m
                                                                                [0m
                                                                                [0m
                                                                                [0m
                                                                                [0m
                                                                                [0m
                                      [38;2;36;34;37m#[38;2;212;195;179m_                                        [0m
                                  [38;2;212;195;179m_[38;2;255;233;213m:[38;2;204;146;133m|[38;2;158;114;104mv[38;2;196;187;167m[[38;2;255;237;216m:[38;2;204;187;171m?[38;2;172;158;147m|        [38;2;120;103;94mU[38;2;43;41;51mo                            [0m
                                [38;2;3;3;5m$[38;2;254;242;214m,[38;2;255;233;213m:[38;2;255;237;216m:[38;2;204;146;133m|[38;2;170;121;110mn[38;2;125;90;83mC[38;2;206;150;137m([38;2;229;190;173m_[38;2;172;158;147m|[38;2;156;146;134mf     [38;2;245;225;205mI[38;2;255;233;213m:[38;2;196;187;167m[[38;2;221;175;160m[[38;2;200;143;130m/[38;2;255;233;213m:[38;2;255;237;216m:[38;2;154;133;122mx                        [0m
                             [38;2;24;23;42mW[38;2;27;26;47mM[38;2;41;40;50moo[38;2;106;100;91mC[38;2;255;237;216m:[38;2;255;233;213m:[38;2;252;230;210m;[38;2;255;233;213m:[38;2;224;181;165m?[38;2;219;170;155m][38;2;99;75;71mZ[38;2;214;188;172m?[38;2;255;237;216m::   [38;2;254;242;214m,[38;2;243;212;194mi[38;2;200;143;130m/[38;2;204;146;133m|[38;2;170;121;110mn[38;2;204;146;133m|[38;2;255;237;216m:[38;2;255;233;213m:[38;2;255;237;216m:[38;2;3;3;5m$                       [0m
                          [38;2;20;20;36m&[38;2;27;26;47mMM[38;2;41;40;50mo[38;2;27;26;47mMM[38;2;27;26;48mM[38;2;27;26;47mM[38;2;3;3;5m$[38;2;195;174;158m{[38;2;24;23;42mW[38;2;154;133;122mx[38;2;245;225;205mI[38;2;252;230;210m;[38;2;226;212;190m>[38;2;106;100;91mC[38;2;36;34;37m#   [38;2;204;146;133m|[38;2;200;143;130m/[38;2;145;104;95mX[38;2;114;82;75mQ[38;2;206;150;137m([38;2;235;198;181m~[38;2;255;233;213m:[38;2;255;237;216m:[38;2;255;233;213m::[38;2;16;15;28m8[38;2;27;26;47mM[38;2;27;26;48mM[38;2;3;3;5m$                    [0m
                        [38;2;27;26;47mM[38;2;27;26;48mM[38;2;27;26;47mMM[38;2;27;26;48mM[38;2;27;26;47mMMMM[38;2;27;26;48mM        [38;2;233;222;243ml [38;2;3;3;5m$[38;2;192;183;200m[[38;2;233;222;243mll[38;2;156;149;163mt[38;2;75;69;66mw[38;2;187;133;122mf[38;2;177;126;115mx[38;2;194;139;126mt[38;2;114;82;75mQ[38;2;43;41;51mo[38;2;27;26;48mM[38;2;41;40;50mo[38;2;27;26;48mM[38;2;27;26;47mMMM[38;2;16;15;28m8                  [0m
                     [38;2;3;3;5m$[38;2;27;26;48mM[38;2;41;40;50moo[38;2;27;26;47mMMM[38;2;27;26;48mM[38;2;27;26;47mMMM    [38;2;219;210;229m>[38;2;123;117;129mc [38;2;104;99;108mJ[38;2;219;210;229m>[38;2;233;222;243ml[38;2;228;218;238m!![38;2;233;222;243ml[38;2;228;218;238m![38;2;233;222;243mlll[38;2;228;218;238m![38;2;3;3;5m$     [38;2;27;26;47mMMM[38;2;41;40;50mo[38;2;27;26;47mMMM[38;2;27;26;48mM                [0m
                   [38;2;20;20;36m&[38;2;27;26;47mM[38;2;41;40;50mo[38;2;27;26;47mMMM[38;2;27;26;48mM[38;2;27;26;47mMM[38;2;41;40;50mo[38;2;16;15;28m8   [38;2;75;69;66mw [38;2;216;207;226m<[38;2;228;218;238m!!!!!!!!!!!!!![38;2;233;222;243ml[38;2;228;218;238m!!![38;2;3;3;5m$   [38;2;27;26;48mM[38;2;27;26;47mM[38;2;41;40;50mo[38;2;27;26;48mM[38;2;27;26;47mMMM[38;2;16;15;28m8              [0m
                [38;2;6;6;11m@[38;2;27;26;47mM[38;2;27;26;48mM[38;2;27;26;47mMMMMMM[38;2;17;17;30m8[38;2;27;26;47mM[38;2;17;17;30m8     [38;2;219;210;229m>[38;2;123;117;129mc[38;2;233;222;243ml[38;2;228;218;238m!!!!!!![38;2;233;222;243ml[38;2;228;218;238m![38;2;120;103;94mU[38;2;233;222;243ml[38;2;162;152;164m/[38;2;228;218;238m!![38;2;192;183;200m[[38;2;233;222;243ml[38;2;228;218;238m![38;2;114;107;116mY     [38;2;20;20;36m&[38;2;27;26;47mMM[38;2;27;26;48mM[38;2;27;26;47mMMMM[38;2;3;3;5m$            [0m
               [38;2;24;23;42mW[38;2;27;26;47mMM[38;2;41;40;50mo[38;2;27;26;48mM[38;2;27;26;47mMMMMMM       [38;2;43;41;51mo[38;2;233;222;243ml[38;2;228;218;238m!!!!![38;2;224;215;234mi[38;2;228;218;238m![38;2;125;90;83mC[38;2;216;207;226m<[38;2;3;3;5m$[38;2;66;63;88mq[38;2;212;202;221m~[38;2;200;191;208m-[38;2;219;210;229m>[38;2;180;172;187m}[38;2;162;152;164m/[38;2;24;23;42mW[38;2;228;218;238m!!      [38;2;20;20;36m&[38;2;41;40;50moo[38;2;27;26;47mMMM[38;2;27;26;48mM[38;2;27;26;47mMMM          [0m
              [38;2;33;29;39m#[38;2;27;26;48mM[38;2;27;26;47mMMMM[38;2;41;40;50mo[38;2;27;26;48mM[38;2;27;26;47mMM        [38;2;200;191;208m-[38;2;233;222;243mll[38;2;228;218;238m!![38;2;224;215;234mi[38;2;233;222;243ml[38;2;228;218;238m![38;2;24;23;42mW[38;2;158;114;104mv[38;2;196;180;164m][38;2;3;3;5m$[38;2;27;26;47mM[38;2;27;26;48mM[38;2;87;83;87mO[38;2;158;114;104mv[38;2;148;141;161mj[38;2;3;3;5m$[38;2;27;26;48mM[38;2;27;26;47mM[38;2;20;20;36m&[38;2;219;210;229m>[38;2;156;149;163mt[38;2;192;183;200m[[38;2;123;117;129mc     [38;2;27;26;48mM[38;2;27;26;47mMMMMMM[38;2;41;40;50mo[38;2;27;26;47mM[38;2;8;7;13m@        [0m
               [38;2;24;23;42mW[38;2;41;40;50mo[38;2;27;26;48mM[38;2;27;26;47mMMMMMM[38;2;3;3;5m$      [38;2;104;99;108mJ  [38;2;192;183;200m[[38;2;208;199;217m+[38;2;228;218;238m![38;2;99;75;71mZ[38;2;233;222;243ml[38;2;216;207;226m<[38;2;254;242;214m,[38;2;196;187;167m[[38;2;252;230;210m;[38;2;255;233;213m:::[38;2;255;237;216m:[38;2;252;230;210m;[38;2;200;143;130m/[38;2;204;146;133m|[38;2;247;233;207m;[38;2;196;187;167m[[38;2;233;222;243mll[38;2;212;202;221m~[38;2;104;99;108mJ       [38;2;24;23;42mW[38;2;27;26;47mMMM[38;2;41;40;50moo[38;2;27;26;47mMMM[38;2;16;15;28m8       [0m
                [38;2;27;26;48mM[38;2;27;26;47mMM[38;2;41;40;50moo[38;2;27;26;47mMMM[38;2;27;26;48mM[38;2;27;26;47mM      [38;2;41;40;50mo[38;2;180;172;187m}[38;2;228;218;238m![38;2;233;222;243ml[38;2;228;218;238m![38;2;165;131;121mr[38;2;170;121;110mn[38;2;172;158;147m|[38;2;252;230;210m;[38;2;255;233;213m:[38;2;252;230;210m;[38;2;255;233;213m:::[38;2;154;133;122mxx[38;2;185;169;154m1[38;2;226;212;190m>[38;2;255;233;213m:[38;2;255;237;216m:[38;2;168;160;175m([38;2;200;191;208m-          [38;2;27;26;47mMMMMMMMM[38;2;17;17;30m8       [0m
                 [38;2;24;23;42mW[38;2;41;40;50mo[38;2;27;26;48mM[38;2;27;26;47mMMMMMMM[38;2;6;6;11m@        [38;2;233;222;243ml[38;2;180;172;187m}[38;2;148;141;154mj[38;2;167;154;140m/[38;2;178;127;116mr[38;2;250;226;206mI[38;2;255;233;213m:[38;2;255;237;216m:[38;2;255;233;213m::::::[38;2;252;230;210m;[38;2;255;233;213m:           [38;2;24;23;42mW[38;2;27;26;48mM[38;2;27;26;47mMMMM[38;2;41;40;50mo[38;2;27;26;47mMMM       [0m
                  [38;2;24;23;42mW[38;2;27;26;47mMM[38;2;41;40;50mo[38;2;27;26;47mMMM[38;2;27;26;48mM[38;2;27;26;47mMMM[38;2;6;6;11m@    [38;2;87;83;87mO[38;2;203;194;212m_ [38;2;139;131;141mn[38;2;114;107;116mY[38;2;164;156;171m|[38;2;204;146;133m|[38;2;200;143;130m/[38;2;206;150;137m([38;2;221;175;160m[[38;2;254;242;214m,[38;2;255;233;213m:::[38;2;255;237;216m:[38;2;252;230;210m;;[38;2;255;233;213m:         [38;2;24;23;42mW[38;2;27;26;47mMMMMMMMMMM        [0m
                   [38;2;3;3;5m$[38;2;27;26;47mMMMMMMMMMMM [38;2;27;26;48mM[38;2;27;26;47mMMM[38;2;3;3;5m$[38;2;87;83;87mO [38;2;20;20;36m&[38;2;16;15;28m8[38;2;125;90;83mC[38;2;206;150;137m([38;2;204;146;133m|||[38;2;200;143;130m/[38;2;204;146;133m||[38;2;200;143;130m/[38;2;75;69;66mw       [38;2;20;20;36m&[38;2;27;26;48mM[38;2;27;26;47mMMMMMMMMMM[38;2;17;17;30m8         [0m
                    [38;2;3;3;5m$[38;2;27;26;48mM[38;2;27;26;47mMMMMMMMM[38;2;41;40;50mo[38;2;24;23;42mW[38;2;27;26;47mMMMMM[38;2;41;40;50mo[38;2;6;6;11m@[38;2;27;26;48mM[38;2;27;26;47mMMMM[38;2;16;15;28m8[38;2;27;26;47mMMMMM    [38;2;3;3;5m$[38;2;27;26;47mMMMMMMMMMMMMMM[38;2;16;15;28m8          [0m
                      [38;2;24;23;42mW[38;2;27;26;47mMMMMM[38;2;41;40;50mo[38;2;16;15;28m8[38;2;27;26;48mMM[38;2;27;26;47mMMMMMM[38;2;27;26;48mM[38;2;24;23;42mW[38;2;27;26;47mM[38;2;41;40;50mo[38;2;27;26;47mMM[38;2;11;11;20m%[38;2;27;26;48mM[38;2;27;26;47mMMMM[38;2;11;11;20m%[38;2;27;26;48mM[38;2;27;26;47mMMMMMMMMMM[38;2;17;17;30m8[38;2;27;26;47mM[38;2;27;26;48mM[38;2;27;26;47mMM[38;2;41;40;50mo            [0m
                       [38;2;11;11;20m%[38;2;27;26;47mMM[38;2;41;40;50mo[38;2;27;26;47mMMMMMMMMMMMM[38;2;41;40;50moo[38;2;27;26;47mMMM[38;2;16;15;28m8[38;2;27;26;47mM[38;2;41;40;50mo[38;2;27;26;48mM[38;2;27;26;47mMMMMMMMMMMMMMMMMM[38;2;41;40;50mo[38;2;24;23;42mW             [0m
                         [38;2;24;23;42mW[38;2;27;26;47mMMM[38;2;41;40;50mo[38;2;27;26;48mM[38;2;41;40;50moo[38;2;27;26;47mMMM[38;2;27;26;48mM[38;2;27;26;47mMMM[38;2;27;26;48mM[38;2;27;26;47mMMMMM[38;2;16;15;28m8[38;2;7;8;13mB[38;2;17;17;30m8[38;2;20;20;36m&[38;2;43;41;51mo[38;2;36;34;37m#[38;2;27;26;47mM[38;2;27;26;48mM[38;2;27;26;47mMMMMMMMM[38;2;27;26;48mM[38;2;27;26;47mMM               [0m
                          [38;2;16;15;28m8[38;2;27;26;47mMM[38;2;17;17;30m8[38;2;27;26;47mMMMMMMM[38;2;41;40;50moo[38;2;27;26;47mMMM[38;2;27;26;48mM[38;2;27;26;47mMMM[38;2;27;26;48mM[38;2;27;26;47mMMMMMMM[38;2;27;26;48mM[38;2;27;26;47mMMMMMM[38;2;17;17;30m8[38;2;27;26;47mM[38;2;3;3;5m$                [0m
                            [38;2;24;23;42mWW[38;2;27;26;47mMMMMMM[38;2;27;26;48mM[38;2;27;26;47mMMMMMM[38;2;17;17;30m8[38;2;27;26;47mM[38;2;27;26;48mM[38;2;27;26;47mMMM[38;2;27;26;48mM[38;2;27;26;47mMMMM[38;2;27;26;48mM[38;2;27;26;47mMMMMMM[38;2;17;17;30m8                  [0m
                             [38;2;17;17;30m8[38;2;27;26;47mMMMMMMMMMMMM[38;2;41;40;50mo[38;2;27;26;48mM[38;2;27;26;47mMMMMMMMM[38;2;27;26;48mM[38;2;27;26;47mMMMMMMM[38;2;3;3;5m$                   [0m
                             [38;2;24;23;42mW[38;2;27;26;47mMMMMM[38;2;17;17;30m8[38;2;27;26;47mM[38;2;41;40;50moo[38;2;27;26;47mMMM[38;2;27;26;48mM[38;2;27;26;47mMMM[38;2;27;26;48mM[38;2;27;26;47mMMMMM[38;2;16;15;28m8[38;2;27;26;47mMMMMM[38;2;27;26;48mM[38;2;3;3;5m$                    [0m
                             [38;2;24;23;42mW[38;2;27;26;47mMMMMMM[38;2;27;26;48mM[38;2;27;26;47mMMMMMM[38;2;17;17;30m8[38;2;27;26;47mM[38;2;27;26;48mM[38;2;27;26;47mMMM[38;2;27;26;48mM[38;2;27;26;47mMMM[38;2;27;26;48mM[38;2;27;26;47mMMMMM                     [0m
                             [38;2;27;26;48mM[38;2;27;26;47mM[38;2;41;40;50mo[38;2;27;26;47mMMM[38;2;27;26;48mM[38;2;27;26;47mMMM[38;2;27;26;48mM[38;2;27;26;47mMM[38;2;20;20;36m&[38;2;27;26;47mMMMMMMMM[38;2;41;40;50mo[38;2;24;23;42mW[38;2;27;26;48mM[38;2;27;26;47mM[38;2;27;26;48mM[38;2;27;26;47mM[38;2;27;26;48mM[38;2;27;26;47mM                     [0m
                             [38;2;27;26;48mM[38;2;27;26;47mMMMMMMMM[38;2;27;26;48mM[38;2;27;26;47mMMMMMMMMMMM[38;2;17;17;30m8[38;2;27;26;47mM[38;2;27;26;48mM[38;2;27;26;47mMM[38;2;20;20;36m&[38;2;27;26;48mM[38;2;27;26;47mMM                     [0m
                             [38;2;24;23;42mW[38;2;27;26;47mMMMMMMM[38;2;41;40;50mo[38;2;27;26;47mMMM[38;2;27;26;48mM[38;2;27;26;47mMMM[38;2;27;26;48mM[38;2;27;26;47mMM[38;2;20;20;36m&[38;2;27;26;47mMMMMMMMMM[38;2;41;40;50mo[38;2;16;15;28m8                    [0m
                             [38;2;27;26;47mM[38;2;27;26;48mM[38;2;27;26;47mMMMMMM[38;2;17;17;30m8[38;2;27;26;47mM[38;2;27;26;48mM[38;2;27;26;47mMMM[38;2;27;26;48mM[38;2;27;26;47mMMMMMMM[38;2;24;23;42mW[38;2;27;26;47mMMMMMMMM                    [0m
                             [38;2;27;26;47mM[38;2;27;26;48mM[38;2;27;26;47mMMMMMM[38;2;17;17;30m8[38;2;27;26;47mM[38;2;27;26;48mM[38;2;27;26;47mMMM[38;2;27;26;48mM[38;2;27;26;47mMMMMMMM[38;2;24;23;42mW[38;2;27;26;47mM[38;2;27;26;48mM[38;2;27;26;47mMMMMMM                    [0m
                             [38;2;27;26;48mM[38;2;27;26;47mMMMMMMMM[38;2;27;26;48mM[38;2;27;26;47mMMMM[38;2;41;40;50moo[38;2;27;26;47mMMM[38;2;27;26;48mM[38;2;27;26;47mMMM[38;2;27;26;48mM[38;2;27;26;47mMMMMMMM[38;2;16;15;28m8                   [0m
                            [38;2;16;15;28m8[38;2;27;26;47mM[38;2;27;26;48mM[38;2;27;26;47mMMMMMM[38;2;17;17;30m8[38;2;27;26;47mM[38;2;27;26;48mM[38;2;27;26;47mMMM[38;2;27;26;48mM[38;2;27;26;47mMMMMMMM[38;2;24;23;42mW[38;2;27;26;47mMMMMM[38;2;41;40;50moo[38;2;27;26;47mMM[38;2;11;11;20m%                  [0m
                            [38;2;16;15;28m8[38;2;27;26;48mM[38;2;27;26;47mMMMMMMMMMMMMMM[38;2;27;26;48mM[38;2;27;26;47mMMMMMM[38;2;17;17;30m8[38;2;27;26;47mM[38;2;27;26;48mM[38;2;27;26;47mMMM[38;2;27;26;48mM[38;2;27;26;47mMMMM                  [0m
                            [38;2;17;17;30m8[38;2;27;26;48mM[38;2;27;26;47mMMMMMMMMMMMMMMM[38;2;41;40;50mo[38;2;27;26;47mMMM[38;2;27;26;48mM[38;2;27;26;47mMMM[38;2;27;26;48mM[38;2;27;26;47mMM[38;2;20;20;36m&[38;2;27;26;47mMMMMM                  [0m
                            [38;2;17;17;30m8[38;2;27;26;48mM[38;2;27;26;47mMMMMMM[38;2;24;23;42mW[38;2;27;26;47mMMMMMMMMM[38;2;17;17;30m8[38;2;27;26;47mM[38;2;27;26;48mM[38;2;27;26;47mMM[38;2;20;20;36m&[38;2;27;26;48mM[38;2;27;26;47mMMMMMMM[38;2;24;23;42mW[38;2;27;26;47mMM                 [0m
                            [38;2;27;26;48mM[38;2;41;40;50moo[38;2;27;26;47mMMM[38;2;27;26;48mM[38;2;27;26;47mMMM[38;2;27;26;48mM[38;2;27;26;47mMMMMMMMMMMMMM[38;2;27;26;48mMM[38;2;27;26;47mMMMMMMMMM[38;2;3;3;5m$                [0m
                             [38;2;16;15;28m8[38;2;27;26;47mM[38;2;27;26;48mM[38;2;27;26;47mMM[38;2;17;17;30m88[38;2;11;11;20m%[38;2;24;23;42mW[38;2;20;20;36m&[38;2;24;23;42mW[38;2;20;20;36m&[38;2;27;26;47mM[38;2;24;23;42mW[38;2;27;26;47mM[38;2;11;11;20m%[38;2;24;23;42mW[38;2;16;15;28m8[38;2;24;23;42mW[38;2;16;15;28m8[38;2;24;23;42mW[38;2;17;17;30m8[38;2;24;23;42mW[38;2;27;26;48mM[38;2;27;26;47mMM[38;2;17;17;30m8[38;2;27;26;47mM[38;2;41;40;50mo[38;2;27;26;47mMMM[38;2;27;26;48mM                  [0m
                           [38;2;16;15;28m8[38;2;27;26;47mMMMMM[38;2;41;40;50moo[38;2;27;26;47mMMM[38;2;27;26;48mM[38;2;27;26;47mMMM[38;2;27;26;48mM[38;2;27;26;47mM[38;2;20;20;36m&[38;2;27;26;47mMMMMMMMMMM[38;2;41;40;50moo[38;2;27;26;47mMMM[38;2;27;26;48mM[38;2;27;26;47mM[38;2;6;6;11m@                 [0m
                           [38;2;16;15;28m8[38;2;27;26;47mMMMMMMMM[38;2;17;17;30m8[38;2;27;26;47mM[38;2;27;26;48mM[38;2;27;26;47mMM[38;2;20;20;36m&[38;2;27;26;48mM[38;2;27;26;47mMMMM[38;2;11;11;20m%[38;2;27;26;47mM[38;2;27;26;48mM[38;2;27;26;47mMMMMMMMM[38;2;17;17;30m8[38;2;27;26;47mM[38;2;27;26;48mM[38;2;27;26;47mMM                 [0m
                           [38;2;16;15;28m8[38;2;27;26;47mMMMMMMM[38;2;41;40;50mo[38;2;27;26;47mMMM[38;2;27;26;48mM[38;2;27;26;47mMMM[38;2;27;26;48mM[38;2;27;26;47mMM[38;2;20;20;36m&[38;2;27;26;47mMMMMMMMMMM[38;2;27;26;48mM[38;2;27;26;47mMM[38;2;41;40;50mo[38;2;27;26;48mM[38;2;27;26;47mM                 [0m
                          [38;2;16;15;28m8[38;2;27;26;48mM[38;2;27;26;47mMMMMM[38;2;25;22;35mW[38;2;27;26;47mM[38;2;27;26;48mM[38;2;27;26;47mMMMMMMMM[38;2;17;17;30m8[38;2;27;26;47mM[38;2;27;26;48mM[38;2;27;26;47mMM[38;2;20;20;36m&[38;2;27;26;48mM[38;2;27;26;47mMMMMMMM[38;2;24;23;42mW[38;2;27;26;47mM[38;2;17;17;30m8[38;2;27;26;47mMM[38;2;7;8;13mB                [0m
                          [38;2;27;26;48mM[38;2;27;26;47mMMMMMMMMMMMMMMMMM[38;2;16;15;28m8[38;2;27;26;48mM[38;2;27;26;47mMMMMMM[38;2;27;26;48mM[38;2;27;26;47mMMMMMM[38;2;17;17;30m8[38;2;27;26;47mM[38;2;27;26;48mM[38;2;27;26;47mMM[38;2;3;3;5m$$              [0m
                         [38;2;16;15;28m8[38;2;27;26;47mMMMMMMMMMMMMMMMMM[38;2;41;40;50mo[38;2;24;23;42mW[38;2;27;26;48mM[38;2;27;26;47mM[38;2;27;26;48mM[38;2;27;26;47mM[38;2;27;26;48mM[38;2;27;26;47mMM[38;2;27;26;48mM[38;2;27;26;47mMMMMMM[38;2;17;17;30m8[38;2;27;26;47mM[38;2;27;26;48mM[38;2;27;26;47mMM                [0m
                        [38;2;27;26;48mM[38;2;27;26;47mM[38;2;27;26;48mM[38;2;27;26;47mMMMMMM[38;2;17;17;30m8[38;2;27;26;47mM[38;2;27;26;48mM[38;2;27;26;47mMMM[38;2;27;26;48mM[38;2;27;26;47mMMMMMMM[38;2;24;23;42mW[38;2;27;26;47mM[38;2;17;17;30m8[38;2;27;26;47mMMMMMMMMMMMMMM                [0m
                       [38;2;24;23;42mW[38;2;27;26;47mM[38;2;41;40;50moo[38;2;27;26;47mMMM[38;2;27;26;48mM[38;2;27;26;47mMMM[38;2;27;26;48mM[38;2;27;26;47mMMMM[38;2;17;17;30m8[38;2;27;26;47mMMMMM[38;2;17;17;30m8[38;2;27;26;47mMMMMMMM[38;2;24;23;42mW[38;2;27;26;47mMMMM[38;2;27;26;48mM[38;2;27;26;47mMMMMM[38;2;16;15;28m8               [0m
                      [38;2;41;40;50mo[38;2;27;26;48mM[38;2;27;26;47mMMMMMMMMMMMMMMMMMMMMM M[38;2;41;40;50moo[38;2;27;26;47mMMM[38;2;27;26;48mM[38;2;27;26;47mMMM[38;2;27;26;48mM[38;2;27;26;47mMMMMMMMM               [0m
                     [38;2;27;26;47mMMMMMMMMMMMM[38;2;41;40;50mo[38;2;24;23;42mW[38;2;27;26;48mM[38;2;27;26;47mM[38;2;3;3;5m$[38;2;17;17;30m8[38;2;20;20;36m&[38;2;24;23;42mW[38;2;27;26;48mM[38;2;27;26;47mM   [38;2;16;15;28m8[38;2;27;26;47mMMMMM[38;2;27;26;48mM[38;2;27;26;47mMM[38;2;41;40;50moo[38;2;27;26;47mMMM[38;2;27;26;48mM[38;2;27;26;47mMMM[38;2;27;26;48mM               [0m
                    [38;2;27;26;47mMMMMMMMM[38;2;17;17;30m8[38;2;27;26;47mM[38;2;27;26;48mM[38;2;27;26;47mMM[38;2;20;20;36m&[38;2;27;26;48mM[38;2;27;26;47mMMMMMM      [38;2;7;8;13mB[38;2;27;26;47mMMM[38;2;41;40;50mo[38;2;27;26;47mMMM[38;2;27;26;48mM[38;2;27;26;47mMMM[38;2;27;26;48mM[38;2;27;26;47mMM[38;2;20;20;36m&[38;2;27;26;47mMM               [0m
                   [38;2;16;15;28m8[38;2;27;26;47mMMMMMMM[38;2;41;40;50moo[38;2;27;26;47mMMM[38;2;27;26;48mM[38;2;27;26;47mMMM[38;2;27;26;48mM[38;2;27;26;47mMM[38;2;3;3;5m$        [38;2;20;20;36m&[38;2;27;26;47mMMMMMMMMMMMM[38;2;41;40;50moo[38;2;27;26;47mMM               [0m
                  [38;2;27;26;47mM[38;2;41;40;50moo[38;2;27;26;47mMMM[38;2;27;26;48mM[38;2;27;26;47mMMM[38;2;27;26;48mM[38;2;27;26;47mMMMMMMMMM           [38;2;17;17;30m8[38;2;27;26;48mM[38;2;27;26;47mMMMMMMMM[38;2;27;26;48mM[38;2;27;26;47mMMMMM               [0m
                 [38;2;27;26;48mM[38;2;27;26;47mMMMMMMMMMMMMMMMMM[38;2;20;20;36m&              [38;2;17;17;30m8[38;2;27;26;47mM[38;2;41;40;50mo[38;2;27;26;48mM[38;2;27;26;47mMMMMMMMMMMM               [0m
                [38;2;27;26;47mMMMMMMMMMM[38;2;17;17;30m8[38;2;27;26;47mM[38;2;27;26;48mM[38;2;27;26;47mMM[38;2;20;20;36m&[38;2;27;26;48mM[38;2;27;26;47mMM                [38;2;17;17;30m8[38;2;41;40;50mo[38;2;27;26;48mM[38;2;27;26;47mMMMMMMMMMMM               [0m
              [38;2;17;17;30m8[38;2;27;26;48mM[38;2;27;26;47mMM[38;2;27;26;48mM[38;2;27;26;47mMMMMMM[38;2;17;17;30m8[38;2;27;26;47mM[38;2;27;26;48mM[38;2;27;26;47mMMM[38;2;27;26;48mM[38;2;27;26;47mM[38;2;17;17;30m8                  [38;2;27;26;47mMMMMMMMMMM[38;2;17;17;30m8[38;2;27;26;47mM[38;2;27;26;48mM               [0m
              [38;2;24;23;42mW[38;2;27;26;47mMM[38;2;41;40;50mo[38;2;27;26;47mMMM[38;2;27;26;48mM[38;2;27;26;47mMMM[38;2;27;26;48mM[38;2;27;26;47mMM[38;2;20;20;36m&[38;2;27;26;47mMMM                    M[38;2;41;40;50moo[38;2;27;26;47mMMM[38;2;27;26;48mM[38;2;27;26;47mMMM[38;2;27;26;48mM[38;2;27;26;47mMM               [0m
              [38;2;27;26;48mM[38;2;27;26;47mMMMM[38;2;24;23;42mWW[38;2;27;26;47mMMMMMM[38;2;41;40;50moo[38;2;27;26;47mMM                     [38;2;11;11;20m%[38;2;27;26;48mM[38;2;27;26;47mM[38;2;41;40;50mo[38;2;27;26;47mMMM[38;2;27;26;48mM[38;2;27;26;47mMMM[38;2;27;26;48mM[38;2;27;26;47mM               [0m
              [38;2;27;26;47mMMMMMM[38;2;27;26;48mM[38;2;27;26;47mMMMMMM[38;2;17;17;30m8[38;2;27;26;47mM[38;2;3;3;5m$                       [38;2;24;23;42mW[38;2;41;40;50mo[38;2;27;26;48mM[38;2;27;26;47mMMMMMMMMM               [0m
              [38;2;27;26;48mM[38;2;27;26;47mM[38;2;41;40;50mo[38;2;27;26;48mM[38;2;27;26;47mMMMMMMMMM[38;2;7;8;13mB                         [38;2;27;26;47mMMMMMMMMM[38;2;17;17;30m8[38;2;27;26;47mM[38;2;27;26;48mM[38;2;27;26;47mM              [0m
              [38;2;27;26;48mM[38;2;27;26;47mMMM[38;2;27;26;48mM[38;2;27;26;47mMMMMMM[38;2;17;17;30m8                          [38;2;16;15;28m8[38;2;27;26;48mM[38;2;27;26;47mMMM[38;2;27;26;48mM[38;2;27;26;47mMMMM[38;2;41;40;50mo[38;2;27;26;48mM[38;2;27;26;47mMM              [0m
              [38;2;27;26;47mMM[38;2;41;40;50mo[38;2;27;26;48mM[38;2;27;26;47mMMMMMMMM                          [38;2;6;6;11m@[38;2;27;26;47mMMMMMMMMMMMMMM             [0m
             [38;2;11;11;20m%[38;2;27;26;47mMMMM[38;2;27;26;48mM[38;2;27;26;47mMMMMMM                             [38;2;27;26;48mMM[38;2;27;26;47mMMMMMMMMMMM             [0m
             [38;2;3;3;5m$[38;2;24;23;42mW[38;2;27;26;47mMM[38;2;41;40;50mo[38;2;27;26;47mMMM[38;2;27;26;48mM[38;2;27;26;47mMMM                             MMMMMMMMMM[38;2;17;17;30m8[38;2;27;26;47mM[38;2;27;26;48mM[38;2;11;11;20m%            [0m
             [38;2;16;15;28m8[38;2;27;26;47mMMM[38;2;41;40;50mo[38;2;27;26;47mMMM[38;2;27;26;48mM[38;2;27;26;47mMMM                             [38;2;27;26;48mM[38;2;27;26;47mM[38;2;41;40;50mo[38;2;27;26;48mM[38;2;27;26;47mMMMMMMMMM[38;2;7;8;13mB            [0m
              [38;2;27;26;47mMMM[38;2;41;40;50mo[38;2;27;26;47mMMM[38;2;27;26;48mM[38;2;27;26;47mMMM                             [38;2;27;26;48mMM[38;2;41;40;50mo[38;2;27;26;48mM[38;2;27;26;47mMMMMMMMMM[38;2;7;8;13mB            [0m
              [38;2;27;26;47mMMM[38;2;41;40;50moo[38;2;27;26;47mMMM[38;2;27;26;48mM[38;2;27;26;47mMM                             MMMM[38;2;27;26;48mM[38;2;27;26;47mMMMMMM[38;2;17;17;30m8[38;2;27;26;47mM[38;2;16;15;28m8            [0m
