                                                                                [0m
                                                                                [0m
                                                                                [0m
                                                                                [0m
                                                                                [0m
                                                                                [0m
                                      [38;2;226;212;190m>[38;2;255;236;216m:                                        [0m
                                  [38;2;251;230;210m;[38;2;255;233;213m:[38;2;210;175;160m][38;2;206;150;137m(([38;2;238;205;187m<[38;2;167;154;140m/[38;2;233;216;195mi[38;2;142;138;119mx     [38;2;120;103;94mU[38;2;185;169;154m1[38;2;255;233;213m:[38;2;245;225;205mI[38;2;188;180;166m{                           [0m
                              [38;2;11;11;20m%[38;2;33;29;39m#[38;2;2;2;5m$[38;2;255;236;216m:[38;2;255;233;213m::[38;2;206;150;137m([38;2;200;143;130m/[38;2;99;75;71mZ[38;2;200;143;130m/[38;2;134;99;90mU[38;2;229;190;173m_[38;2;255;236;216m:[38;2;106;100;91mC   [38;2;218;200;183m+[38;2;212;195;179m_[38;2;255;233;213m:[38;2;114;82;75mQ[38;2;206;150;137m([38;2;158;114;104mv[38;2;255;236;216m:[38;2;254;242;214m,[38;2;2;2;5m$                        [0m
                            [38;2;24;23;42mW[38;2;27;26;47mMMMMM[38;2;255;236;216m:[38;2;255;233;213m:[38;2;250;226;206mI[38;2;255;236;216m:[38;2;255;233;213m::[38;2;235;198;181m~[38;2;255;236;216m::[38;2;250;226;206mI  [38;2;75;69;66mw[38;2;206;150;137m([38;2;125;90;83mC[38;2;204;146;133m|[38;2;158;114;104mv[38;2;204;146;133m|[38;2;255;236;216m:[38;2;255;233;213m:[38;2;250;226;206mI[38;2;255;236;216m:[38;2;226;206;189m<[38;2;2;2;5m$                      [0m
                          [38;2;27;26;48mM[38;2;27;26;47mMM[38;2;27;26;48mM[38;2;27;26;47mMMMMM[38;2;8;8;14mB           [38;2;99;75;71mZ[38;2;206;150;137m([38;2;204;146;133m|[38;2;207;150;137m([38;2;204;146;133m||||[38;2;164;139;127mj[38;2;27;26;48mM[38;2;27;26;47mMMM[38;2;6;6;11m@                   [0m
                       [38;2;16;15;28m8[38;2;27;26;47mMMMMMMMMMM    [38;2;17;17;30m8    [38;2;232;222;242ml  [38;2;216;207;226m<[38;2;232;222;242mll[38;2;184;175;192m{    [38;2;24;23;42mW[38;2;27;26;47mM[38;2;27;26;48mM[38;2;27;26;47mMMMM[38;2;27;26;48mM                  [0m
                    [38;2;2;2;5m$[38;2;24;23;42mW[38;2;27;26;47mM[38;2;27;26;48mM[38;2;27;26;47mMMMMMM[38;2;27;26;48mM[38;2;16;15;28m8    [38;2;104;99;108mJ[38;2;232;222;242ml [38;2;131;125;138mu[38;2;228;218;238m!!!!![38;2;232;222;242mll[38;2;228;218;238m!![38;2;232;222;242ml[38;2;114;107;116mY     [38;2;27;26;48mM[38;2;27;26;47mMMMMM[38;2;27;26;48mM[38;2;27;26;47mM                [0m
                  [38;2;16;15;28m8[38;2;27;26;48mM[38;2;27;26;47mMMMMMMMMM     [38;2;184;175;192m{[38;2;87;83;87mO[38;2;232;222;242ml[38;2;224;215;234mi[38;2;228;218;238m!!![38;2;232;222;242ml[38;2;228;218;238m!!![38;2;232;222;242mll[38;2;228;218;238m!!!!!![38;2;232;222;242mll[38;2;200;191;209m-  [38;2;27;26;48mM[38;2;27;26;47mMMMM[38;2;27;26;48mM[38;2;27;26;47mMM              [0m
                [38;2;20;20;36m&[38;2;27;26;48mM[38;2;27;26;47mMM[38;2;27;26;48mM[38;2;27;26;47mMMMM[38;2;27;26;48mM[38;2;27;26;47mM       [38;2;232;222;242ml[38;2;172;164;179m)[38;2;232;222;242mll[38;2;228;218;238m!!![38;2;208;199;217m+[38;2;232;222;242ml[38;2;219;210;229m>[38;2;232;222;242mll[38;2;212;202;221m~[38;2;232;222;242ml[38;2;224;215;234mi[38;2;232;222;242mll[38;2;228;218;238m!!!    [38;2;2;2;5m$[38;2;27;26;48mM[38;2;27;26;47mMMMMMM[38;2;27;26;48mM[38;2;27;26;47mM            [0m
               [38;2;27;26;47mMMMMMMMM[38;2;27;26;48mMM         [38;2;25;22;35mW[38;2;232;222;242ml[38;2;228;218;238m![38;2;232;222;242mll[38;2;228;218;238m![38;2;148;141;161mj[38;2;228;218;238m![38;2;168;160;175m([38;2;136;116;108mc[38;2;114;107;116mY[38;2;38;37;67moo[38;2;224;215;234mi[38;2;168;160;175m([38;2;228;218;238m![38;2;148;141;161mj[38;2;216;207;226m<[38;2;232;222;242mll[38;2;2;2;5m$     [38;2;27;26;48mM[38;2;27;26;47mMMMMM[38;2;27;26;48mM[38;2;27;26;47mMM[38;2;8;8;14mB          [0m
               [38;2;27;26;48mM[38;2;27;26;47mMM[38;2;27;26;48mM[38;2;27;26;47mMMMM[38;2;27;26;48mM       [38;2;2;2;5m$[38;2;228;218;238m![38;2;204;195;212m_[38;2;87;83;87mO[38;2;208;199;217m+[38;2;232;222;242mlll[38;2;228;218;238m![38;2;124;116;116mz[38;2;164;139;127mj[38;2;255;236;216m:[38;2;154;133;122mx[38;2;27;26;48mM[38;2;27;26;47mM[38;2;38;37;67mo[38;2;75;69;66mww[38;2;204;195;212m_[38;2;27;26;48mM[38;2;43;41;51mo[38;2;66;63;88mq[38;2;184;175;192m{[38;2;232;222;242ml[38;2;228;218;238m![38;2;87;83;87mO    [38;2;17;17;30m8[38;2;27;26;47mM[38;2;27;26;48mM[38;2;27;26;47mMMMMMM[38;2;16;15;28m8         [0m
               [38;2;24;23;42mW[38;2;27;26;47mMMMMMMMM[38;2;24;23;42mW         [38;2;124;116;116mz[38;2;148;141;161mj[38;2;156;149;162mt[38;2;204;195;212m_[38;2;147;135;145mx[38;2;224;215;234mi[38;2;167;154;140m/[38;2;254;242;214m,[38;2;251;230;210m;[38;2;254;242;214m,[38;2;255;236;216m:[38;2;255;233;213m:[38;2;251;230;210m;[38;2;254;242;214m,[38;2;229;190;173m_[38;2;207;150;137m([38;2;134;119;120mc[38;2;120;103;94mU[38;2;232;222;242ml[38;2;228;218;238m![38;2;212;202;221m~[38;2;156;149;162mt      [38;2;20;20;36m&[38;2;27;26;48mM[38;2;27;26;47mMMMMMM[38;2;27;26;48mM[38;2;27;26;47mM        [0m
                [38;2;27;26;48mM[38;2;27;26;47mMMM[38;2;27;26;48mM[38;2;27;26;47mMMMM[38;2;27;26;48mM[38;2;8;8;14mB      [38;2;87;83;87mO[38;2;147;135;145mx[38;2;139;131;141mn[38;2;228;218;238m![38;2;172;158;147m|[38;2;125;90;83mC[38;2;43;41;51mo[38;2;254;242;214m,[38;2;255;236;216m:[38;2;255;233;213m:[38;2;255;236;216m:[38;2;255;233;213m:[38;2;255;236;216m:[38;2;156;146;134mf[38;2;185;169;154m1[38;2;188;180;166m{[38;2;251;230;210m;[38;2;255;233;213m:[38;2;255;236;216m:[38;2;216;207;226m<[38;2;175;168;183m1[38;2;2;2;5m$[38;2;148;141;161mj       [38;2;27;26;47mMMMMMMMM[38;2;27;26;48mM        [0m
                 [38;2;27;26;48mM[38;2;27;26;47mMMMMMMMMMM       [38;2;156;146;134mf[38;2;184;175;192m{[38;2;180;172;188m}[38;2;224;215;234mi[38;2;158;114;104mv[38;2;170;121;110mn[38;2;238;205;187m<[38;2;255;233;213m:[38;2;255;236;216m:[38;2;255;233;213m:[38;2;255;236;216m:[38;2;255;233;213m:[38;2;255;236;216m:[38;2;254;242;214m,[38;2;255;233;213m:[38;2;250;226;206mI[38;2;255;236;216m:          [38;2;27;26;48mMM[38;2;27;26;47mMMMMMM[38;2;27;26;48mM[38;2;27;26;47mM        [0m
                  [38;2;27;26;48mM[38;2;27;26;47mMMMMMMMMMM[38;2;16;15;28m8  [38;2;24;23;42mW[38;2;2;2;5m$   [38;2;224;215;234mi[38;2;156;149;162mt[38;2;188;180;196m][38;2;206;150;137m([38;2;204;146;133m|[38;2;206;150;137m([38;2;214;167;153m{[38;2;255;233;213m::[38;2;250;226;206mI[38;2;255;236;216m:[38;2;255;233;213m::[38;2;255;236;216m:[38;2;255;233;213m:        [38;2;24;23;42mW[38;2;27;26;47mMMMMM[38;2;27;26;48mM[38;2;27;26;47mMM[38;2;24;23;42mW[38;2;16;15;28m8         [0m
                   [38;2;27;26;47mMMMMMMM[38;2;27;26;48mM[38;2;27;26;47mMM[38;2;24;23;42mW[38;2;27;26;47mM[38;2;20;20;36m&[38;2;27;26;48mM[38;2;27;26;47mMMM  [38;2;191;183;200m[[38;2;2;2;5m$[38;2;43;41;51mo[38;2;206;150;137m([38;2;204;146;133m||[38;2;206;150;137m([38;2;204;146;133m|[38;2;207;150;137m([38;2;204;146;133m|||[38;2;125;90;83mC      [38;2;2;2;5m$[38;2;27;26;48mM[38;2;27;26;47mMMMMMMMMM[38;2;24;23;42mW[38;2;2;2;5m$          [0m
                    [38;2;27;26;47mMMMMMM[38;2;27;26;48mM[38;2;27;26;47mMM[38;2;24;23;42mW[38;2;16;15;28m8[38;2;27;26;48mM[38;2;27;26;47mMMMMMM[38;2;27;26;48mM[38;2;27;26;47mM[38;2;20;20;36m&[38;2;27;26;47mMMM[38;2;36;34;37m#[38;2;20;20;36m&[38;2;27;26;47mMMMM    [38;2;24;23;42mW[38;2;27;26;48mM[38;2;27;26;47mMMMMMMMMMMMM            [0m
                     [38;2;2;2;5m$[38;2;27;26;48mM[38;2;27;26;47mMMM[38;2;27;26;48mM[38;2;27;26;47mMMM[38;2;24;23;42mW[38;2;27;26;47mMM[38;2;20;20;36m&[38;2;27;26;47mMMMMMMM[38;2;27;26;48mMM[38;2;20;20;36m&[38;2;27;26;47mMM[38;2;20;20;36m&[38;2;27;26;47mMMM[38;2;8;8;14mB[38;2;16;15;28m8[38;2;27;26;47mMMMM[38;2;27;26;48mM[38;2;27;26;47mMMMM[38;2;27;26;48mM[38;2;27;26;47mMMMMM             [0m
                       [38;2;24;23;42mW[38;2;27;26;47mMMMMMMMMMMMM[38;2;24;23;42mW[38;2;27;26;48mM[38;2;20;20;36m&[38;2;27;26;47mMM[38;2;20;20;36m&[38;2;27;26;47mMM[38;2;16;15;28m8[38;2;24;23;42mW[38;2;27;26;47mMMM[38;2;16;15;28m8[38;2;27;26;47mMMMMMMMMMM[38;2;27;26;48mM[38;2;27;26;47mMM[38;2;24;23;42mW[38;2;27;26;47mM[38;2;20;20;36m&              [0m
                        [38;2;24;23;42mW[38;2;27;26;47mMMMMM[38;2;20;20;36m&[38;2;27;26;48mM[38;2;27;26;47mMMMMMM[38;2;27;26;48mM[38;2;27;26;47mM[38;2;20;20;36m&[38;2;27;26;47mMMMMM[38;2;27;26;48mM[38;2;27;26;47mM[38;2;33;29;39m#[38;2;20;20;36m&[38;2;27;26;47mM[38;2;20;20;36m&&[38;2;24;23;42mW[38;2;27;26;47mMMMMMMMM[38;2;27;26;48mM[38;2;27;26;47mM[38;2;11;11;20m%               [0m
                          [38;2;27;26;48mM[38;2;27;26;47mMMMMMMMM[38;2;27;26;48mM[38;2;27;26;47mMMMMMM[38;2;27;26;48mM[38;2;27;26;47mM[38;2;20;20;36m&[38;2;27;26;47mMMMMM[38;2;27;26;48mM[38;2;6;6;11m@[38;2;27;26;48mM[38;2;27;26;47mMMM[38;2;27;26;48mM[38;2;27;26;47mMMMM[38;2;27;26;48mM[38;2;27;26;47mM[38;2;2;2;5m$                [0m
                           [38;2;11;11;20m%[38;2;16;15;28m8[38;2;24;23;42mW[38;2;27;26;47mMMMMMMMMMM[38;2;27;26;48mM[38;2;27;26;47mMM[38;2;24;23;42mW[38;2;27;26;47mM[38;2;20;20;36m&[38;2;27;26;47mMMMM[38;2;17;17;30m8[38;2;27;26;47mM[38;2;20;20;36m&[38;2;27;26;47mMMMMM[38;2;27;26;48mM[38;2;27;26;47mMM[38;2;24;23;42mW                  [0m
                            [38;2;24;23;42mWW[38;2;27;26;47mMMMMM[38;2;27;26;48mM[38;2;27;26;47mMMMMMMMM[38;2;24;23;42mW[38;2;27;26;48mM[38;2;20;20;36m&[38;2;27;26;47mMM[38;2;20;20;36m&[38;2;27;26;47mMMM[38;2;27;26;48mM[38;2;27;26;47mMMMMMM                    [0m
                             [38;2;27;26;48mM[38;2;27;26;47mMMMMMMMM[38;2;27;26;48mM[38;2;27;26;47mMMMMM[38;2;27;26;48mM[38;2;27;26;47mMM[38;2;24;23;42mW[38;2;27;26;47mM[38;2;20;20;36m&[38;2;27;26;47mMM[38;2;16;15;28m8[38;2;27;26;48mM[38;2;27;26;47mMMMMMM                    [0m
                            [38;2;16;15;28m8[38;2;27;26;47mMMMMMMMM[38;2;27;26;48mMM[38;2;20;20;36m&[38;2;27;26;47mMM[38;2;20;20;36m&[38;2;27;26;47mMM[38;2;27;26;48mM[38;2;24;23;42mW[38;2;27;26;47mMM[38;2;27;26;48mM[38;2;27;26;47mMM[38;2;8;8;14mB[38;2;43;41;51mo[38;2;27;26;47mMMMMMM                    [0m
                            [38;2;11;11;20m%[38;2;27;26;48mM[38;2;27;26;47mMM[38;2;27;26;48mM[38;2;27;26;47mMMMM[38;2;27;26;48mM[38;2;27;26;47mMMMMMMMMM[38;2;17;17;30m8[38;2;27;26;47mM[38;2;20;20;36m&[38;2;27;26;47mMM[38;2;24;23;42mW[38;2;27;26;47mMMMMM[38;2;20;20;36m&                     [0m
                            [38;2;24;23;42mW[38;2;27;26;47mMMMMMMM[38;2;27;26;48mM[38;2;27;26;47mMMMM[38;2;27;26;48mM[38;2;27;26;47mMMMMMMMMM[38;2;17;17;30m8[38;2;27;26;47mM[38;2;20;20;36m&[38;2;27;26;47mMM[38;2;24;23;42mW[38;2;27;26;47mMM[38;2;16;15;28m8                    [0m
                            [38;2;20;20;36m&[38;2;27;26;47mMMMMMM[38;2;27;26;48mM[38;2;27;26;47mMMMMMM[38;2;27;26;48mM[38;2;27;26;47mM[38;2;20;20;36m&[38;2;27;26;47mMMMMM[38;2;27;26;48mM[38;2;27;26;47mMMMM[38;2;24;23;42mW[38;2;27;26;47mM[38;2;27;26;48mMM[38;2;16;15;28m8                    [0m
                            [38;2;27;26;48mM[38;2;27;26;47mMMMMMMMM[38;2;27;26;48mMM[38;2;20;20;36m&[38;2;27;26;47mMM[38;2;20;20;36m&[38;2;27;26;47mMM[38;2;27;26;48mM[38;2;24;23;42mW[38;2;27;26;47mMMMMMM[38;2;16;15;28m8[38;2;27;26;48mM[38;2;27;26;47mMMMM[38;2;27;26;48mM                    [0m
                            [38;2;27;26;47mMMMMMMMM[38;2;24;23;42mW[38;2;27;26;48mM[38;2;20;20;36m&[38;2;27;26;47mMM[38;2;20;20;36m&[38;2;27;26;47mMMM[38;2;24;23;42mW[38;2;27;26;47mMMMMMMMMMMMMMM                    [0m
                            [38;2;27;26;48mM[38;2;27;26;47mM[38;2;27;26;48mM[38;2;27;26;47mMMMM[38;2;27;26;48mM[38;2;27;26;47mMMMMMMMMM[38;2;17;17;30m8[38;2;27;26;47mM[38;2;20;20;36m&[38;2;27;26;47mMM[38;2;24;23;42mW[38;2;27;26;47mM[38;2;27;26;48mM[38;2;27;26;47mMMMM[38;2;27;26;48mM[38;2;27;26;47mMMM[38;2;6;6;11m@                  [0m
                            [38;2;27;26;48mM[38;2;27;26;47mMM[38;2;27;26;48mM[38;2;27;26;47mMMMMMM[38;2;27;26;48mM[38;2;27;26;47mM[38;2;20;20;36m&[38;2;27;26;47mMMMMM[38;2;27;26;48mM[38;2;27;26;47mMMMM[38;2;24;23;42mW[38;2;27;26;47mM[38;2;27;26;48mM[38;2;27;26;47mMM[38;2;27;26;48mM[38;2;27;26;47mMMMM[38;2;27;26;48mM                  [0m
                            [38;2;27;26;47mM[38;2;27;26;48mM[38;2;27;26;47mMMMMMM[38;2;27;26;48mM[38;2;27;26;47mM[38;2;20;20;36m&[38;2;27;26;47mMMMMM[38;2;27;26;48mM[38;2;27;26;47mMMMM[38;2;24;23;42mW[38;2;27;26;47mM[38;2;27;26;48mMM[38;2;27;26;47mMMMMM[38;2;27;26;48mM[38;2;27;26;47mMM[38;2;24;23;42mW[38;2;2;2;5m$                 [0m
                            [38;2;27;26;47mMMMMMM[38;2;27;26;48mM[38;2;27;26;47mMM[38;2;24;23;42mW[38;2;27;26;47mM[38;2;20;20;36m&[38;2;27;26;47mMMMM[38;2;17;17;30m8[38;2;27;26;47mM[38;2;20;20;36m&[38;2;27;26;47mMMMMM[38;2;27;26;48mM[38;2;27;26;47mMMMMMMMMM[38;2;8;8;14mB                 [0m
                            [38;2;27;26;48mM[38;2;27;26;47mMMMM[38;2;27;26;48mM[38;2;27;26;47mMMMMMMMMM[38;2;17;17;30m8[38;2;27;26;47mM[38;2;20;20;36m&[38;2;27;26;47mMM[38;2;24;23;42mW[38;2;27;26;47mM[38;2;27;26;48mM[38;2;27;26;47mMMM[38;2;11;11;20m%[38;2;24;23;42mW[38;2;16;15;28m8[38;2;20;20;36m&[38;2;27;26;47mMMM                   [0m
                            [38;2;27;26;48mM[38;2;27;26;47mMMMMMM[38;2;17;17;30m8[38;2;16;15;28m8[38;2;17;17;30m8[38;2;27;26;47mMMMMMMMM[38;2;27;26;48mM[38;2;27;26;47mMMMMMMM[38;2;17;17;30m8[38;2;16;15;28m8[38;2;27;26;48mM[38;2;27;26;47mMMMM[38;2;2;2;5m$                  [0m
                             [38;2;11;11;20m%[38;2;27;26;48mM[38;2;27;26;47mMMMM[38;2;27;26;48mM[38;2;27;26;47mMMMMMMMMM[38;2;17;17;30m8[38;2;27;26;47mM[38;2;20;20;36m&[38;2;27;26;47mMM[38;2;24;23;42mW[38;2;27;26;47mM[38;2;27;26;48mM[38;2;27;26;47mMMMMMMMM[38;2;16;15;28m8                  [0m
                            [38;2;11;11;20m%[38;2;43;41;51mo[38;2;27;26;47mMMMMMM[38;2;17;17;30m8[38;2;27;26;47mMMMMM[38;2;27;26;48mM[38;2;27;26;47mMMMM[38;2;27;26;48mM[38;2;27;26;47mMMMMMMMMM[38;2;17;17;30m8[38;2;27;26;47mM[38;2;20;20;36m&[38;2;27;26;47mMM                  [0m
                             [38;2;27;26;48mM[38;2;27;26;47mMMMMMMMMMM[38;2;24;23;42mW[38;2;27;26;48mM[38;2;20;20;36m&[38;2;27;26;47mMM[38;2;20;20;36m&[38;2;27;26;47mMMM[38;2;24;23;42mW[38;2;27;26;47mMMMMMM[38;2;24;23;42mW[38;2;27;26;48mM[38;2;27;26;47mMMMM                  [0m
                             [38;2;27;26;48mM[38;2;27;26;47mMMMMMMMM[38;2;24;23;42mW[38;2;27;26;48mM[38;2;20;20;36m&[38;2;27;26;47mMM[38;2;20;20;36m&[38;2;27;26;47mMMM[38;2;24;23;42mW[38;2;27;26;47mMMMMMM[38;2;24;23;42mW[38;2;27;26;48mM[38;2;27;26;47mMMMMM[38;2;27;26;48mM[38;2;2;2;5m$                 [0m
                            [38;2;27;26;48mM[38;2;27;26;47mMMMM[38;2;27;26;48mM[38;2;27;26;47mMMMMMM[38;2;27;26;48mM[38;2;27;26;47mM[38;2;20;20;36m&[38;2;27;26;47mMMMMM[38;2;27;26;48mM[38;2;27;26;47mMMMM[38;2;24;23;42mW[38;2;27;26;47mM[38;2;27;26;48mM[38;2;27;26;47mMMMMMM[38;2;8;8;14mB                 [0m
                           [38;2;24;23;42mW[38;2;27;26;47mMMMMM[38;2;20;20;36m&[38;2;27;26;47mMMMMMM[38;2;27;26;48mM[38;2;27;26;47mMM[38;2;24;23;42mW[38;2;27;26;47mM[38;2;20;20;36m&[38;2;27;26;47mMMMM[38;2;17;17;30m8[38;2;27;26;47mM[38;2;20;20;36m&[38;2;27;26;47mMMMMMM[38;2;24;23;42mW[38;2;27;26;47mMMM                 [0m
                          [38;2;27;26;47mMMMMMMMM[38;2;24;23;42mW[38;2;27;26;48mM[38;2;20;20;36m&[38;2;27;26;47mMM[38;2;20;20;36m&[38;2;27;26;47mMMM[38;2;24;23;42mW[38;2;27;26;47mMMMMMM[38;2;24;23;42mW[38;2;27;26;48mM[38;2;27;26;47mMMMMM[38;2;27;26;48mM[38;2;27;26;47mMMMMM                 [0m
                         [38;2;11;11;20m%[38;2;27;26;48mM[38;2;27;26;47mMMMM[38;2;27;26;48mM[38;2;27;26;47mMMMMMMMMM[38;2;17;17;30m8[38;2;27;26;47mM[38;2;20;20;36m&[38;2;27;26;47mM[38;2;17;17;30m8[38;2;27;26;47mMMMMMMMMMMMMMMM[38;2;27;26;48mMM                 [0m
                        [38;2;16;15;28m8[38;2;27;26;47mMMMMM[38;2;27;26;48mM[38;2;27;26;47mMM[38;2;24;23;42mW[38;2;27;26;47mM[38;2;20;20;36m&[38;2;27;26;47mMMMM[38;2;17;17;30m8[38;2;27;26;47mM[38;2;20;20;36m&[38;2;27;26;47mMMMMMM[38;2;24;23;42mW[38;2;27;26;47mMMMMMMMMMMMMM[38;2;16;15;28m8[38;2;2;2;5m$               [0m
                       [38;2;16;15;28m8[38;2;27;26;47mMMMMMMMM[38;2;27;26;48mM[38;2;27;26;47mMMMM[38;2;27;26;48mM[38;2;27;26;47mMMMM[38;2;27;26;48mM[38;2;27;26;47mMM [38;2;20;20;36m&[38;2;27;26;48mM[38;2;27;26;47mMMMMMMM[38;2;24;23;42mW[38;2;27;26;47mM[38;2;27;26;48mM[38;2;27;26;47mMMMMM[38;2;8;8;14mB                [0m
                      [38;2;16;15;28m8[38;2;27;26;47mMMMMMMMM[38;2;27;26;48mMM[38;2;20;20;36m&[38;2;27;26;47mMM[38;2;20;20;36m&&[38;2;24;23;42mW[38;2;27;26;47mMM[38;2;20;20;36m&[38;2;27;26;47mMM   [38;2;33;29;39m#[38;2;27;26;47mMMMMMMMM[38;2;27;26;48mM[38;2;27;26;47mM[38;2;27;26;48mM[38;2;27;26;47mMMMM[38;2;11;11;20m%                [0m
                      [38;2;27;26;47mMMMMMMM[38;2;27;26;48mM[38;2;27;26;47mMMMMMM[38;2;27;26;48mM[38;2;27;26;47mMM[38;2;24;23;42mW[38;2;27;26;47mM[38;2;20;20;36m&     &[38;2;27;26;47mM[38;2;27;26;48mM[38;2;27;26;47mMMMMMM[38;2;27;26;48mM[38;2;27;26;47mM[38;2;20;20;36m&[38;2;27;26;47mMMMMM                [0m
                    [38;2;16;15;28m8[38;2;27;26;48mM[38;2;27;26;47mMMMMMMMM[38;2;27;26;48mM[38;2;27;26;47mMMMMMMMMM[38;2;8;8;14mB      [38;2;6;6;11m@[38;2;27;26;47mMMMMMMMM[38;2;24;23;42mW[38;2;27;26;48mM[38;2;20;20;36m&[38;2;27;26;47mMM[38;2;20;20;36m&[38;2;27;26;47mMM                [0m
                    [38;2;27;26;47mMMMMMMMM[38;2;24;23;42mW[38;2;27;26;48mM[38;2;20;20;36m&[38;2;27;26;47mMM[38;2;20;20;36m&[38;2;27;26;47mMMM[38;2;24;23;42mW[38;2;27;26;47mM[38;2;16;15;28m8        [38;2;27;26;48mM[38;2;27;26;47mMMMMMMMMMMMMMMM                [0m
                   [38;2;24;23;42mW[38;2;27;26;47mMMMMMMMM[38;2;24;23;42mW[38;2;27;26;48mM[38;2;20;20;36m&[38;2;27;26;47mMM[38;2;20;20;36m&[38;2;27;26;47mMMM[38;2;24;23;42mW          [38;2;20;20;36m&[38;2;43;41;51mo[38;2;27;26;47mMMMMMM[38;2;17;17;30m8[38;2;27;26;47mMMMMMMM                [0m
                  [38;2;16;15;28m8[38;2;27;26;48mM[38;2;27;26;47mMMMMMMMM[38;2;24;23;42mW[38;2;27;26;48mM[38;2;20;20;36m&[38;2;27;26;47mMM[38;2;20;20;36m&[38;2;27;26;47mMMM           [38;2;2;2;5m$[38;2;27;26;48mM[38;2;27;26;47mMMMMMMMM[38;2;27;26;48mM[38;2;27;26;47mMMMMM                [0m
                  [38;2;27;26;47mMMMMMMMMM[38;2;27;26;48mMM[38;2;20;20;36m&[38;2;27;26;47mMM[38;2;20;20;36m&[38;2;27;26;47mMM[38;2;11;11;20m%             [38;2;27;26;47mMMMMMMMMM[38;2;24;23;42mW[38;2;27;26;48mM[38;2;20;20;36m&[38;2;27;26;47mMM[38;2;20;20;36m&                [0m
                 [38;2;25;22;35mW[38;2;27;26;47mMMMMMMMM[38;2;24;23;42mW[38;2;27;26;48mM[38;2;20;20;36m&[38;2;27;26;47mMM[38;2;20;20;36m&[38;2;27;26;47mMM               [38;2;17;17;30m8[38;2;27;26;48mM[38;2;27;26;47mMMMM[38;2;27;26;48mM[38;2;27;26;47mMMMMMMMM                [0m
                 [38;2;24;23;42mW[38;2;27;26;47mM[38;2;27;26;48mM[38;2;27;26;47mMMMMMM[38;2;27;26;48mM[38;2;27;26;47mM[38;2;20;20;36m&[38;2;27;26;47mMMM                  M[38;2;27;26;48mM[38;2;27;26;47mMMMMMM[38;2;27;26;48mM[38;2;27;26;47mM[38;2;20;20;36m&[38;2;27;26;47mMMM                [0m
                [38;2;8;8;14mB[38;2;27;26;48mM[38;2;27;26;47mMMMMMMM[38;2;27;26;48mMM[38;2;20;20;36m&[38;2;27;26;47mMM[38;2;20;20;36m&                   [38;2;16;15;28m8[38;2;27;26;48mM[38;2;27;26;47mMMMMMMM[38;2;27;26;48mMM[38;2;20;20;36m&[38;2;27;26;47mMM[38;2;2;2;5m$               [0m
                [38;2;17;17;30m8[38;2;27;26;47mMMMMMMMM[38;2;27;26;48mMM[38;2;20;20;36m&[38;2;27;26;47mMM                    [38;2;6;6;11m@[38;2;27;26;47mMMMMM[38;2;27;26;48mM[38;2;27;26;47mMM[38;2;24;23;42mW[38;2;27;26;47mM[38;2;20;20;36m&[38;2;27;26;47mMM[38;2;16;15;28m8               [0m
                [38;2;24;23;42mW[38;2;27;26;47mMMMMMMMMM[38;2;24;23;42mW[38;2;27;26;48mM[38;2;20;20;36m&[38;2;8;8;14mB                     [38;2;27;26;47mM[38;2;27;26;48mM[38;2;27;26;47mMMMM[38;2;27;26;48mM[38;2;27;26;47mMMMMMM[38;2;17;17;30m8               [0m
                [38;2;27;26;47mMMMMMMMMMMM[38;2;27;26;48mM                       [38;2;6;6;11m@[38;2;27;26;47mMMMMMM[38;2;27;26;48mM[38;2;27;26;47mMM[38;2;24;23;42mW[38;2;27;26;47mM[38;2;20;20;36m&[38;2;27;26;47mM               [0m
                [38;2;27;26;47mMMMMMMMM[38;2;24;23;42mW[38;2;27;26;48mM[38;2;20;20;36m&[38;2;27;26;47mM                        MMMMMMMM[38;2;27;26;48mM[38;2;27;26;47mMM[38;2;24;23;42mW[38;2;27;26;47mM               [0m
               [38;2;16;15;28m8[38;2;27;26;47mMMMMMMMMMM[38;2;24;23;42mW                          [38;2;16;15;28m8[38;2;27;26;47mMMMMMMMM[38;2;24;23;42mW[38;2;27;26;48mM[38;2;20;20;36m&[38;2;8;8;14mB              [0m
               [38;2;20;20;36m&[38;2;27;26;48mM[38;2;27;26;47mMMMM[38;2;27;26;48mM[38;2;27;26;47mMMMMM                           MMMMMMMMM[38;2;27;26;48mMM[38;2;20;20;36m&              [0m
               [38;2;16;15;28m8[38;2;27;26;47mMMMMMMMMMMM                           MMMMM[38;2;27;26;48mM[38;2;27;26;47mMMMMMM              [0m
               [38;2;33;29;39m#[38;2;27;26;47mM[38;2;27;26;48mM[38;2;27;26;47mMMMMMM[38;2;27;26;48mM[38;2;27;26;47mM[38;2;20;20;36m&                           [38;2;27;26;47mMMMMMMMMM[38;2;27;26;48mMM[38;2;20;20;36m&              [0m
               [38;2;27;26;48mM[38;2;27;26;47mM[38;2;27;26;48mM[38;2;27;26;47mMMMMMM[38;2;27;26;48mM[38;2;27;26;47mM[38;2;20;20;36m&                           [38;2;27;26;47mMMM[38;2;27;26;48mM[38;2;27;26;47mMMMMMM[38;2;27;26;48mM[38;2;27;26;47mM              [0m
