                                                                                [0m
                                                                                [0m
                                                                                [0m
                                                                                [0m
                                                                                [0m
                                                                                [0m
                                    [38;2;87;83;87mO[38;2;255;236;216m:[38;2;156;146;134mf                                         [0m
                                 [38;2;233;216;195mi[38;2;255;236;216m:[38;2;177;126;115mx[38;2;170;121;110mn[38;2;204;146;133m|[38;2;175;148;135mt[38;2;243;221;202ml[38;2;255;236;216m:[38;2;120;103;94mU      [38;2;255;236;216m:[38;2;212;195;179m_[38;2;255;236;216m:::                           [0m
                              [38;2;24;23;42mW[38;2;3;3;5m$[38;2;255;233;213m:[38;2;255;236;216m:[38;2;255;233;213m:[38;2;235;198;181m~[38;2;206;150;136m([38;2;163;117;107mu[38;2;206;150;136m([38;2;177;126;115mx[38;2;251;229;210m;[38;2;255;236;216m:[38;2;43;41;51mo   [38;2;75;69;66mw[38;2;243;221;202ml[38;2;212;161;147m}[38;2;139;100;91mY[38;2;190;136;124mf[38;2;43;41;51mo[38;2;255;236;216m:[38;2;255;233;213m:[38;2;233;216;195mi                         [0m
                           [38;2;8;8;14mB[38;2;27;26;47mM[38;2;27;26;48mM[38;2;27;26;47mM[38;2;27;26;48mM[38;2;3;3;5m$[38;2;245;225;205mI[38;2;255;236;216m::[38;2;255;233;213m::::[38;2;255;236;216m::[38;2;185;169;154m1 [38;2;99;75;71mZ[38;2;145;104;95mX[38;2;139;100;91mY[38;2;163;117;107mu[38;2;206;150;136m([38;2;99;75;71mZ[38;2;187;134;122mf[38;2;251;229;210m;[38;2;255;236;216m:[38;2;255;233;213m::[38;2;255;236;216m:[38;2;106;100;91mC[38;2;27;26;47mM                      [0m
                         [38;2;16;15;27m8[38;2;27;26;47mM[38;2;27;26;48mM[38;2;20;20;36m&[38;2;27;26;47mMMMMMM          [38;2;224;215;234mi[38;2;43;41;51mo[38;2;204;146;133m|[38;2;200;143;130m/[38;2;206;150;136m([38;2;200;143;130m/[38;2;232;203;186m<[38;2;255;233;213m::[38;2;255;236;216m:[38;2;3;3;5m$[38;2;27;26;48mM[38;2;27;26;47mMMM                    [0m
                       [38;2;6;6;10m@[38;2;32;31;56m#[38;2;27;26;47mMM[38;2;27;26;48mM[38;2;27;26;47mMMMMM       [38;2;156;149;163mt[38;2;228;218;238m!!!![38;2;177;168;183m1[38;2;232;222;242ml[38;2;224;215;234mi[38;2;228;218;238m!![38;2;216;207;226m<<[38;2;123;117;129mc[38;2;29;26;35mW[38;2;27;26;47mM[38;2;27;26;48mM[38;2;27;26;47mMMMMM[38;2;32;31;56m#                  [0m
                      [38;2;27;26;47mMMMMMMMMM[38;2;3;3;5m$  [38;2;104;99;108mJ[38;2;123;117;129mc[38;2;192;183;200m[[38;2;234;224;244mI[38;2;232;222;242ml[38;2;228;218;238m!!!!!!!![38;2;219;210;229m>[38;2;228;218;238m!!!!![38;2;219;210;229m>[38;2;3;3;5m$[38;2;27;26;48mM[38;2;27;26;47mMM[38;2;27;26;48mM[38;2;27;26;47mMMMMM                [0m
                    [38;2;24;23;42mW[38;2;27;26;47mMMMMMMMM        [38;2;228;218;238m!![38;2;219;210;229m>[38;2;228;218;238m!!!![38;2;224;215;234mi[38;2;228;218;238m![38;2;232;222;242ml[38;2;196;187;204m?[38;2;216;207;226m<[38;2;228;218;238m!![38;2;219;210;229m>[38;2;228;218;238m!![38;2;180;172;187m}[38;2;164;157;171m|[38;2;36;34;37m#[38;2;27;26;48mM[38;2;27;26;47mMMMMMMM[38;2;6;6;10m@              [0m
                  [38;2;17;17;29m8[38;2;27;26;47mM[38;2;27;26;48mM[38;2;27;26;47mMMMMM[38;2;27;26;48mM[38;2;12;11;20m%        [38;2;234;224;244mII[38;2;228;218;238m!![38;2;164;157;171m|[38;2;234;224;244mI[38;2;172;164;179m)[38;2;177;168;183m11[38;2;162;152;164m/[38;2;232;222;242ml[38;2;123;117;129mc[38;2;232;222;242ml[38;2;130;106;104mY[38;2;224;215;234mi[38;2;232;222;242ml[38;2;228;218;238m!![38;2;219;210;229m>[38;2;87;83;87mO  [38;2;16;15;27m8[38;2;32;31;56m#[38;2;27;26;47mMMMM[38;2;27;26;48mM[38;2;20;20;36m&[38;2;27;26;47mM             [0m
                [38;2;20;20;36m&[38;2;27;26;47mMMMMMMMMM      [38;2;114;107;116mY[38;2;164;157;171m|[38;2;234;224;244mI[38;2;232;222;242ml[38;2;219;210;229m>[38;2;232;222;242ml[38;2;228;218;238m![38;2;187;179;195m][38;2;75;69;66mw[38;2;27;26;48mM[38;2;27;26;47mM[38;2;34;33;60m*[38;2;147;135;145mx[38;2;163;117;107mu[38;2;228;218;238m![38;2;3;3;5m$[38;2;114;107;116mY[38;2;38;37;67mo[38;2;24;23;42mW[38;2;177;168;183m1[38;2;224;215;234mi[38;2;228;218;238m!!!   [38;2;3;3;5m$[38;2;27;26;47mMMM[38;2;27;26;48mM[38;2;20;20;36m&[38;2;27;26;47mMMM[38;2;3;3;5m$           [0m
              [38;2;16;15;27m8[38;2;27;26;47mMMMMMMMM[38;2;27;26;48mM          [38;2;172;164;179m)[38;2;232;222;242ml[38;2;211;202;220m~[38;2;228;218;238m!!![38;2;243;221;202ml[38;2;233;216;195mi[38;2;3;3;5m$$[38;2;218;200;183m+[38;2;177;126;115mx[38;2;167;154;140m/[38;2;3;3;5m$[38;2;27;26;47mMM[38;2;178;162;148m([38;2;125;90;83mC[38;2;228;218;238m!!!!    [38;2;16;15;27m8[38;2;27;26;47mMMMM[38;2;27;26;48mM[38;2;20;20;36m&[38;2;27;26;47mMMM          [0m
              [38;2;3;3;5m$[38;2;27;26;48mM[38;2;20;20;36m&[38;2;27;26;47mMMMM[38;2;27;26;48mMM[38;2;16;15;27m8          [38;2;131;125;138mu [38;2;162;152;164m/[38;2;139;131;141mn[38;2;232;222;242ml[38;2;168;160;175m([38;2;172;158;147m|[38;2;243;221;202ml[38;2;255;236;216m::[38;2;255;233;213m:::[38;2;255;236;216m::[38;2;255;233;213m:[38;2;178;162;148m([38;2;87;83;87mO[38;2;234;224;244mI[38;2;228;218;238m![38;2;180;172;187m}[38;2;3;3;5m$      [38;2;27;26;47mMM[38;2;27;26;48mM[38;2;20;20;36m&[38;2;27;26;47mMMMMM[38;2;27;26;48mM        [0m
               [38;2;16;15;27m8[38;2;32;31;56m#[38;2;27;26;47mMMMMMMM[38;2;12;11;20m%           [38;2;200;191;209m-[38;2;233;216;195mi[38;2;255;233;213m::[38;2;255;236;216m:::[38;2;255;233;213m:[38;2;255;236;216m:[38;2;255;233;213m:::[38;2;255;236;216m:[38;2;245;225;205mI[38;2;212;195;179m_[38;2;145;117;113mv[38;2;168;160;175m([38;2;216;207;226m<[38;2;114;107;116mY       [38;2;12;11;20m%[38;2;27;26;48mM[38;2;20;20;36m&[38;2;27;26;47mMMMM[38;2;27;26;48mMMM        [0m
                [38;2;27;26;47mMM[38;2;27;26;48mM[38;2;20;20;36m&[38;2;27;26;47mMMMMM[38;2;27;26;48mM            [38;2;232;222;242ml[38;2;178;127;116mr[38;2;255;233;213m:[38;2;255;236;216m::[38;2;255;233;213m:::::::[38;2;233;216;195mi[38;2;156;146;134mf  [38;2;3;3;5m$       [38;2;27;26;48mM[38;2;27;26;47mMMM[38;2;27;26;48mM[38;2;27;26;47mMMMMM        [0m
                 [38;2;16;15;27m8[38;2;27;26;47mMMM[38;2;27;26;48mM[38;2;27;26;47mMMMMMM         [38;2;131;125;138mu [38;2;167;153;151m/[38;2;165;131;121mr[38;2;187;134;122mf[38;2;204;146;133m|[38;2;206;150;136m([38;2;204;146;133m||[38;2;206;150;136m([38;2;204;146;133m||[38;2;145;117;113mv[38;2;184;175;192m{[38;2;200;191;209m-        [38;2;3;3;5m$[38;2;24;23;42mW[38;2;27;26;47mMMMMMMMMM         [0m
                  [38;2;20;20;36m&[38;2;32;31;56m#[38;2;27;26;47mMMMMMMM[38;2;27;26;48mMM[38;2;32;31;56m#[38;2;3;3;5m$[38;2;27;26;47mMMM[38;2;16;15;27m8   [38;2;24;23;42mW[38;2;16;15;27m8[38;2;27;26;47mM[38;2;204;146;133m||[38;2;206;150;136m([38;2;204;146;133m||[38;2;200;143;130m/[38;2;204;146;133m|[38;2;206;150;136m( [38;2;75;69;66mw        [38;2;27;26;47mMMM[38;2;27;26;48mM[38;2;27;26;47mMMMMM[38;2;27;26;48mM[38;2;27;26;47mM          [0m
                   [38;2;3;3;5m$[38;2;27;26;47mM[38;2;27;26;48mM[38;2;20;20;36m&[38;2;27;26;47mMMMM[38;2;27;26;48mMMM[38;2;24;23;42mWW[38;2;27;26;47mM[38;2;27;26;48mM[38;2;27;26;47mMMMMMMMMMM[38;2;25;22;35mW[38;2;27;26;48mM[38;2;27;26;47mMMM[38;2;16;15;27m8     8[38;2;27;26;47mMMM[38;2;24;23;42mW[38;2;27;26;47mMMM[38;2;27;26;48mM[38;2;20;20;36m&[38;2;27;26;47mMMMM           [0m
                    [38;2;6;6;10m@[38;2;27;26;47mMMMMMM[38;2;27;26;48mM[38;2;27;26;47mMMMMMM[38;2;27;26;48mM[38;2;24;23;42mWW[38;2;27;26;48mM[38;2;27;26;47mMMM[38;2;27;26;48mM[38;2;27;26;47mMMMMMM[38;2;27;26;48mM[38;2;24;23;42mW [38;2;16;15;27m8[38;2;27;26;48mM[38;2;20;20;36m&[38;2;27;26;47mMMMMM[38;2;27;26;48mM[38;2;24;23;42mWW[38;2;27;26;48mM[38;2;27;26;47mMMMMM            [0m
                      [38;2;24;23;42mW[38;2;27;26;47mMMMM[38;2;27;26;48mM[38;2;20;20;36m&[38;2;27;26;47mMMMM[38;2;27;26;48mMMM[38;2;24;23;42mWW[38;2;27;26;47mM[38;2;20;20;36m&[38;2;27;26;47mMMM[38;2;27;26;48mM[38;2;27;26;47mMMMMMM[38;2;27;26;48mM[38;2;24;23;42mWW[38;2;27;26;48mM[38;2;27;26;47mMMMMM[38;2;27;26;48mM[38;2;27;26;47mMMMMMM[38;2;17;17;29m8             [0m
                        [38;2;27;26;47mMMMMMMMMMMMM[38;2;27;26;48mM[38;2;20;20;36m&[38;2;27;26;47mMMMMM[38;2;27;26;48mM[38;2;24;23;42mWW[38;2;27;26;48mM[38;2;27;26;47mMM[38;2;17;17;29m8[38;2;27;26;47mMMMM[38;2;27;26;48mM[38;2;24;23;42mW[38;2;27;26;48mM[38;2;20;20;36m&[38;2;27;26;47mMMMMM[38;2;27;26;48mM[38;2;24;23;42mWW              [0m
                         [38;2;12;11;20m%[38;2;27;26;48mM[38;2;20;20;36m&[38;2;27;26;47mMMMMM[38;2;27;26;48mM[38;2;24;23;42mWW[38;2;27;26;48mM[38;2;27;26;47mMMMMMMM[38;2;27;26;48mM[38;2;27;26;47mMMMMM[38;2;75;69;66mw[38;2;170;145;36mr[38;2;27;26;48mM[38;2;27;26;47mMMMMM[38;2;27;26;48mM[38;2;27;26;47mM[38;2;27;26;48mM[38;2;20;20;36m&[38;2;24;23;42mW[38;2;27;26;47mM                [0m
                           [38;2;24;23;42mW[38;2;27;26;47mM[38;2;17;17;29m8[38;2;27;26;47mMMMMMMM[38;2;27;26;48mM[38;2;20;20;36m&[38;2;27;26;47mMMMM[38;2;27;26;48mMMM[38;2;24;23;42mWW[38;2;27;26;47mM[38;2;20;20;36m&[38;2;27;26;47mMMMMMMMMMMM[38;2;27;26;48mM                  [0m
                            [38;2;29;26;35mW[38;2;16;15;27m8[38;2;27;26;47mMMM[38;2;24;23;42mW[38;2;27;26;47mM[38;2;27;26;48mM[38;2;27;26;47mMMMMMM[38;2;27;26;48mM[38;2;24;23;42mWW[38;2;27;26;48mM[38;2;27;26;47mMMMMM[38;2;20;20;36m&[38;2;17;17;29m8[38;2;27;26;48mM[38;2;27;26;47mMMMMMM                    [0m
                             [38;2;16;15;27m8[38;2;27;26;47mMMMMMMMMM[38;2;27;26;48mM[38;2;20;20;36m&[38;2;24;23;42mW[38;2;27;26;47mMMMMMMMMM[38;2;17;17;29m88[38;2;27;26;47mM[38;2;27;26;48mM[38;2;20;20;36m&[38;2;27;26;47mMMMM                    [0m
                             [38;2;27;26;47mMM[38;2;27;26;48mM[38;2;27;26;47mMMMMMM[38;2;27;26;48mM[38;2;24;23;42mWW[38;2;27;26;48mM[38;2;27;26;47mMMMMMMMMM[38;2;27;26;48mM[38;2;12;11;20m%[38;2;24;23;42mW[38;2;27;26;48mM[38;2;27;26;47mMMMM[38;2;16;15;27m8                    [0m
                             [38;2;24;23;42mW[38;2;27;26;47mMMMMM[38;2;27;26;48mM[38;2;27;26;47mMMMMMM[38;2;27;26;48mM[38;2;24;23;42mWW[38;2;27;26;48mM[38;2;27;26;47mMMMMMM[38;2;27;26;48mM[38;2;27;26;47mMMMMMM[38;2;16;15;27m8                    [0m
                             [38;2;27;26;48mM[38;2;27;26;47mMMMMMMM[38;2;27;26;48mM[38;2;24;23;42mW[38;2;27;26;48mM[38;2;27;26;47mMM[38;2;27;26;48mM[38;2;27;26;47mMMMMM[38;2;27;26;48mM[38;2;27;26;47mM[38;2;27;26;48mM[38;2;20;20;36m&[38;2;24;23;42mW[38;2;27;26;47mM[38;2;20;20;36m&[38;2;27;26;47mMMMM[38;2;6;6;10m@                    [0m
                             [38;2;27;26;47mMMMMMM[38;2;17;17;29m8[38;2;27;26;47mMMM[38;2;27;26;48mM[38;2;20;20;36m&[38;2;27;26;47mMMMM[38;2;27;26;48mMMM[38;2;24;23;42mWW[38;2;27;26;47mM[38;2;20;20;36m&[38;2;27;26;47mMMMMMMM[38;2;20;20;36m&                    [0m
                            [38;2;6;6;10m@[38;2;27;26;47mMMMMM[38;2;27;26;48mM[38;2;27;26;47mMMMMM[38;2;27;26;48mM[38;2;27;26;47mM[38;2;27;26;48mM[38;2;20;20;36m&[38;2;24;23;42mW[38;2;27;26;47mM[38;2;20;20;36m&[38;2;27;26;47mMMMMMMMMMMMMM                    [0m
                            [38;2;6;6;10m@[38;2;27;26;48mMM[38;2;20;20;36m&[38;2;27;26;47mMMMMM[38;2;27;26;48mM[38;2;24;23;42mWW[38;2;27;26;48mM[38;2;27;26;47mMMMMMMMMM[38;2;27;26;48mM[38;2;27;26;47mM[38;2;27;26;48mM[38;2;27;26;47mM[38;2;27;26;48mM[38;2;27;26;47mMMMMM                    [0m
                            [38;2;20;20;36m&[38;2;27;26;47mMMMMMMMM[38;2;27;26;48mM[38;2;20;20;36m&[38;2;24;23;42mW[38;2;27;26;47mMMMMMMMMMM[38;2;27;26;48mMMM[38;2;27;26;47mM[38;2;27;26;48mM[38;2;27;26;47mMMMMM                    [0m
                            [38;2;27;26;47mMMMMMM[38;2;27;26;48mM[38;2;20;20;36m&[38;2;27;26;47mMMMMM[38;2;27;26;48mM[38;2;24;23;42mWW[38;2;27;26;48mM[38;2;27;26;47mMMMMMMMM[38;2;32;31;56m#[38;2;27;26;47mMMMMMMM                   [0m
                            [38;2;32;31;56m#[38;2;27;26;47mMMMMMMM[38;2;27;26;48mM[38;2;24;23;42mW[38;2;20;20;36m&[38;2;27;26;47mMMMMMM[38;2;27;26;48mM[38;2;27;26;47mMMMMMM[38;2;17;17;29m8[38;2;27;26;47mMMMMMMMM[38;2;17;17;29m8                  [0m
                           [38;2;12;11;20m%[38;2;27;26;48mM[38;2;27;26;47mMMMMM[38;2;27;26;48mM[38;2;27;26;47mM[38;2;27;26;48mM[38;2;20;20;36m&[38;2;24;23;42mW[38;2;27;26;47mM[38;2;20;20;36m&[38;2;27;26;47mMMMMMMM[38;2;20;20;36m&[38;2;27;26;48mM[38;2;27;26;47mMM[38;2;16;15;27m8[38;2;27;26;47mMMMMMMMMM                  [0m
                           [38;2;20;20;36m&[38;2;27;26;47mMMMMMMMMMMM[38;2;27;26;48mM[38;2;27;26;47mMMMMMM[38;2;27;26;48mM[38;2;24;23;42mWW[38;2;27;26;48mM[38;2;27;26;47mMMMMMMMMM[38;2;27;26;48mM[38;2;17;17;29m8[38;2;27;26;48mM[38;2;16;15;27m8                 [0m
                           [38;2;27;26;48mM[38;2;27;26;47mM[38;2;27;26;48mM[38;2;27;26;47mMMMMMM[38;2;27;26;48mM[38;2;24;23;42mWW[38;2;27;26;48mM[38;2;27;26;47mMMMMMMMMM[38;2;27;26;48mM[38;2;17;17;29m8[38;2;27;26;48mM[38;2;27;26;47mMMMMM[38;2;27;26;48mM[38;2;20;20;36m&[38;2;27;26;47mMMM                  [0m
                           [38;2;24;23;42mW[38;2;27;26;47mMM[38;2;27;26;48mM[38;2;27;26;47mMMMMM[38;2;27;26;48mM[38;2;27;26;47mM[38;2;27;26;48mM[38;2;20;20;36m&[38;2;24;23;42mW[38;2;27;26;47mM[38;2;20;20;36m&[38;2;27;26;47mMMMMMMM[38;2;20;20;36m&[38;2;27;26;48mM[38;2;20;20;36m&[38;2;27;26;47mMMMMM[38;2;17;17;29m88                    [0m
                           [38;2;27;26;47mMM[38;2;32;31;56m#[38;2;27;26;47mMMMMMMM[38;2;27;26;48mMM[38;2;20;20;36m&[38;2;27;26;47mMMMMMMM[38;2;32;31;56m#[38;2;27;26;47mMM[38;2;17;17;29m88888[38;2;27;26;47mMMMMM[38;2;12;11;20m%                   [0m
                           [38;2;27;26;47mM[38;2;27;26;48mM[38;2;27;26;47mMMMMM[38;2;27;26;48mM[38;2;27;26;47mM[38;2;27;26;48mM[38;2;20;20;36m&[38;2;24;23;42mW[38;2;27;26;47mM[38;2;20;20;36m&[38;2;27;26;47mMMMMMMM[38;2;20;20;36m&[38;2;27;26;48mM[38;2;27;26;47mMMMMMMMM[38;2;27;26;48mM[38;2;20;20;36m&[38;2;27;26;47mM                   [0m
                          [38;2;12;11;20m%[38;2;27;26;48mMM[38;2;27;26;47mMMMMM[38;2;27;26;48mM[38;2;27;26;47mM[38;2;27;26;48mM[38;2;20;20;36m&[38;2;24;23;42mW[38;2;27;26;47mM[38;2;20;20;36m&[38;2;27;26;47mMMMMMMM[38;2;20;20;36m&[38;2;27;26;48mM[38;2;27;26;47mMMMMMMMMMM[38;2;27;26;48mM[38;2;20;20;36m&                  [0m
                          [38;2;27;26;48mM[38;2;27;26;47mMMMMM[38;2;27;26;48mM[38;2;27;26;47mM[38;2;27;26;48mM[38;2;20;20;36m&[38;2;24;23;42mW[38;2;27;26;47mM[38;2;20;20;36m&[38;2;27;26;47mMMMMMMM[38;2;20;20;36m&[38;2;27;26;48mM[38;2;27;26;47mMMMMMMMMMM[38;2;27;26;48mMMM[38;2;20;20;36m&                  [0m
                         [38;2;17;17;29m8[38;2;27;26;47mMMMMMMMM[38;2;27;26;48mM[38;2;27;26;47mMMMMM[38;2;27;26;48mM[38;2;27;26;47mM[38;2;27;26;48mM[38;2;20;20;36m&[38;2;24;23;42mW[38;2;27;26;47mM[38;2;20;20;36m&[38;2;27;26;47mMMMMMMM[38;2;20;20;36m&[38;2;27;26;48mM[38;2;27;26;47mMMMMMM                  [0m
                         [38;2;6;6;10m@[38;2;27;26;47mMMMMMMMM[38;2;27;26;48mMM[38;2;24;23;42mW[38;2;27;26;47mMMMMMMMMM[38;2;27;26;48mM[38;2;27;26;47mMMMMM[38;2;27;26;48mM[38;2;27;26;47mM[38;2;27;26;48mM[38;2;20;20;36m&[38;2;24;23;42mW[38;2;27;26;47mM[38;2;20;20;36m&[38;2;27;26;47mMMM[38;2;3;3;5m$                 [0m
                        [38;2;27;26;47mMMMMMMMMM[38;2;27;26;48mM[38;2;20;20;36m&[38;2;24;23;42mW[38;2;27;26;47mMMMMMMMMMM[38;2;27;26;48mMM[38;2;27;26;47mM[38;2;27;26;48mM[38;2;20;20;36m&[38;2;27;26;47mMMMM[38;2;27;26;48mMMM[38;2;24;23;42mWW[38;2;27;26;47mM[38;2;20;20;36m&[38;2;17;17;29m8[38;2;3;3;5m$                [0m
                       [38;2;12;11;20m%[38;2;27;26;48mM[38;2;27;26;47mMMMMM[38;2;27;26;48mM[38;2;27;26;47mM[38;2;27;26;48mM[38;2;20;20;36m&[38;2;24;23;42mW[38;2;27;26;47mM[38;2;24;23;42mW[38;2;27;26;47mMMMMMM[38;2;17;17;29m8[38;2;27;26;47mMMMMMMMMMMM[38;2;27;26;48mM[38;2;27;26;47mMMMMMM[38;2;27;26;48mM [38;2;3;3;5m$               [0m
                      [38;2;16;15;27m8[38;2;27;26;47mMM[38;2;27;26;48mM[38;2;27;26;47mMMMMMM[38;2;27;26;48mM[38;2;24;23;42mWW[38;2;27;26;48mM[38;2;27;26;47mMMMMMMMMM[38;2;27;26;48mM[38;2;17;17;29m8[38;2;27;26;48mM[38;2;27;26;47mMMMMMMMMM[38;2;20;20;36m&[38;2;27;26;47mMM[38;2;27;26;48mM[38;2;27;26;47mMMM[38;2;3;3;5m$               [0m
                      [38;2;27;26;48mM[38;2;27;26;47mMMMMMMM[38;2;27;26;48mMMM[38;2;24;23;42mW[38;2;27;26;47mMMMMMM[38;2;27;26;48mM[38;2;27;26;47mMMMMMMMM[38;2;27;26;48mM[38;2;27;26;47mMMMMMM[38;2;27;26;48mM[38;2;24;23;42mWW[38;2;27;26;48mM[38;2;27;26;47mMMM[38;2;17;17;29m8                [0m
                     [38;2;20;20;36m&[38;2;27;26;47mMMMMMMMMMMMM[38;2;27;26;48mM[38;2;27;26;47mMMMMM[38;2;20;20;36m&[38;2;27;26;47mM[38;2;20;20;36m&[38;2;27;26;48mM [38;2;27;26;47mMM[38;2;27;26;48mM[38;2;20;20;36m&[38;2;27;26;47mMMMM[38;2;27;26;48mMMM[38;2;24;23;42mWW[38;2;27;26;47mM[38;2;20;20;36m&[38;2;27;26;47mMMMM                [0m
                    [38;2;12;11;20m%[38;2;32;31;56m#[38;2;27;26;47mMMMMMMM[38;2;27;26;48mMM[38;2;20;20;36m&[38;2;27;26;47mMMMMMMM[38;2;27;26;48mM[38;2;27;26;47mMM   [38;2;12;11;20m%[38;2;27;26;47mMMMMMM[38;2;27;26;48mM[38;2;27;26;47mMMMMM[38;2;27;26;48mM[38;2;27;26;47mM[38;2;27;26;48mM[38;2;20;20;36m&[38;2;24;23;42mW[38;2;27;26;47mM                [0m
                    [38;2;27;26;47mM[38;2;27;26;48mM[38;2;27;26;47mMMMMMM[38;2;27;26;48mM[38;2;24;23;42mWW[38;2;27;26;48mM[38;2;27;26;47mMMMMMMMM[38;2;17;17;29m8     [38;2;24;23;42mW[38;2;27;26;47mM[38;2;27;26;48mM[38;2;27;26;47mMMMMM[38;2;27;26;48mM[38;2;27;26;47mM[38;2;27;26;48mM[38;2;20;20;36m&[38;2;24;23;42mW[38;2;27;26;47mM[38;2;20;20;36m&[38;2;27;26;47mMMM                [0m
                   [38;2;27;26;47mMMMMMMMM[38;2;27;26;48mM[38;2;20;20;36m&[38;2;24;23;42mW[38;2;27;26;47mMMMMMMMMM        MMMMMMMMM[38;2;27;26;48mMM[38;2;24;23;42mW[38;2;27;26;47mMMMMM                [0m
                  [38;2;27;26;48mM[38;2;27;26;47mMM[38;2;27;26;48mM[38;2;27;26;47mMMMMMM[38;2;27;26;48mM[38;2;24;23;42mWW[38;2;27;26;48mM[38;2;27;26;47mMMMMM[38;2;8;7;13m@          [38;2;27;26;48mMM[38;2;20;20;36m&[38;2;27;26;47mMMMM[38;2;27;26;48mMMM[38;2;24;23;42mWW[38;2;27;26;47mM[38;2;20;20;36m&[38;2;27;26;47mMM                [0m
                 [38;2;24;23;42mW[38;2;27;26;47mMMM[38;2;27;26;48mM[38;2;27;26;47mM[38;2;24;23;42mW[38;2;27;26;47mMM[38;2;27;26;48mM[38;2;27;26;47mMMMMM[38;2;27;26;48mM[38;2;27;26;47mM[38;2;27;26;48mM[38;2;20;20;36m&            [38;2;12;11;20m%[38;2;27;26;47mMMMMMMMM[38;2;27;26;48mM[38;2;20;20;36m&[38;2;24;23;42mW[38;2;27;26;47mMMMM                [0m
                [38;2;27;26;47mMMMMMMMMMM[38;2;24;23;42mW[38;2;27;26;47mMM[38;2;27;26;48mM[38;2;20;20;36m&[38;2;27;26;47mMMM[38;2;3;3;5m$              [38;2;16;15;27m8[38;2;27;26;48mM[38;2;27;26;47mMMMMM[38;2;27;26;48mM[38;2;27;26;47mM[38;2;27;26;48mM[38;2;20;20;36m&[38;2;24;23;42mW[38;2;27;26;47mM[38;2;20;20;36m&[38;2;27;26;47mM                [0m
               [38;2;24;23;42mW[38;2;27;26;47mMMMMMMMMM[38;2;27;26;48mM[38;2;20;20;36m&[38;2;27;26;47mMMMM[38;2;27;26;48mMM                 M[38;2;27;26;47mMMMMMMMM[38;2;27;26;48mM[38;2;20;20;36m&[38;2;24;23;42mW[38;2;27;26;47mMM                [0m
              [38;2;17;17;29m8[38;2;32;31;56m#[38;2;27;26;47mMMMMMMM[38;2;27;26;48mMM[38;2;20;20;36m&[38;2;27;26;47mMMMMMM                  [38;2;12;11;20m%[38;2;27;26;47mMM[38;2;27;26;48mM[38;2;27;26;47mMMMMMMMMMM                [0m
              [38;2;27;26;47mMMMMMMMMM[38;2;27;26;48mM[38;2;20;20;36m&[38;2;24;23;42mW[38;2;27;26;47mMMMM                      MMMMMMMMMMMM                [0m
              [38;2;27;26;47mMMMMMMMMM[38;2;27;26;48mM[38;2;20;20;36m&[38;2;24;23;42mW[38;2;27;26;47mMMM                       [38;2;32;31;56m#[38;2;27;26;47mMMMMMMM[38;2;27;26;48mM[38;2;24;23;42mW[38;2;20;20;36m&[38;2;27;26;47mM                [0m
              [38;2;27;26;47mMM[38;2;27;26;48mM[38;2;20;20;36m&[38;2;27;26;47mMMMMM[38;2;27;26;48mM[38;2;24;23;42mWW[38;2;27;26;48mM[38;2;27;26;47mM                        [38;2;27;26;48mM[38;2;27;26;47mMM[38;2;27;26;48mM[38;2;27;26;47mMMMMMMMM                [0m
             [38;2;12;11;20m%[38;2;27;26;48mM[38;2;27;26;47mMMMMMMMM[38;2;27;26;48mM[38;2;20;20;36m&[38;2;24;23;42mW[38;2;27;26;47mM                         MMMMMMMMMMM[38;2;27;26;48mM[38;2;6;6;10m@               [0m
             [38;2;8;8;14mB[38;2;27;26;47mM[38;2;27;26;48mM[38;2;20;20;36m&[38;2;27;26;47mMMMM[38;2;27;26;48mMMM[38;2;24;23;42mWW                            [38;2;27;26;47mM[38;2;27;26;48mM[38;2;27;26;47mMMMMMM[38;2;27;26;48mM[38;2;24;23;42mWW               [0m
             [38;2;3;3;5m$[38;2;27;26;48mM[38;2;27;26;47mM[38;2;27;26;48mM[38;2;20;20;36m&[38;2;27;26;47mMMMMM[38;2;27;26;48mM[38;2;24;23;42mWW                            W[38;2;27;26;48mM[38;2;20;20;36m&[38;2;27;26;47mMMMM[38;2;27;26;48mMMM[38;2;24;23;42mW               [0m
              [38;2;27;26;47mMM[38;2;27;26;48mM[38;2;27;26;47mMMMMM[38;2;27;26;48mM[38;2;27;26;47mM[38;2;27;26;48mM[38;2;20;20;36m&                            [38;2;27;26;48mM[38;2;27;26;47mM[38;2;27;26;48mM[38;2;27;26;47mMMMMM[38;2;27;26;48mM[38;2;27;26;47mM[38;2;16;15;27m8               [0m
              [38;2;27;26;48mM[38;2;27;26;47mMM[38;2;27;26;48mM[38;2;20;20;36m&[38;2;27;26;47mMMMM[38;2;27;26;48mMM                             [38;2;27;26;47mMMMMMMMMM[38;2;27;26;48mM[38;2;20;20;36m&               [0m
              [38;2;24;23;42mW[38;2;27;26;47mMM[38;2;27;26;48mM[38;2;20;20;36m&[38;2;27;26;47mMMMM[38;2;27;26;48mMM                             M[38;2;27;26;47mMMMMMMMM[38;2;27;26;48mM[38;2;20;20;36m&               [0m
