                                                                                [0m
                                                                                [0m
                                                                                [0m
                                                                                [0m
                                                                                [0m
                                                                                [0m
                                                                                [0m
                                                                                [0m
                                [38;2;212;195;179m_[38;2;154;133;122mx[38;2;245;225;205mI[38;2;212;195;179m_[38;2;218;200;183m+[38;2;120;103;94mU          [38;2;172;158;147m|[38;2;204;186;170m[[[38;2;75;69;66mw                            [0m
                              [38;2;247;227;208mI[38;2;255;233;213m:[38;2;190;136;124mf[38;2;139;100;91mY[38;2;208;149;136m([38;2;99;75;71mZ[38;2;238;205;187m<[38;2;245;225;205mI[38;2;212;195;179m_[38;2;3;3;5m$      [38;2;106;100;91mC[38;2;196;180;164m][38;2;246;218;199m![38;2;125;90;83mC[38;2;212;161;147m}[38;2;255;233;213m:[38;2;255;236;216m:[38;2;255;233;213m:[38;2;3;3;5m$                         [0m
                           [38;2;9;8;14mB[38;2;133;129;111mu[38;2;245;225;205mI[38;2;255;236;216m::[38;2;255;233;213m:[38;2;224;181;165m?[38;2;198;142;129m/[38;2;158;114;104mv[38;2;170;121;110mn[38;2;145;104;95mX[38;2;231;210;191m>[38;2;255;233;213m:[38;2;238;205;187m<    [38;2;99;75;71mZ[38;2;224;181;165m?[38;2;187;134;122mf[38;2;206;150;136m([38;2;200;143;130m/[38;2;208;149;136m(([38;2;245;225;205mI[38;2;251;229;210m;[38;2;255;236;216m:[38;2;255;233;213m:[38;2;36;34;37m#                       [0m
                         [38;2;9;8;14mB[38;2;36;34;37m#[38;2;27;26;47mM[38;2;36;34;37m#[38;2;27;26;47mM[38;2;212;195;179m_[38;2;255;236;216m:[38;2;255;233;213m:[38;2;255;236;216m::[38;2;255;233;213m::[38;2;255;236;216m:[38;2;3;3;5m$     [38;2;134;99;90mU[38;2;208;149;136m([38;2;200;143;130m/[38;2;206;158;144m1[38;2;198;142;129m/[38;2;255;236;216m:[38;2;251;229;210m;[38;2;255;233;213m:::[38;2;212;195;179m_[38;2;17;17;30m8[38;2;36;34;37m#[38;2;27;26;47mM[38;2;16;15;27m8                     [0m
                        [38;2;27;26;48mM[38;2;36;34;37m#[38;2;27;26;47mMMMMMM            [38;2;104;99;108mJ[38;2;232;222;242ml[38;2;234;224;244mI[38;2;75;69;66mw[38;2;190;136;124mf[38;2;206;150;136m([38;2;208;149;136m([38;2;194;139;126mt[38;2;75;69;66mw[38;2;20;20;36m&[38;2;27;26;47mMMMMMM[38;2;3;3;5m$                   [0m
                      [38;2;27;26;47mMMMMMMMM       [38;2;219;210;229m>[38;2;232;222;242ml[38;2;228;218;238m!![38;2;232;222;242ml[38;2;228;218;238m![38;2;232;222;242mll[38;2;228;218;238m![38;2;212;202;221m~[38;2;228;218;238m![38;2;212;202;221m~[38;2;228;218;238m![38;2;232;222;242ml[38;2;75;69;66mw  [38;2;36;34;37m#[38;2;27;26;47mMMMMMM[38;2;27;26;48mM                  [0m
                    [38;2;16;15;27m8[38;2;27;26;48mM[38;2;36;34;37m#[38;2;27;26;47mMMMMM[38;2;9;8;14mB         [38;2;104;99;108mJ[38;2;225;215;234mi[38;2;228;218;238m![38;2;232;222;242ml[38;2;228;218;238m!!![38;2;219;210;229m>[38;2;234;224;244mI[38;2;212;202;221m~[38;2;228;218;238m!!!!![38;2;232;222;242ml[38;2;75;69;66mw[38;2;29;26;36mM[38;2;27;26;47mMMMMMMMM                [0m
                   [38;2;27;26;47mMM[38;2;36;34;37m#[38;2;27;26;47mMMMMM[38;2;9;8;14mB         [38;2;75;69;66mw[38;2;228;218;238m!![38;2;212;202;221m~[38;2;232;222;242ml[38;2;228;218;238m![38;2;204;195;212m_[38;2;228;218;238m![38;2;208;199;217m+[38;2;232;222;242ml[38;2;228;218;238m!!![38;2;232;222;242ml[38;2;228;218;238m!!!!![38;2;157;143;152mf[38;2;43;41;51mo[38;2;27;26;47mM[38;2;36;34;37m#[38;2;27;26;47mMMMMM[38;2;9;8;14mB              [0m
                 [38;2;11;11;20m%[38;2;27;26;47mMMMMMMMM        [38;2;157;143;152mf[38;2;219;210;229m>[38;2;232;222;242ml[38;2;228;218;238m![38;2;29;26;36mM[38;2;33;31;54m#[38;2;31;30;56m#[38;2;87;83;87mO[38;2;192;183;200m[[38;2;163;117;107mu[38;2;175;168;183m1[38;2;33;31;54m#[38;2;27;26;48mM[38;2;232;222;242ml[38;2;139;131;141mn[38;2;228;218;238m![38;2;212;202;221m~[38;2;232;222;242ml[38;2;228;218;238m![38;2;234;224;244mI[38;2;228;218;238m![38;2;232;222;242ml[38;2;162;152;164m/[38;2;232;222;242ml[38;2;8;7;13m@[38;2;20;20;36m&[38;2;27;26;47mM[38;2;36;34;37m#[38;2;27;26;47mMMMMM[38;2;3;3;5m$            [0m
                [38;2;27;26;48mM[38;2;27;26;47mMM[38;2;36;34;37m#[38;2;27;26;47mMMMM[38;2;16;15;27m8          [38;2;104;99;108mJ[38;2;208;199;217m+[38;2;232;222;242ml[38;2;75;69;66mw[38;2;43;41;51mo[38;2;38;37;67mo[38;2;255;236;216m:[38;2;247;227;208mI[38;2;245;225;205mI[38;2;43;41;51mo[38;2;33;31;54m#[38;2;27;26;47mM[38;2;20;20;36m&[38;2;121;118;102mz[38;2;114;82;75mQ[38;2;188;179;196m][38;2;225;215;234mi[38;2;228;218;238m![38;2;234;224;244mI[38;2;228;218;238m!![38;2;175;168;183m1   [38;2;27;26;48mM[38;2;27;26;47mMMMMMMM[38;2;11;11;20m%           [0m
              [38;2;6;6;11m@[38;2;36;34;37m#[38;2;27;26;47mMMMMMM[38;2;27;26;48mM[38;2;9;8;14mB           [38;2;123;117;129mc[38;2;225;215;234mi[38;2;216;207;226m<[38;2;156;146;134mf[38;2;247;227;208mI[38;2;212;195;179m_[38;2;206;150;136m([38;2;255;233;213m:::[38;2;255;236;216m:[38;2;251;229;210m;[38;2;255;236;216m:[38;2;106;100;91mC[38;2;162;152;164m/[38;2;151;136;134mr[38;2;204;195;212m_[38;2;228;218;238m!!![38;2;156;149;163mt[38;2;157;143;152mf[38;2;219;210;229m>[38;2;216;207;226m<  [38;2;24;23;42mW[38;2;27;26;47mMMMMMM[38;2;24;23;42mW[38;2;27;26;48mM          [0m
              [38;2;27;26;47mMMMM[38;2;36;34;37m#[38;2;27;26;47mMMM[38;2;11;11;20m%               [38;2;245;225;205mI[38;2;255;233;213m:[38;2;196;187;167m[[38;2;210;205;180m+[38;2;222;203;186m~~[38;2;203;175;160m{[38;2;255;233;213m::[38;2;255;236;216m:[38;2;251;229;210m;[38;2;255;236;216m:[38;2;254;242;214m,[38;2;163;117;107mu[38;2;136;116;108mc[38;2;139;131;141mn[38;2;232;222;242ml[38;2;139;131;141mn   [38;2;3;3;5m$  [38;2;11;11;20m%[38;2;27;26;47mMMMMMMM[38;2;24;23;42mW         [0m
              [38;2;27;26;48mM[38;2;27;26;47mMMMMMMMM[38;2;24;23;42mW              [38;2;254;242;214m,[38;2;255;233;213m::[38;2;255;236;216m::[38;2;255;233;213m:[38;2;255;236;216m:[38;2;255;233;213m:::[38;2;255;236;216m:[38;2;224;181;165m?[38;2;245;225;205mI[38;2;235;198;181m~[38;2;167;154;140m/[38;2;232;222;242ml[38;2;3;3;5m$[38;2;147;135;145mx[38;2;172;164;179m)[38;2;162;152;164m/    [38;2;20;20;36m&[38;2;27;26;47mMMMMMMMM         [0m
              [38;2;16;15;27m8[38;2;27;26;48mM[38;2;27;26;47mMMMMMM[38;2;24;23;42mW[38;2;27;26;48mM[38;2;27;26;47mMM            [38;2;219;170;155m][38;2;251;229;210m;[38;2;255;233;213m::[38;2;255;236;216m:::[38;2;255;233;213m:[38;2;214;167;153m{[38;2;206;150;136m([38;2;177;126;115mx[38;2;204;146;133m|[38;2;148;141;154mj[38;2;232;222;242ml [38;2;184;175;192m{[38;2;123;117;129mc      [38;2;17;17;30m8[38;2;27;26;47mMMMMMMMMM         [0m
                [38;2;27;26;48mM[38;2;27;26;47mMMMMMMMM[38;2;24;23;42mW[38;2;20;20;36m&[38;2;27;26;47mM            [38;2;208;149;136m([38;2;204;146;133m|[38;2;206;150;136m(([38;2;204;146;133m||[38;2;208;149;136m([38;2;212;161;147m}[38;2;204;146;133m|[38;2;170;121;110mn[38;2;172;164;179m) [38;2;104;99;108mJ       [38;2;24;23;42mW[38;2;27;26;47mMMMMM[38;2;36;34;37m#[38;2;27;26;47mMMM          [0m
                 [38;2;16;15;27m8[38;2;27;26;47mMMMMMM[38;2;24;23;42mW[38;2;27;26;48mM[38;2;27;26;47mM[38;2;24;23;42mW[38;2;27;26;47mMM[38;2;24;23;42mW[38;2;27;26;47mMMM[38;2;27;26;48mM[38;2;33;31;54m#[38;2;16;15;27m8[38;2;3;3;5m$ [38;2;11;11;20m%[38;2;27;26;47mMM[38;2;33;31;54m#[38;2;3;3;5m$[38;2;158;114;104mv[38;2;24;23;42mW[38;2;27;26;47mMMMM[38;2;29;26;35mW       [38;2;16;15;27m8[38;2;27;26;47mM[38;2;36;34;37m#[38;2;27;26;47mMMMMMM[38;2;27;26;48mM[38;2;27;26;47mM[38;2;9;8;14mB          [0m
                   [38;2;20;20;36m&[38;2;33;31;54m#[38;2;27;26;47mMMMMMMMMMMM[38;2;24;23;42mW[38;2;27;26;48mM[38;2;27;26;47mM[38;2;24;23;42mW[38;2;27;26;47mMMM[38;2;20;20;36m&[38;2;27;26;47mMMMM[38;2;16;15;27m8[38;2;27;26;47mMMMMM[38;2;11;11;20m% %%[38;2;27;26;47mMMM[38;2;27;26;48mM[38;2;17;17;30m8[38;2;27;26;48mM[38;2;27;26;47mMMMM[38;2;36;34;37m#[38;2;27;26;47mMMM            [0m
                    [38;2;6;6;11m@[38;2;27;26;48mM[38;2;27;26;47mMM[38;2;36;34;37m#[38;2;27;26;47mMMMMMM[38;2;27;26;48mM[38;2;27;26;47mM[38;2;27;26;48mM[38;2;24;23;42mWW[38;2;27;26;47mM[38;2;27;26;48mM[38;2;20;20;36m&[38;2;27;26;47mMM[38;2;36;34;37m#[38;2;27;26;47mMMMMMM[38;2;27;26;48mM[38;2;9;8;14mB[38;2;27;26;47mMMMMMMMM[38;2;11;11;20m%[38;2;36;34;37m#[38;2;27;26;47mMMMMMM[38;2;27;26;48mM             [0m
                      [38;2;17;17;30m8[38;2;27;26;47mMMMMMMMMMMMMMMM[38;2;27;26;48mM[38;2;20;20;36m&[38;2;27;26;48mMM[38;2;24;23;42mW[38;2;27;26;47mM[38;2;27;26;48mM[38;2;27;26;47mMM[38;2;20;20;36m&&&&[38;2;24;23;42mWW[38;2;27;26;47mMMMMM[38;2;17;17;30m8[38;2;27;26;47mMMMMMM[38;2;16;15;27m8              [0m
                        [38;2;27;26;48mM[38;2;27;26;47mMMMMMMM[38;2;36;34;37m#[38;2;27;26;47mMMMMMM[38;2;27;26;48mM[38;2;27;26;47mM[38;2;27;26;48mM[38;2;24;23;42mWW[38;2;27;26;47mM[38;2;27;26;48mM[38;2;20;20;36m&[38;2;27;26;47mMMM[38;2;80;67;22mp[38;2;178;152;38mj[38;2;27;26;48mM[38;2;27;26;47mMMM[38;2;27;26;48mM[38;2;27;26;47mM[38;2;17;17;30m8[38;2;27;26;47mMMMMM                [0m
                         [38;2;3;3;5m$[38;2;27;26;47mMMMMMMM[38;2;27;26;48mM[38;2;27;26;47mM[38;2;17;17;30m8[38;2;36;34;37m#[38;2;27;26;47mMMMMMM[38;2;27;26;48mM[38;2;27;26;47mM[38;2;27;26;48mM[38;2;24;23;42mWW[38;2;27;26;47mM[38;2;27;26;48mM[38;2;20;20;36m&[38;2;27;26;47mMMMMMMM[38;2;16;15;27m8[38;2;27;26;47mMMM[38;2;11;11;20m%                 [0m
                           [38;2;27;26;47mMMMMMMMMMMMMMMMMM[38;2;27;26;48mM[38;2;20;20;36m&[38;2;27;26;48mMM[38;2;24;23;42mW[38;2;27;26;47mM[38;2;27;26;48mM[38;2;16;15;27m88[38;2;33;31;54m#[38;2;27;26;47mMMMM[38;2;27;26;48mM[38;2;33;31;54m#[38;2;27;26;47mM[38;2;3;3;5m$                  [0m
                            [38;2;6;6;11m@[38;2;20;20;36m&[38;2;27;26;47mMMM[38;2;27;26;48mM[38;2;27;26;47mM[38;2;17;17;30m8[38;2;27;26;47mMM[38;2;36;34;37m#[38;2;27;26;47mMMMMMM[38;2;27;26;48mM[38;2;27;26;47mM[38;2;27;26;48mM[38;2;24;23;42mWW[38;2;27;26;47mM[38;2;17;17;30m8[38;2;27;26;47mMMMMMMMM                    [0m
                             [38;2;17;17;30m8[38;2;27;26;47mMMMMMMMM[38;2;27;26;48mM[38;2;20;20;36m&[38;2;27;26;48mMM[38;2;24;23;42mW[38;2;27;26;47mM[38;2;27;26;48mM[38;2;27;26;47mMMMM[38;2;20;20;36m&[38;2;27;26;47mMM[38;2;17;17;30m8[38;2;27;26;47mMMMMM[38;2;16;15;27m8                     [0m
                             [38;2;27;26;47mMMMMMMMM[38;2;24;23;42mW[38;2;20;20;36m&[38;2;27;26;47mM[38;2;27;26;48mM[38;2;27;26;47mMMMM[38;2;27;26;48mM[38;2;27;26;47mM[38;2;27;26;48mM[38;2;20;20;36m&[38;2;27;26;47mMM[38;2;27;26;48mMM[38;2;27;26;47mMMMMM                      [0m
                             [38;2;27;26;48mM[38;2;27;26;47mMMMMMMMM[38;2;36;34;37m#[38;2;27;26;47mMMMMMM[38;2;27;26;48mM[38;2;27;26;47mM[38;2;27;26;48mM[38;2;24;23;42mWW[38;2;27;26;47mM[38;2;27;26;48mM[38;2;24;23;42mW[38;2;27;26;47mM[38;2;36;34;37m#[38;2;27;26;47mMMM                      [0m
                            [38;2;17;17;30m8[38;2;27;26;47mMMMMMMMMMMMMMMM[38;2;24;23;42mW[38;2;27;26;48mM[38;2;27;26;47mM[38;2;24;23;42mW[38;2;27;26;47mMMM[38;2;27;26;48mMM[38;2;27;26;47mM[38;2;27;26;48mM[38;2;27;26;47mMMM                      [0m
                            [38;2;27;26;47mMMMMMMMMM[38;2;36;34;37m#[38;2;27;26;47mMMMMMM[38;2;27;26;48mM[38;2;27;26;47mM[38;2;24;23;42mWW[38;2;27;26;47mMM[38;2;27;26;48mM[38;2;20;20;36m&[38;2;27;26;47mMMMMMM                      [0m
                            [38;2;27;26;48mM[38;2;27;26;47mMMMMMMMMMMMMMM[38;2;24;23;42mW[38;2;20;20;36m&[38;2;27;26;47mM[38;2;27;26;48mM[38;2;27;26;47mMMMM[38;2;27;26;48mM[38;2;27;26;47mM[38;2;27;26;48mM[38;2;20;20;36m&[38;2;27;26;47mMM[38;2;27;26;48mM                      [0m
                            [38;2;27;26;47mMMMMM[38;2;27;26;48mM[38;2;27;26;47mMMMMMMM[38;2;24;23;42mW[38;2;20;20;36m&[38;2;27;26;47mM[38;2;27;26;48mM[38;2;27;26;47mMMMM[38;2;27;26;48mM[38;2;20;20;36m&[38;2;24;23;42mW[38;2;27;26;47mMMMMMM                      [0m
                           [38;2;16;15;27m8[38;2;36;34;37m#[38;2;27;26;47mMMMMMM[38;2;27;26;48mM[38;2;27;26;47mM[38;2;27;26;48mM[38;2;24;23;42mWW[38;2;27;26;47mM[38;2;27;26;48mM[38;2;20;20;36m&[38;2;27;26;47mMMMMMM[38;2;17;17;30m8[38;2;27;26;48mM[38;2;27;26;47mMMMMMMM                      [0m
                          [38;2;3;3;5m$[38;2;27;26;48mM[38;2;27;26;47mMMMMMMMMMMMM[38;2;27;26;48mM[38;2;20;20;36m&[38;2;27;26;48mMM[38;2;24;23;42mW[38;2;27;26;47mM[38;2;27;26;48mM[38;2;27;26;47mMMMM[38;2;20;20;36m&[38;2;27;26;47mMM[38;2;17;17;30m8[38;2;27;26;48mM[38;2;27;26;47mMM                      [0m
                          [38;2;9;8;14mB[38;2;27;26;47mMMMMMMMMMMMMMMMMM[38;2;24;23;42mW[38;2;27;26;48mM[38;2;27;26;47mM[38;2;24;23;42mW[38;2;27;26;47mMMM[38;2;27;26;48mMM[38;2;27;26;47mM[38;2;27;26;48mM[38;2;27;26;47mMMM[38;2;27;26;48mM                     [0m
                          [38;2;27;26;48mM[38;2;27;26;47mMMMMMMMMMMMMM[38;2;27;26;48mM[38;2;20;20;36m&[38;2;27;26;48mMM[38;2;24;23;42mW[38;2;27;26;47mM[38;2;27;26;48mM[38;2;27;26;47mMMMM[38;2;20;20;36m&[38;2;27;26;47mMM[38;2;17;17;30m8[38;2;27;26;48mM[38;2;27;26;47mMMM[38;2;16;15;27m8                    [0m
                         [38;2;6;6;11m@[38;2;27;26;47mMMM[38;2;27;26;48mM[38;2;27;26;47mM[38;2;17;17;30m8[38;2;27;26;47mMMMMMMMMMM[38;2;27;26;48mM[38;2;20;20;36m&[38;2;27;26;48mMM[38;2;24;23;42mW[38;2;27;26;47mM[38;2;27;26;48mM[38;2;27;26;47mMM[38;2;20;20;36m&[38;2;27;26;47mMMMMMMMM                    [0m
                         [38;2;3;3;5m$[38;2;27;26;47mMMMMMMMMMMMM[38;2;27;26;48mM[38;2;20;20;36m&[38;2;27;26;48mMM[38;2;24;23;42mW[38;2;27;26;47mM[38;2;27;26;48mM[38;2;27;26;47mMMMM[38;2;20;20;36m&[38;2;27;26;47mMM[38;2;17;17;30m8[38;2;27;26;48mM[38;2;27;26;47mMMMMMM                    [0m
                         [38;2;27;26;47mM[38;2;33;31;54m#[38;2;27;26;47mMMMMMMMMMMMMMMMMMM[38;2;24;23;42mW[38;2;20;20;36m&[38;2;27;26;47mM[38;2;27;26;48mM[38;2;27;26;47mMMM[38;2;16;15;27m8[38;2;27;26;47mMMMMMMM                    [0m
                            [38;2;3;3;5m$[38;2;20;20;36m&&[38;2;16;15;27m8[38;2;27;26;47mMMMMMMMMMMMMMMMMM[38;2;24;23;42mW[38;2;20;20;36m&[38;2;27;26;47mM[38;2;27;26;48mM[38;2;20;20;36m&&[38;2;16;15;27m8[38;2;33;31;54m#[38;2;27;26;47mMMM                    [0m
                           [38;2;20;20;36m&[38;2;27;26;47mMMMMMMMM[38;2;36;34;37m#[38;2;27;26;47mMMMMMM[38;2;27;26;48mM[38;2;27;26;47mM[38;2;27;26;48mM[38;2;24;23;42mWW[38;2;27;26;47mM[38;2;27;26;48mM[38;2;20;20;36m&[38;2;27;26;47mMMMMMM[38;2;17;17;30m8[38;2;27;26;48mM[38;2;27;26;47mM                    [0m
                          [38;2;3;3;5m$[38;2;27;26;48mM[38;2;27;26;47mMMMMMMMMMMMMM[38;2;20;20;36m&[38;2;27;26;47mMMMMM[38;2;16;15;27m8[38;2;20;20;36m&[38;2;17;17;30m8[38;2;27;26;47mMMMMMMMMMMM                   [0m
                          [38;2;27;26;47mMMM[38;2;27;26;48mM[38;2;27;26;47mM[38;2;17;17;30m8[38;2;27;26;47mMMMMMMMMMM[38;2;24;23;42mW[38;2;27;26;48mM[38;2;27;26;47mM[38;2;24;23;42mW[38;2;27;26;47mMMM[38;2;27;26;48mMM[38;2;27;26;47mM[38;2;27;26;48mM[38;2;27;26;47mMMM[38;2;27;26;48mMM[38;2;27;26;47mMMM                   [0m
                        [38;2;27;26;47mMMMMMMM[38;2;24;23;42mW[38;2;20;20;36m&[38;2;27;26;47mM[38;2;27;26;48mM[38;2;27;26;47mMMMM[38;2;27;26;48mM[38;2;20;20;36m&[38;2;24;23;42mW[38;2;20;20;36m&[38;2;27;26;47mMMMMMMMMMMMMMMM[38;2;24;23;42mW[38;2;27;26;48mM[38;2;27;26;47mM[38;2;11;11;20m%                  [0m
                       [38;2;27;26;48mM[38;2;27;26;47mMMMMMMMMMMMMMMM[38;2;36;34;37m#[38;2;27;26;47mMMMMMM[38;2;27;26;48mM[38;2;27;26;47mM[38;2;24;23;42mWW[38;2;27;26;47mMM[38;2;27;26;48mM[38;2;20;20;36m&[38;2;27;26;47mMMMMMM[38;2;27;26;48mMM [38;2;3;3;5m$                [0m
                      [38;2;27;26;48mM[38;2;33;31;54m#[38;2;27;26;47mMMMMMMMMM[38;2;33;31;54m#[38;2;27;26;47mMMMM[38;2;27;26;48mM[38;2;27;26;47mMMMMMMMMMMM[38;2;27;26;48mM[38;2;20;20;36m&[38;2;27;26;48mMM[38;2;24;23;42mW[38;2;27;26;47mM[38;2;27;26;48mM[38;2;27;26;47mMMMM[38;2;20;20;36m&                  [0m
                     [38;2;20;20;36m&[38;2;27;26;47mMMMMMMM[38;2;24;23;42mW[38;2;20;20;36m&[38;2;27;26;47mM[38;2;27;26;48mM[38;2;27;26;47mMMMM[38;2;27;26;48mMM[38;2;27;26;47mMMMMMMMMMMMMMMMM[38;2;24;23;42mW[38;2;20;20;36m&[38;2;27;26;47mM[38;2;27;26;48mM[38;2;27;26;47mMMM[38;2;3;3;5m$                 [0m
                    [38;2;27;26;47mMMMMMMMMMM[38;2;27;26;48mM[38;2;20;20;36m&[38;2;27;26;48mMM[38;2;24;23;42mW[38;2;27;26;47mM[38;2;27;26;48mM[38;2;27;26;47mMMMM[38;2;20;20;36m&[38;2;27;26;47mM[38;2;16;15;27m8[38;2;27;26;47mMMM[38;2;27;26;48mMM[38;2;27;26;47mMM[38;2;36;34;37m#[38;2;27;26;47mMMMMMM[38;2;27;26;48mM[38;2;27;26;47mM[38;2;24;23;42mWW[38;2;3;3;5m$                 [0m
                   [38;2;27;26;47mM[38;2;36;34;37m#[38;2;27;26;47mMMMMMM[38;2;27;26;48mM[38;2;27;26;47mM[38;2;27;26;48mM[38;2;24;23;42mWW[38;2;27;26;47mM[38;2;27;26;48mM[38;2;20;20;36m&[38;2;27;26;47mMMMMMM[38;2;17;17;30m8  [38;2;11;11;20m%[38;2;27;26;47mMMMM[38;2;36;34;37m#[38;2;27;26;47mMMMMMM[38;2;27;26;48mM[38;2;27;26;47mM[38;2;24;23;42mWW[38;2;27;26;47mMM[38;2;17;17;30m8                 [0m
                  [38;2;27;26;47mM[38;2;36;34;37m#[38;2;27;26;47mMMMMMM[38;2;27;26;48mM[38;2;27;26;47mM[38;2;24;23;42mWW[38;2;27;26;47mMM[38;2;27;26;48mM[38;2;20;20;36m&[38;2;27;26;47mMMMMM       [38;2;27;26;48mM[38;2;27;26;47mM[38;2;36;34;37m#[38;2;27;26;47mMMMMMM[38;2;27;26;48mM[38;2;27;26;47mM[38;2;27;26;48mM[38;2;24;23;42mWW[38;2;27;26;47mM[38;2;27;26;48mM[38;2;20;20;36m&                 [0m
                 [38;2;24;23;42mW[38;2;27;26;47mMMMMMM[38;2;24;23;42mW[38;2;27;26;48mM[38;2;27;26;47mM[38;2;24;23;42mW[38;2;27;26;47mMMM[38;2;27;26;48mMM[38;2;27;26;47mM[38;2;27;26;48mM[38;2;27;26;47mMM          [38;2;17;17;30m8[38;2;36;34;37m#[38;2;27;26;47mMMMMMM[38;2;27;26;48mM[38;2;27;26;47mM[38;2;27;26;48mM[38;2;24;23;42mWW[38;2;27;26;47mM[38;2;27;26;48mM[38;2;20;20;36m&[38;2;11;11;20m%                [0m
                [38;2;27;26;48mM[38;2;33;31;54m#[38;2;27;26;47mMMMMMMMMMMMMM[38;2;24;23;42mW[38;2;27;26;47mMMM             [38;2;29;26;36mM[38;2;27;26;47mMMMMMMMM[38;2;24;23;42mW[38;2;20;20;36m&[38;2;27;26;47mM[38;2;27;26;48mM[38;2;27;26;47mMMM                [0m
              [38;2;17;17;30m8[38;2;27;26;48mM[38;2;27;26;47mMMMMMMM[38;2;24;23;42mW[38;2;20;20;36m&[38;2;27;26;47mM[38;2;27;26;48mM[38;2;27;26;47mMMMM[38;2;27;26;48mM[38;2;20;20;36m&[38;2;24;23;42mW               [38;2;20;20;36m&[38;2;27;26;47mMMMMMMM[38;2;24;23;42mW[38;2;20;20;36m&[38;2;27;26;47mM[38;2;27;26;48mM[38;2;27;26;47mMMM                [0m
             [38;2;16;15;27m8[38;2;27;26;47mMMMMMMM[38;2;24;23;42mW[38;2;20;20;36m&[38;2;27;26;47mM[38;2;27;26;48mM[38;2;27;26;47mMMMM[38;2;27;26;48mM[38;2;20;20;36m&[38;2;24;23;42mW                  W[38;2;27;26;47mMMMMMMM[38;2;27;26;48mM[38;2;20;20;36m&[38;2;27;26;48mMM[38;2;24;23;42mW[38;2;27;26;47mM                [0m
            [38;2;6;6;11m@[38;2;27;26;48mM[38;2;27;26;47mMMM[38;2;36;34;37m#[38;2;27;26;47mMMMMMM[38;2;27;26;48mM[38;2;27;26;47mM[38;2;24;23;42mWW[38;2;27;26;47mMM[38;2;17;17;30m8                    [38;2;24;23;42mW[38;2;27;26;47mMMM[38;2;27;26;48mM[38;2;27;26;47mMMMMMM[38;2;27;26;48mM[38;2;24;23;42mW                [0m
            [38;2;24;23;42mW[38;2;27;26;47mMMMMMMM[38;2;24;23;42mW[38;2;27;26;48mM[38;2;27;26;47mM[38;2;24;23;42mW[38;2;27;26;47mMMM[38;2;27;26;48mMM[38;2;17;17;30m8                      [38;2;27;26;48mM[38;2;27;26;47mMMMMMMMMMM[38;2;27;26;48mM                [0m
            [38;2;33;31;54m#[38;2;27;26;47mMMMMMMMMMMMMMMM                        [38;2;27;26;48mM[38;2;27;26;47mMMMMMMM[38;2;27;26;48mM[38;2;20;20;36m&[38;2;27;26;48mMM                [0m
            [38;2;27;26;47mMMMMM[38;2;27;26;48mM[38;2;27;26;47mMMMMMMMM[38;2;11;11;20m%                         [38;2;20;20;36m&[38;2;27;26;47mMMMMMMMMMM[38;2;20;20;36m&                [0m
            [38;2;27;26;47mMM[38;2;36;34;37m#[38;2;27;26;47mMMMMMM[38;2;27;26;48mM[38;2;27;26;47mM[38;2;27;26;48mM[38;2;24;23;42mW[38;2;9;8;14mB                          [38;2;27;26;48mM[38;2;27;26;47mMMMMM[38;2;17;17;30m88[38;2;27;26;48mM[38;2;27;26;47mMMM                [0m
           [38;2;17;17;30m8[38;2;27;26;47mMM[38;2;36;34;37m#[38;2;27;26;47mMMMMMM[38;2;27;26;48mM[38;2;27;26;47mM[38;2;9;8;14mB                            [38;2;24;23;42mW[38;2;27;26;47mMMMM[38;2;27;26;48mM[38;2;27;26;47mMMMMMM                [0m
           [38;2;17;17;30m8[38;2;27;26;47mMMMMMMMM[38;2;24;23;42mW[38;2;27;26;48mM[38;2;27;26;47mM[38;2;11;11;20m%                             [38;2;17;17;30m8[38;2;27;26;47mMMMMMMM[38;2;24;23;42mW[38;2;20;20;36m&[38;2;27;26;47mM[38;2;27;26;48mM               [0m
           [38;2;16;15;27m8[38;2;27;26;47mMM[38;2;36;34;37m#[38;2;27;26;47mMMMMMM[38;2;27;26;48mM[38;2;27;26;47mM[38;2;9;8;14mB                              [38;2;27;26;48mM[38;2;27;26;47mMMMMMMM[38;2;27;26;48mM[38;2;20;20;36m&[38;2;27;26;48mM               [0m
            [38;2;27;26;48mM[38;2;27;26;47mMMM[38;2;36;34;37m#[38;2;27;26;47mMMMMMM[38;2;6;6;11m@                              [38;2;27;26;48mM[38;2;36;34;37m#[38;2;27;26;47mMMMMMM[38;2;27;26;48mM[38;2;27;26;47mM[38;2;24;23;42mW[38;2;9;8;14mB              [0m
            [38;2;27;26;48mM[38;2;33;31;54m#[38;2;27;26;47mMMMMMMMMM[38;2;11;11;20m%                              [38;2;27;26;47mMMMMMMM[38;2;24;23;42mW[38;2;20;20;36m&[38;2;27;26;47mM[38;2;27;26;48mM[38;2;27;26;47mM              [0m
            [38;2;33;31;54m#[38;2;27;26;47mMMMMMMM[38;2;27;26;48mM[38;2;20;20;36m&[38;2;27;26;48mM[38;2;11;11;20m%                              [38;2;24;23;42mW[38;2;27;26;47mMMMMMMMM[38;2;24;23;42mW[38;2;20;20;36m&[38;2;27;26;47mM              [0m
