                                                                                [0m
                                                                                [0m
                                                                                [0m
                                                                                [0m
                                                                                [0m
                                                                                [0m
                                                                                [0m
                                                                                [0m
                                                                                [0m
                               [38;2;172;158;147m|[38;2;255;233;213m:[38;2;172;158;147m|[38;2;255;237;216m:          [38;2;136;116;108mc[38;2;218;200;183m+[38;2;255;237;216m:[38;2;251;230;210m;[38;2;255;237;216m:[38;2;255;233;213m:[38;2;233;216;195mi                            [0m
                            [38;2;43;41;51mo[38;2;255;237;216m:[38;2;204;146;133m|[38;2;99;75;71mZ[38;2;208;149;136m([38;2;194;139;126mt[38;2;255;233;213m::[38;2;134;119;120mc[38;2;172;158;147m|       [38;2;254;242;214m,[38;2;177;126;115mxx[38;2;206;150;136m([38;2;204;146;133m|[38;2;250;226;206mI[38;2;255;233;213m:[38;2;255;237;216m::                          [0m
                           [38;2;106;100;91mC[38;2;255;237;216m:[38;2;251;230;210m;[38;2;235;198;181m~[38;2;204;146;133m||[38;2;139;100;91mY[38;2;114;82;75mQ[38;2;204;146;133m|[38;2;151;136;134mr[38;2;243;221;202ml[38;2;254;242;214m,[38;2;154;133;122mx    [38;2;177;126;115mx[38;2;204;146;133m||[38;2;177;126;115mx[38;2;170;121;110mn[38;2;250;226;206mI[38;2;255;233;213m:[38;2;255;237;216m:[38;2;250;226;206mI[38;2;255;237;216m:[38;2;39;37;56mo[38;2;27;26;47mMM[38;2;12;11;20m%                      [0m
                         [38;2;27;26;48mM[38;2;24;23;42mW[38;2;27;26;48mM[38;2;169;164;142m|[38;2;254;242;214m,[38;2;255;233;213m:[38;2;255;237;216m:[38;2;250;226;206mI[38;2;255;237;216m:[38;2;255;233;213m::[38;2;233;216;195mi      [38;2;36;34;37m#[38;2;158;114;104mv[38;2;208;149;136m([38;2;204;146;133m|||[38;2;235;198;181m~[38;2;255;233;213m:[38;2;254;242;214m,[38;2;3;3;5m$[38;2;27;26;48mM[38;2;27;26;47mMMMMMM                    [0m
                       [38;2;3;3;5m$[38;2;27;26;47mMM[38;2;27;26;48mM[38;2;27;26;47mMMM[38;2;3;3;5m$[38;2;172;158;147m|[38;2;154;133;122mx[38;2;75;69;66mw        [38;2;114;107;116mY[38;2;196;187;204m?[38;2;139;131;141mn[38;2;233;222;243mll[38;2;228;218;238m![38;2;187;179;195m][38;2;228;218;238m!  [38;2;16;15;28m8[38;2;27;26;47mM[38;2;27;26;48mM[38;2;27;26;47mMMMM[38;2;24;23;42mW[38;2;27;26;47mMM                  [0m
                      [38;2;32;31;56m#[38;2;27;26;47mMMM[38;2;27;26;48mM[38;2;27;26;47mMM[38;2;16;15;28m8       [38;2;216;207;226m<[38;2;234;224;244mI[38;2;233;222;243mll[38;2;234;224;244mI[38;2;228;218;238m!![38;2;233;222;243ml[38;2;234;224;244mI[38;2;228;218;238m!!![38;2;233;222;243ml[38;2;228;218;238m!![38;2;162;152;164m/ [38;2;3;3;5m$[38;2;27;26;48mM[38;2;27;26;47mMMMMMMM[38;2;8;8;14mB                [0m
                    [38;2;16;15;28m8[38;2;27;26;48mM[38;2;27;26;47mMMMMM[38;2;24;23;42mW          [38;2;233;222;243mllll[38;2;228;218;238m![38;2;180;172;187m}[38;2;220;210;229m>[38;2;233;222;243ml[38;2;228;218;238m!!!![38;2;234;224;244mI[38;2;228;218;238m!!!!![38;2;3;3;5m$[38;2;27;26;47mMMMMMM[38;2;20;20;36m&[38;2;27;26;47mM[38;2;16;15;28m8              [0m
                   [38;2;24;23;42mW[38;2;27;26;47mMMMMMMM         [38;2;104;99;108mJ[38;2;233;222;243ml[38;2;208;199;217m+[38;2;203;194;212m_[38;2;233;222;243ml[38;2;228;218;238m!![38;2;196;187;204m?[38;2;43;41;51mo[38;2;216;207;226m<[38;2;172;164;179m)[38;2;228;218;238m![38;2;234;224;244mI[38;2;228;218;238m!!!!!!![38;2;147;135;145mx[38;2;196;187;204m?[38;2;39;37;56mo[38;2;27;26;47mMMMMMMMM[38;2;6;6;10m@            [0m
                  [38;2;27;26;48mM[38;2;27;26;47mMMMMMM[38;2;20;20;36m&        [38;2;212;202;221m~[38;2;233;222;243ml[38;2;220;210;229m>[38;2;208;199;217m+[38;2;27;26;48mM[38;2;75;69;66mw[38;2;224;215;234mi[38;2;87;83;87mO[38;2;164;157;171m|[38;2;39;37;56mo[38;2;27;26;48mM[38;2;3;3;5m$[38;2;87;83;87mO[38;2;75;69;66mw[38;2;224;215;234mi[38;2;164;157;171m|[38;2;228;218;238m![38;2;233;222;243ml[38;2;228;218;238m!!!!![38;2;114;107;116mY [38;2;17;17;30m8[38;2;27;26;47mMMMMMMMMM[38;2;6;6;10m@          [0m
                [38;2;12;11;20m%[38;2;27;26;47mM[38;2;27;26;48mM[38;2;27;26;47mMMMMM            [38;2;162;152;164m/[38;2;234;224;244mI[38;2;24;23;42mW[38;2;194;139;126mt[38;2;250;226;206mI[38;2;255;233;213m:[38;2;255;237;216m:[38;2;87;83;87mO[38;2;8;8;14mBB[38;2;255;233;213m::[38;2;164;147;135mf[38;2;224;215;234mi[38;2;228;218;238m![38;2;233;222;243ml[38;2;228;218;238m!!!!!!  [38;2;16;15;28m8[38;2;27;26;48mM[38;2;24;23;42mW[38;2;27;26;48mM[38;2;27;26;47mMM[38;2;17;17;30m8[38;2;27;26;47mMM[38;2;27;26;48mMM         [0m
               [38;2;24;23;42mW[38;2;27;26;47mMM[38;2;24;23;42mW[38;2;27;26;48mM[38;2;27;26;47mMM[38;2;17;17;30m8[38;2;8;8;14mB             [38;2;172;164;179m)[38;2;222;203;186m~[38;2;255;233;213m:[38;2;255;237;216m:::[38;2;255;233;213m:[38;2;255;237;216m:[38;2;255;233;213m:[38;2;255;237;216m::[38;2;224;215;234mi[38;2;164;157;171m|[38;2;106;100;91mC[38;2;216;207;226m<[38;2;125;90;83mC[38;2;233;222;243mll[38;2;228;218;238m!  [38;2;147;135;145mx   [38;2;26;24;36mW[38;2;27;26;48mM[38;2;27;26;47mMM[38;2;27;26;48mM[38;2;27;26;47mMMMM         [0m
              [38;2;24;23;42mW[38;2;27;26;48mM[38;2;27;26;47mMMMMMM                [38;2;247;233;207m;[38;2;255;237;216m:[38;2;255;233;213m:::::[38;2;250;226;206mI[38;2;255;237;216m:[38;2;255;233;213m:[38;2;251;230;210m;[38;2;255;233;213m:[38;2;146;104;95mX[38;2;125;90;83mC[38;2;172;158;147m|[38;2;234;224;244mI[38;2;224;215;234mi[38;2;233;222;243ml[38;2;200;191;208m-     [38;2;24;23;42mW[38;2;27;26;48mM[38;2;27;26;47mMMMMMM[38;2;24;23;42mW         [0m
             [38;2;6;6;10m@[38;2;27;26;47mMMMMMMM[38;2;24;23;42mW[38;2;27;26;48mM[38;2;12;11;20m%              [38;2;243;221;202ml[38;2;251;230;210m;[38;2;255;233;213m::[38;2;255;237;216m::[38;2;255;233;213m:[38;2;251;230;210m;[38;2;255;233;213m::[38;2;158;114;104mv[38;2;204;146;133m|[38;2;224;215;234mii[38;2;184;175;192m{[38;2;220;210;229m>[38;2;123;117;129mc      [38;2;24;23;42mW[38;2;27;26;47mMMM[38;2;24;23;42mW[38;2;27;26;47mMMM[38;2;17;17;30m8[38;2;20;20;36m&         [0m
              [38;2;24;23;42mW[38;2;27;26;47mM[38;2;24;23;42mW[38;2;27;26;48mM[38;2;27;26;47mMM[38;2;17;17;30m8[38;2;27;26;47mMM[38;2;27;26;48mM[38;2;27;26;47mM[38;2;16;15;28m8            [38;2;172;158;147m|[38;2;255;233;213m:[38;2;255;237;216m::[38;2;251;230;210m;[38;2;235;198;181m~[38;2;207;150;137m([38;2;200;143;130m/[38;2;212;161;147m}[38;2;194;139;126mt[38;2;208;149;136m([38;2;196;187;204m?[38;2;148;141;154mj[38;2;154;133;122mx  [38;2;156;149;163mt     [38;2;27;26;48mMM[38;2;27;26;47mMMMMMMM[38;2;24;23;42mW          [0m
               [38;2;27;26;47mMMM[38;2;27;26;48mM[38;2;27;26;47mMMMMM[38;2;27;26;48mMMM[38;2;20;20;36m&   [38;2;27;26;47mMMM[38;2;12;11;20m%[38;2;17;17;30m8    [38;2;27;26;47mMM[38;2;16;15;28m8[38;2;36;34;37m#[38;2;208;149;136m([38;2;204;146;133m|[38;2;75;69;66mw[38;2;12;11;20m%[38;2;27;26;47mMM[38;2;24;23;42mW      [38;2;16;15;28m8[38;2;27;26;47mMMM[38;2;24;23;42mW[38;2;27;26;47mMMM[38;2;17;17;30m8[38;2;20;20;36m&[38;2;27;26;47mMM[38;2;3;3;5m$          [0m
                [38;2;6;6;10m@[38;2;27;26;47mMMMMMMMM[38;2;24;23;42mW[38;2;27;26;48mM[38;2;20;20;36m&&[38;2;27;26;47mM[38;2;20;20;36m&[38;2;27;26;47mMMMMMMMM[38;2;24;23;42mW[38;2;27;26;48mM[38;2;20;20;36m&&[38;2;27;26;47mM[38;2;27;26;48mM[38;2;36;34;37m#[38;2;27;26;47mM[38;2;24;23;42mW[38;2;27;26;47mMMM[38;2;17;17;30m8[38;2;6;6;10m@[38;2;17;17;30m8[38;2;27;26;48mM[38;2;27;26;47mMMM[38;2;20;20;36m&[38;2;27;26;48mM[38;2;27;26;47mM[38;2;24;23;42mW[38;2;27;26;47mMM[38;2;27;26;48mM[38;2;27;26;47mMMM            [0m
                  [38;2;12;11;20m%[38;2;27;26;48mM[38;2;27;26;47mMMMMMMMMM[38;2;24;23;42mW[38;2;27;26;48mM[38;2;20;20;36m&&[38;2;27;26;47mM[38;2;24;23;42mW[38;2;27;26;47mM[38;2;27;26;48mM[38;2;27;26;47mM[38;2;24;23;42mW[38;2;27;26;48mM[38;2;27;26;47mMM[38;2;27;26;48mM[38;2;27;26;47mMMMMM[38;2;27;26;48mMMM[38;2;20;20;36m&[38;2;27;26;47mM[38;2;24;23;42mW[38;2;27;26;47mM[38;2;27;26;48mM[38;2;27;26;47mMM[38;2;27;26;48mM[38;2;27;26;47mMMMMM[38;2;27;26;48mMMM[38;2;8;8;14mB            [0m
                    [38;2;16;15;28m8[38;2;27;26;48mM[38;2;27;26;47mMMMMM[38;2;24;23;42mW[38;2;20;20;36m&[38;2;27;26;48mM[38;2;17;17;30m8[38;2;27;26;47mMMMMMMMM[38;2;20;20;36m&[38;2;24;23;42mW[38;2;27;26;47mM[38;2;20;20;36m&[38;2;27;26;47mMM[38;2;27;26;48mM[38;2;17;17;30m888[38;2;20;20;36m&[38;2;27;26;47mMMMMM[38;2;24;23;42mW[38;2;27;26;47mMMM[38;2;17;17;30m8[38;2;20;20;36m&[38;2;27;26;47mMMMM[38;2;27;26;48mM              [0m
                      [38;2;6;6;10m@[38;2;27;26;47mMMMMMMMM[38;2;20;20;36m&[38;2;24;23;42mW[38;2;27;26;47mM[38;2;20;20;36m&[38;2;27;26;47mMM[38;2;27;26;48mM[38;2;27;26;47mMMMMMMM[38;2;24;23;42mW[38;2;27;26;47mMMM[38;2;17;17;30m8[38;2;20;20;36m&[38;2;178;152;38mj[38;2;20;20;36m&[38;2;27;26;48mM[38;2;27;26;47mM[38;2;24;23;42mW[38;2;27;26;47mMM[38;2;24;23;42mW[38;2;27;26;48mM[38;2;27;26;47mMMM[38;2;20;20;36m&&               [0m
                        [38;2;8;8;14mB[38;2;27;26;48mM[38;2;27;26;47mMMM[38;2;20;20;36m&[38;2;27;26;47mM[38;2;27;26;48mM[38;2;27;26;47mMMMMMM[38;2;24;23;42mW[38;2;27;26;47mMMMMMMMMMMMM[38;2;24;23;42mW[38;2;27;26;48mM[38;2;20;20;36m&&[38;2;27;26;47mM[38;2;24;23;42mW[38;2;27;26;47mM[38;2;27;26;48mM[38;2;27;26;47mMMMM[38;2;16;15;28m8                [0m
                          [38;2;26;24;36mW[38;2;27;26;48mM[38;2;27;26;47mMM[38;2;20;20;36m&[38;2;27;26;48mM[38;2;27;26;47mM[38;2;24;23;42mW[38;2;27;26;47mMM[38;2;24;23;42mW[38;2;27;26;47mM[38;2;27;26;48mM[38;2;27;26;47mMMMMM[38;2;27;26;48mMMM[38;2;20;20;36m&[38;2;27;26;47mM[38;2;24;23;42mW[38;2;27;26;47mM[38;2;27;26;48mM[38;2;27;26;47mM[38;2;16;15;28m8[38;2;27;26;47mMMMMMMMM                  [0m
                            [38;2;24;23;42mW[38;2;27;26;48mM[38;2;27;26;47mM[38;2;27;26;48mM[38;2;27;26;47mMMMMMM[38;2;24;23;42mW[38;2;27;26;47mMMMMMMM[38;2;24;23;42mW[38;2;27;26;48mM[38;2;27;26;47mMM[38;2;17;17;30m8[38;2;27;26;47mMM[38;2;27;26;48mM[38;2;27;26;47mM[38;2;27;26;48mMM[38;2;27;26;47mMMMM                   [0m
                              [38;2;27;26;47mMMM[38;2;24;23;42mW[38;2;27;26;47mMMM[38;2;17;17;30m8[38;2;20;20;36m&[38;2;27;26;47mMMMM[38;2;27;26;48mMM[38;2;27;26;47mMMMM[38;2;27;26;48mM[38;2;27;26;47mMM[38;2;27;26;48mM[38;2;16;15;28m8[38;2;27;26;48mM[38;2;27;26;47mMMMMM                    [0m
                              [38;2;27;26;48mMM[38;2;27;26;47mMM[38;2;27;26;48mM[38;2;27;26;47mMMMMM[38;2;27;26;48mMMM[38;2;20;20;36m&[38;2;27;26;47mM[38;2;24;23;42mW[38;2;27;26;47mM[38;2;27;26;48mM[38;2;27;26;47mMMMMM[38;2;27;26;48mM[38;2;24;23;42mW[38;2;27;26;48mM[38;2;27;26;47mMM[38;2;17;17;30m8                     [0m
                             [38;2;20;20;36m&[38;2;27;26;47mMMMM[38;2;27;26;48mM[38;2;24;23;42mW[38;2;27;26;47mMMMMMMMMM[38;2;24;23;42mW[38;2;27;26;48mM[38;2;20;20;36m&&[38;2;27;26;47mM[38;2;24;23;42mW[38;2;27;26;47mM[38;2;27;26;48mM[38;2;27;26;47mMMMMM                      [0m
                             [38;2;27;26;48mM[38;2;27;26;47mMMM[38;2;20;20;36m&&[38;2;27;26;47mM[38;2;24;23;42mW[38;2;27;26;48mM[38;2;27;26;47mMM[38;2;17;17;30m8[38;2;27;26;47mMM[38;2;27;26;48mM[38;2;27;26;47mM[38;2;27;26;48mMM[38;2;27;26;47mMMMMM[38;2;27;26;48mM[38;2;27;26;47mMMM[38;2;20;20;36m&[38;2;27;26;48mM                      [0m
                            [38;2;26;24;36mW[38;2;27;26;48mM[38;2;27;26;47mMM[38;2;20;20;36m&[38;2;27;26;47mM[38;2;24;23;42mW[38;2;27;26;48mM[38;2;27;26;47mMM[38;2;17;17;30m8[38;2;27;26;47mMM[38;2;27;26;48mM[38;2;27;26;47mM[38;2;27;26;48mMM[38;2;27;26;47mMMMMM[38;2;27;26;48mM[38;2;27;26;47mMMM[38;2;20;20;36m&[38;2;27;26;48mM[38;2;27;26;47mM[38;2;24;23;42mW                      [0m
                            [38;2;27;26;48mM[38;2;27;26;47mMMM[38;2;20;20;36m&[38;2;27;26;47mMMM[38;2;27;26;48mM[38;2;27;26;47mMMMMM[38;2;27;26;48mMMM[38;2;20;20;36m&[38;2;27;26;47mM[38;2;24;23;42mW[38;2;27;26;47mM[38;2;27;26;48mM[38;2;27;26;47mMMMMMM[38;2;27;26;48mM[38;2;16;15;28m8                      [0m
                           [38;2;24;23;42mW[38;2;27;26;47mMMMMMMMMMMM[38;2;24;23;42mW[38;2;27;26;48mM[38;2;20;20;36m&&[38;2;27;26;47mM[38;2;24;23;42mW[38;2;27;26;47mM[38;2;27;26;48mM[38;2;27;26;47mMMMMMM[38;2;20;20;36m&[38;2;27;26;47mMMM[38;2;12;11;20m%                      [0m
                          [38;2;17;17;30m8[38;2;27;26;48mM[38;2;27;26;47mMMM[38;2;27;26;48mM[38;2;27;26;47mMM[38;2;27;26;48mM[38;2;27;26;47mMMMMM[38;2;27;26;48mMMM[38;2;20;20;36m&[38;2;27;26;47mM[38;2;24;23;42mW[38;2;27;26;47mM[38;2;27;26;48mM[38;2;27;26;47mMMMMMM[38;2;27;26;48mM[38;2;27;26;47mMM                       [0m
                          [38;2;27;26;48mM[38;2;27;26;47mMMM[38;2;20;20;36m&[38;2;27;26;47mMMMMMMMM[38;2;20;20;36m&[38;2;24;23;42mW[38;2;27;26;47mM[38;2;20;20;36m&[38;2;27;26;47mMM[38;2;27;26;48mM[38;2;27;26;47mMMMMMM[38;2;16;15;28m8[38;2;27;26;48mM[38;2;27;26;47mMMM                       [0m
                         [38;2;24;23;42mW[38;2;27;26;47mMMMMM[38;2;24;23;42mW[38;2;27;26;47mMMM[38;2;17;17;30m8[38;2;20;20;36m&[38;2;27;26;47mMMMM[38;2;27;26;48mMM[38;2;27;26;47mMMMM[38;2;27;26;48mM[38;2;27;26;47mMMM[38;2;20;20;36m&[38;2;27;26;48mM[38;2;27;26;47mMMMM                       [0m
                        [38;2;24;23;42mW[38;2;27;26;48mM[38;2;27;26;47mMMMMMM[38;2;24;23;42mW[38;2;27;26;47mMMMMMMMMMM[38;2;24;23;42mW[38;2;27;26;47mMMM[38;2;17;17;30m8[38;2;20;20;36m&[38;2;27;26;47mMMMM[38;2;27;26;48mMM[38;2;27;26;47mMM                       [0m
                        [38;2;27;26;48mMM[38;2;27;26;47mMMMMMM[38;2;24;23;42mW[38;2;27;26;47mMMMMMMMMMMM[38;2;27;26;48mM[38;2;27;26;47mMMMMM[38;2;27;26;48mMMM[38;2;20;20;36m&[38;2;27;26;47mM[38;2;24;23;42mW[38;2;27;26;47mM                       [0m
                       [38;2;12;11;20m%[38;2;27;26;47mM[38;2;27;26;48mM[38;2;27;26;47mMMMMM[38;2;24;23;42mW[38;2;20;20;36m&[38;2;27;26;48mM[38;2;17;17;30m8[38;2;27;26;47mMMMMMMMMMMMMMMMM[38;2;24;23;42mW[38;2;27;26;48mM[38;2;20;20;36m&&[38;2;27;26;47mM[38;2;24;23;42mW[38;2;12;11;20m%                      [0m
                       [38;2;24;23;42mW[38;2;27;26;47mMMM[38;2;27;26;48mM[38;2;27;26;47mMMMMMMMMM[38;2;24;23;42mW[38;2;27;26;48mM[38;2;20;20;36m&&[38;2;27;26;47mM[38;2;24;23;42mW[38;2;27;26;47mM[38;2;27;26;48mM[38;2;27;26;47mMMMMMM[38;2;20;20;36m&[38;2;27;26;47mMMM[38;2;17;17;30m8[38;2;27;26;47mM[38;2;27;26;48mM                      [0m
                         [38;2;17;17;30m8[38;2;27;26;47mMMMMMMM[38;2;27;26;48mM[38;2;27;26;47mMMMM[38;2;20;20;36m&[38;2;17;17;30m8[38;2;20;20;36m&[38;2;17;17;30m8[38;2;16;15;28m8888[38;2;24;23;42mW[38;2;16;15;28m8[38;2;12;11;20m%[38;2;16;15;28m88888[38;2;12;11;20m%[38;2;16;15;28m88                       [0m
                       [38;2;16;15;28m8[38;2;27;26;48mM[38;2;27;26;47mMMMMMM[38;2;20;20;36m&[38;2;27;26;47mM[38;2;17;17;30m8[38;2;27;26;47mMMMMMMMMMMMMMMMMM[38;2;24;23;42mW[38;2;27;26;48mM[38;2;20;20;36m&&[38;2;27;26;47mM[38;2;24;23;42mW                       [0m
                       [38;2;16;15;28m8[38;2;27;26;47mMM[38;2;24;23;42mW[38;2;27;26;48mM[38;2;27;26;47mMM[38;2;17;17;30m8[38;2;27;26;47mMM[38;2;27;26;48mM[38;2;27;26;47mM[38;2;27;26;48mMM[38;2;27;26;47mMMMMM[38;2;27;26;48mM[38;2;27;26;47mMMM[38;2;20;20;36m&[38;2;27;26;48mM[38;2;27;26;47mMMMM[38;2;20;20;36m&[38;2;24;23;42mW[38;2;27;26;47mMM[38;2;24;23;42mW                       [0m
                       [38;2;24;23;42mW[38;2;27;26;47mMMMMMMM[38;2;24;23;42mW[38;2;27;26;47mMMM[38;2;17;17;30m8[38;2;20;20;36m&[38;2;27;26;47mMMMM[38;2;27;26;48mMM[38;2;17;17;30m88[38;2;20;20;36m&[38;2;27;26;48mM[38;2;27;26;47mMMMMM[38;2;24;23;42mW[38;2;27;26;47mM[38;2;27;26;48mM[38;2;27;26;47mMMM                      [0m
                      [38;2;27;26;48mM[38;2;27;26;47mMMMMM[38;2;24;23;42mW[38;2;27;26;47mM[38;2;27;26;48mM[38;2;27;26;47mMMMMMMMMMMMMM[38;2;27;26;48mM[38;2;27;26;47mMMMMM[38;2;27;26;48mMMM[38;2;20;20;36m&[38;2;27;26;47mM[38;2;24;23;42mW[38;2;27;26;47mM[38;2;27;26;48mM                      [0m
                     [38;2;27;26;48mM[38;2;27;26;47mMMMMM[38;2;24;23;42mW[38;2;20;20;36m&[38;2;27;26;48mM[38;2;17;17;30m8[38;2;27;26;47mMMMMMMMMMMMM[38;2;24;23;42mW[38;2;27;26;47mMMM[38;2;17;17;30m8[38;2;20;20;36m&[38;2;27;26;47mMMMM[38;2;27;26;48mMM[38;2;27;26;47mMMM[38;2;16;15;28m8                     [0m
                    [38;2;27;26;48mM[38;2;27;26;47mMMMMMMMM[38;2;24;23;42mW[38;2;27;26;48mM[38;2;20;20;36m&&[38;2;27;26;47mM[38;2;24;23;42mW[38;2;27;26;47mM[38;2;27;26;48mM[38;2;27;26;47mMM[38;2;20;20;36m&[38;2;24;23;42mW[38;2;27;26;48mM[38;2;27;26;47mMM[38;2;17;17;30m8[38;2;27;26;47mMM[38;2;27;26;48mM[38;2;27;26;47mM[38;2;27;26;48mMM[38;2;27;26;47mMMMMM[38;2;27;26;48mM[38;2;27;26;47mMM                     [0m
                   [38;2;24;23;42mW[38;2;27;26;47mMMMMMMM[38;2;24;23;42mW[38;2;27;26;47mMMMMM[38;2;20;20;36m&[38;2;27;26;47mMMMM[38;2;17;17;30m8[38;2;24;23;42mW[38;2;27;26;47mM[38;2;27;26;48mM[38;2;27;26;47mM[38;2;27;26;48mM[38;2;24;23;42mW[38;2;27;26;48mM[38;2;27;26;47mMM[38;2;17;17;30m8[38;2;27;26;47mMM[38;2;27;26;48mM[38;2;27;26;47mM[38;2;27;26;48mMM[38;2;27;26;47mMMMMM                    [0m
                  [38;2;27;26;48mM[38;2;27;26;47mMMMMM[38;2;24;23;42mW[38;2;27;26;47mM[38;2;27;26;48mM[38;2;27;26;47mMMMMMMMMMMMM [38;2;27;26;48mMM[38;2;27;26;47mMM[38;2;16;15;28m8[38;2;27;26;48mM[38;2;27;26;47mMM[38;2;27;26;48mMM[38;2;27;26;47mMMMM[38;2;24;23;42mW[38;2;27;26;48mM[38;2;27;26;47mMM[38;2;17;17;30m8[38;2;27;26;47mM                    [0m
                 [38;2;24;23;42mW[38;2;27;26;47mM[38;2;24;23;42mW[38;2;27;26;47mMMM[38;2;17;17;30m8[38;2;20;20;36m&[38;2;27;26;47mMMMM[38;2;27;26;48mMM[38;2;27;26;47mMMMM[38;2;27;26;48mM[38;2;27;26;47mM[38;2;8;8;14mB   [38;2;6;6;10m@[38;2;27;26;47mMMM[38;2;27;26;48mM[38;2;27;26;47mM[38;2;24;23;42mW[38;2;27;26;47mMMM[38;2;17;17;30m8[38;2;20;20;36m&[38;2;27;26;47mMMMM[38;2;27;26;48mMM[38;2;27;26;47mM                    [0m
                [38;2;24;23;42mW[38;2;27;26;47mMMMMM[38;2;27;26;48mM[38;2;27;26;47mMMMMMMMMMM[38;2;24;23;42mW[38;2;27;26;48mM[38;2;20;20;36m&       [38;2;27;26;47mMMMMMMMM[38;2;24;23;42mW[38;2;27;26;47mMMMMMMMMM                   [0m
               [38;2;20;20;36m&[38;2;27;26;47mMMMM[38;2;27;26;48mM[38;2;24;23;42mW[38;2;27;26;47mMMMM[38;2;20;20;36m&[38;2;27;26;48mM[38;2;24;23;42mW[38;2;27;26;48mM[38;2;27;26;47mMM[38;2;17;17;30m8[38;2;27;26;47mM[38;2;17;17;30m8         [38;2;27;26;47mM[38;2;24;23;42mW[38;2;27;26;47mMMM[38;2;17;17;30m8[38;2;20;20;36m&[38;2;27;26;47mMMMM[38;2;27;26;48mMM[38;2;27;26;47mMMMM                   [0m
              [38;2;26;24;36mW[38;2;27;26;48mM[38;2;27;26;47mMM[38;2;20;20;36m&[38;2;27;26;47mMMMMM[38;2;27;26;48mM[38;2;27;26;47mMMMMM[38;2;27;26;48mMMM[38;2;8;8;14mB           [38;2;26;24;36mW[38;2;27;26;47mMMM[38;2;20;20;36m&[38;2;27;26;47mMMMMMMMMMMM[38;2;24;23;42mW                  [0m
             [38;2;3;3;5m$[38;2;27;26;48mM[38;2;27;26;47mMMMMMMMMM[38;2;27;26;48mM[38;2;27;26;47mMMMMM[38;2;27;26;48mMM              M[38;2;27;26;47mMMM[38;2;27;26;48mM[38;2;27;26;47mMMMMM[38;2;24;23;42mW[38;2;27;26;48mM[38;2;27;26;47mMM[38;2;17;17;30m8[38;2;27;26;47mM                  [0m
             [38;2;24;23;42mW[38;2;27;26;47mMMMMMMM[38;2;24;23;42mW[38;2;27;26;48mM[38;2;20;20;36m&&[38;2;27;26;47mM[38;2;24;23;42mW[38;2;27;26;47mM[38;2;27;26;48mM[38;2;27;26;47mMM               [38;2;8;8;14mB[38;2;27;26;47mM[38;2;27;26;48mM[38;2;27;26;47mMMMMM[38;2;27;26;48mMMM[38;2;20;20;36m&[38;2;27;26;47mM[38;2;24;23;42mW[38;2;27;26;47mM[38;2;27;26;48mM                  [0m
            [38;2;27;26;48mM[38;2;27;26;47mMMMMMMMM[38;2;24;23;42mW[38;2;27;26;48mM[38;2;20;20;36m&&[38;2;27;26;47mM[38;2;24;23;42mW[38;2;27;26;47mM[38;2;27;26;48mM[38;2;27;26;47mM                 [38;2;16;15;28m8[38;2;27;26;47mMMMMMMM[38;2;20;20;36m&[38;2;24;23;42mW[38;2;27;26;47mM[38;2;20;20;36m&[38;2;27;26;47mMM[38;2;27;26;48mM                  [0m
           [38;2;20;20;36m&[38;2;27;26;47mMMMMMMMMM[38;2;20;20;36m&[38;2;24;23;42mW[38;2;27;26;47mM[38;2;20;20;36m&[38;2;27;26;47mMM[38;2;27;26;48mM                    M[38;2;27;26;47mMMMMM[38;2;24;23;42mW[38;2;27;26;47mM[38;2;27;26;48mM[38;2;27;26;47mM[38;2;20;20;36m&[38;2;27;26;47mMMM                  [0m
          [38;2;6;6;10m@[38;2;27;26;48mM[38;2;27;26;47mMMM[38;2;20;20;36m&[38;2;27;26;47mMMM[38;2;27;26;48mM[38;2;24;23;42mW[38;2;20;20;36m&[38;2;27;26;48mMMMM[38;2;8;8;14mB                     [38;2;3;3;5m$[38;2;27;26;48mM[38;2;27;26;47mMMMMM[38;2;24;23;42mW[38;2;20;20;36m&[38;2;27;26;48mM[38;2;27;26;47mM[38;2;20;20;36m&[38;2;27;26;47mM[38;2;24;23;42mW                  [0m
          [38;2;6;6;10m@[38;2;27;26;48mM[38;2;27;26;47mMMMMM[38;2;24;23;42mW[38;2;20;20;36m&[38;2;27;26;48mM[38;2;17;17;30m8[38;2;27;26;47mMMMM[38;2;3;3;5m$                       [38;2;17;17;30m8[38;2;27;26;47mMMMMMMM[38;2;24;23;42mW[38;2;27;26;48mM[38;2;20;20;36m&&[38;2;27;26;47mM                  [0m
          [38;2;20;20;36m&[38;2;27;26;48mM[38;2;27;26;47mMMMMMMM[38;2;20;20;36m&[38;2;24;23;42mW[38;2;27;26;47mM[38;2;20;20;36m&[38;2;16;15;28m8                         [38;2;20;20;36m&[38;2;27;26;47mMMMMMMM[38;2;24;23;42mW[38;2;27;26;48mM[38;2;20;20;36m&&[38;2;27;26;47mM                  [0m
          [38;2;17;17;30m8[38;2;27;26;48mM[38;2;27;26;47mMMM[38;2;27;26;48mM[38;2;27;26;47mMMMMMM[38;2;12;11;20m%                          [38;2;27;26;47mMMM[38;2;27;26;48mM[38;2;27;26;47mMMMMM[38;2;27;26;48mMMM[38;2;20;20;36m&[38;2;27;26;47mM[38;2;24;23;42mW                [0m
          [38;2;16;15;28m8[38;2;27;26;48mM[38;2;27;26;47mMMMMMMMMM[38;2;24;23;42mW[38;2;27;26;48mM                          [38;2;8;8;14mB[38;2;27;26;48mM[38;2;27;26;47mMMMMMMMMMMMM[38;2;20;20;36m&[38;2;24;23;42mW               [0m
          [38;2;3;3;5m$[38;2;27;26;48mM[38;2;27;26;47mMM[38;2;27;26;48mM[38;2;27;26;47mMMMMM[38;2;27;26;48mMM[38;2;16;15;28m8                            [38;2;24;23;42mW[38;2;27;26;47mMM[38;2;24;23;42mW[38;2;27;26;48mM[38;2;27;26;47mMM[38;2;17;17;30m8[38;2;27;26;47mMM[38;2;27;26;48mM[38;2;27;26;47mM[38;2;27;26;48mMM[38;2;3;3;5m$              [0m
          [38;2;12;11;20m%[38;2;27;26;48mM[38;2;27;26;47mMMMMM[38;2;24;23;42mW[38;2;20;20;36m&[38;2;27;26;48mM[38;2;27;26;47mM[38;2;20;20;36m&[38;2;27;26;47mM                             [38;2;27;26;48mM[38;2;27;26;47mM[38;2;27;26;48mM[38;2;27;26;47mMMMMM[38;2;27;26;48mMMM[38;2;20;20;36m&[38;2;27;26;47mM[38;2;24;23;42mW              [0m
           [38;2;27;26;47mMMMMMMMMMM[38;2;20;20;36m&[38;2;3;3;5m$                             [38;2;6;6;10m@[38;2;27;26;47mM[38;2;27;26;48mM[38;2;27;26;47mMMMMM[38;2;27;26;48mMMM[38;2;20;20;36m&[38;2;27;26;47mM[38;2;24;23;42mW              [0m
           [38;2;27;26;48mM[38;2;27;26;47mMM[38;2;24;23;42mW[38;2;27;26;48mM[38;2;27;26;47mMM[38;2;17;17;30m8[38;2;27;26;47mMM[38;2;27;26;48mM[38;2;3;3;5m$                              [38;2;24;23;42mW[38;2;27;26;48mM[38;2;27;26;47mMMMMM[38;2;24;23;42mW[38;2;27;26;47mM[38;2;27;26;48mM[38;2;27;26;47mM[38;2;20;20;36m&[38;2;27;26;47mM              [0m
