                                                                                [0m
                                                                                [0m
                                                                                [0m
                                                                                [0m
                                                                                [0m
                                                                                [0m
                                                                                [0m
                                                                                [0m
                                            [38;2;254;242;214m,[38;2;178;162;148m([38;2;250;226;206mI[38;2;255;233;213m::[38;2;250;226;206mI[38;2;3;3;5m$                             [0m
                              [38;2;3;3;5m$[38;2;212;195;179m_[38;2;255;236;216m:[38;2;142;138;119mx[38;2;239;219;201m!        [38;2;156;146;134mf[38;2;164;147;135mf[38;2;206;150;137m([38;2;139;100;91mY[38;2;204;146;133m|[38;2;229;190;173m_[38;2;255;233;213m:[38;2;250;226;206mI[38;2;255;233;213m:[38;2;172;158;147m|                           [0m
                            [38;2;169;164;142m|[38;2;255;236;216m:[38;2;194;139;126mt[38;2;75;69;66mw[38;2;204;146;133m|[38;2;170;121;110mn[38;2;229;190;173m_[38;2;255;233;213m:[38;2;186;171;163m}[38;2;136;116;108mc    [38;2;151;136;134mr[38;2;239;219;201m![38;2;206;150;137m([38;2;125;90;83mC[38;2;139;100;91mY[38;2;196;180;164m][38;2;255;236;216m:[38;2;255;233;213m:[38;2;255;236;216m::[38;2;3;3;5m$[38;2;27;26;48mM[38;2;24;23;42mW[38;2;27;26;47mM[38;2;3;3;5m$                       [0m
                           [38;2;202;181;164m][38;2;255;236;216m:[38;2;255;233;213m:[38;2;226;186;169m-[38;2;204;146;133m||[38;2;134;99;90mU[38;2;178;127;116mr[38;2;194;139;126mt[38;2;154;133;122mx[38;2;255;236;216m:[38;2;250;226;206mI[38;2;3;3;5m$  [38;2;200;143;130m//[38;2;204;146;133m|||[38;2;200;143;130m/[38;2;190;136;124mf[38;2;204;146;133m||[38;2;12;11;20m%[38;2;24;23;42mW[38;2;27;26;47mMMMMMM                     [0m
                        [38;2;16;15;27m8[38;2;27;26;48mM[38;2;27;26;47mM[38;2;38;36;56m*[38;2;208;191;175m-[38;2;255;236;216m::[38;2;255;233;213m:[38;2;255;236;216m::[38;2;255;233;213m:[38;2;250;226;206mI[38;2;164;147;135mf      [38;2;43;41;51mo[38;2;232;222;243mll[38;2;184;175;192m{[38;2;147;135;145mx[38;2;224;214;234mi[38;2;162;152;164m/ [38;2;16;15;27m8[38;2;27;26;47mMMMMMMMMM                   [0m
                       [38;2;20;20;36m&[38;2;27;26;47mM[38;2;24;23;42mW[38;2;27;26;47mMMMM[38;2;43;41;51mo[38;2;121;118;102mz[38;2;75;69;66mw[38;2;6;6;10m@  [38;2;104;99;108mJ  [38;2;139;131;141mn[38;2;232;222;243mll[38;2;228;218;238m![38;2;232;222;243ml[38;2;228;218;238m!![38;2;232;222;243ml[38;2;228;218;238m!!![38;2;219;210;229m>[38;2;228;218;238m![38;2;148;141;154mj[38;2;3;3;5m$[38;2;27;26;47mMMMMMMMMM[38;2;6;6;10m@                [0m
                      [38;2;27;26;48mM[38;2;27;26;47mMMMMMM[38;2;3;3;5m$        [38;2;156;146;134mf[38;2;200;191;208m-[38;2;228;218;238m![38;2;219;210;229m>[38;2;192;183;200m[[38;2;216;207;226m<[38;2;232;222;243ml[38;2;228;218;238m!![38;2;232;222;243ml[38;2;228;218;238m!!!!![38;2;219;210;229m>[38;2;232;222;243ml[38;2;162;152;164m/[38;2;27;26;48mM[38;2;27;26;47mMM[38;2;24;23;42mW[38;2;27;26;47mMMMMM[38;2;8;7;13m@              [0m
                    [38;2;24;23;42mW[38;2;27;26;47mMMMMMMM         [38;2;175;168;183m1[38;2;219;210;229m>[38;2;228;218;238m!![38;2;175;168;183m1[38;2;219;210;229m>[38;2;163;117;107mu[38;2;232;222;243ml[38;2;228;218;238m!![38;2;232;222;243ml[38;2;228;218;238m!!!!![38;2;232;222;243ml[38;2;228;218;238m!![38;2;180;172;188m}[38;2;41;40;50mo[38;2;27;26;47mMM[38;2;24;23;42mW[38;2;27;26;47mMMMMMM[38;2;6;6;10m@            [0m
                   [38;2;38;36;56m*[38;2;27;26;47mM[38;2;24;23;42mW[38;2;27;26;47mMMMM[38;2;12;11;20m%        [38;2;114;107;116mY[38;2;228;218;238m![38;2;148;141;154mj[38;2;164;156;171m|[38;2;232;222;243ml[38;2;158;114;104mv[38;2;232;222;243ml[38;2;38;37;67moo[38;2;232;222;243ml[38;2;178;127;116mr[38;2;224;214;234mi[38;2;232;222;243mll[38;2;228;218;238m![38;2;232;222;243ml[38;2;228;218;238m!!!!![38;2;232;222;243ml[38;2;162;152;164m/ [38;2;24;23;42mW[38;2;27;26;47mMMMMMMMMM[38;2;16;15;27m8          [0m
                 [38;2;3;3;5m$[38;2;27;26;47mMMMMMMM[38;2;17;16;30m8          [38;2;228;218;238m![38;2;208;199;217m+[38;2;43;41;51mo[38;2;104;99;108mJ[38;2;247;227;208mI[38;2;43;41;51mo[38;2;27;26;47mM[38;2;38;37;67mo[38;2;156;146;134mf[38;2;151;136;134mrr[38;2;75;69;66mw[38;2;232;222;243ml[38;2;228;218;238m!![38;2;219;210;229m>[38;2;232;222;243ml[38;2;228;218;238m!!!!![38;2;148;141;154mj [38;2;26;24;36mW[38;2;27;26;48mM[38;2;27;26;47mMMMMMMMM[38;2;3;3;5m$         [0m
                [38;2;27;26;47mMMMMMMMM[38;2;6;6;10m@            [38;2;211;202;221m~[38;2;198;142;129m/[38;2;250;226;206mI[38;2;251;230;210m;[38;2;255;233;213m::[38;2;255;236;216m::[38;2;186;171;163m}[38;2;222;203;186m~[38;2;175;168;183m1[38;2;232;222;243ml[38;2;208;199;217m+[38;2;162;152;164m/[38;2;232;222;243ml[38;2;168;160;175m([38;2;162;152;164m/[38;2;232;222;243ml[38;2;228;218;238m!!  [38;2;75;69;66mw  [38;2;24;23;42mW[38;2;27;26;47mMMMMMMM[38;2;8;7;13m@         [0m
               [38;2;27;26;48mM[38;2;27;26;47mMMMMMMM[38;2;12;11;20m%              [38;2;202;181;164m][38;2;185;169;154m1[38;2;172;158;147m|[38;2;185;169;154m1[38;2;247;227;208mI[38;2;255;233;213m::[38;2;255;236;216m::[38;2;255;233;213m:[38;2;202;181;164m][38;2;185;169;154m1[38;2;178;127;116mr[38;2;163;117;107mu[38;2;228;218;238m![38;2;191;183;200m[[38;2;228;218;238m![38;2;216;207;226m<[38;2;224;214;234mi[38;2;228;218;238m!   [38;2;17;16;30m8[38;2;27;26;47mMM[38;2;24;23;42mW[38;2;27;26;47mMMMMM          [0m
              [38;2;27;26;48mMM[38;2;38;36;56m*[38;2;27;26;47mMMMM[38;2;24;23;42mW                [38;2;239;219;201m![38;2;255;236;216m:[38;2;255;233;213m:::::[38;2;250;226;206mI[38;2;255;236;216m:[38;2;255;233;213m:[38;2;190;136;124mf[38;2;163;117;107mu[38;2;208;199;217m+[38;2;228;218;238m![38;2;232;222;243ml[38;2;172;164;179m)[38;2;224;214;234mi[38;2;147;135;145mx    [38;2;24;23;42mW[38;2;27;26;47mMMMMMMMMM          [0m
             [38;2;16;15;27m8[38;2;24;23;42mW[38;2;27;26;47mMMMMMMM[38;2;24;23;42mW[38;2;17;16;30m8              [38;2;231;210;191m>[38;2;255;236;216m::[38;2;255;233;213m:[38;2;255;236;216m::[38;2;243;212;194mi[38;2;200;169;154m}[38;2;190;136;124mf[38;2;204;146;133m|[38;2;200;143;130m/[38;2;134;119;120mc[38;2;232;222;243ml[38;2;164;156;171m|[38;2;211;202;221m~[38;2;3;3;5m$     [38;2;27;26;47mMMMMMMMMM[38;2;17;16;30m8[38;2;24;23;42mW          [0m
              [38;2;17;16;30m8[38;2;27;26;47mMMM[38;2;24;23;42mW[38;2;27;26;47mMMMMMMM[38;2;3;3;5m$    [38;2;24;23;42mW[38;2;27;26;47mMM[38;2;6;6;10m@     [38;2;27;26;48mM[38;2;75;69;66mw[38;2;134;99;90mU[38;2;206;150;137m([38;2;204;146;133m|||[38;2;163;117;107mu[38;2;43;41;51mo[38;2;6;6;10m@[38;2;38;37;67mo     [38;2;16;15;27m8[38;2;24;23;42mW[38;2;27;26;47mMMMM[38;2;24;23;42mW[38;2;27;26;47mMMMMMM           [0m
                [38;2;27;26;48mM[38;2;27;26;47mMMMMMMMMMMMM[38;2;6;6;10m@[38;2;9;8;14mB[38;2;27;26;48mM[38;2;27;26;47mM[38;2;24;23;42mW[38;2;27;26;47mMMMMMM[38;2;27;26;48mM[38;2;27;26;47mMMMM[38;2;75;69;66mw[38;2;27;26;47mMMMMMM [38;2;12;11;20m%[38;2;27;26;47mMMMMMMMMMMMM[38;2;24;23;42mW[38;2;27;26;48mM            [0m
                  [38;2;24;23;42mW[38;2;27;26;47mMMM[38;2;27;26;48mM[38;2;27;26;47mMMMMMMM[38;2;6;6;10m@[38;2;24;23;42mW[38;2;27;26;47mMMMMMM[38;2;27;26;48mM[38;2;24;23;42mW[38;2;27;26;48mM[38;2;27;26;47mMMMMMMMMM[38;2;6;6;10m@[38;2;27;26;48mM[38;2;27;26;47mM[38;2;38;36;56m*[38;2;27;26;47mMMMM[38;2;24;23;42mW[38;2;27;26;47mMMMMMMM[38;2;24;23;42mW[38;2;17;16;30m8            [0m
                    [38;2;24;23;42mW[38;2;27;26;48mM[38;2;27;26;47mMMMM[38;2;24;23;42mW[38;2;27;26;47mMMMMMMMM[38;2;27;26;48mM[38;2;27;26;47mM[38;2;27;26;48mMM[38;2;27;26;47mMMMM[38;2;24;23;42mW[38;2;27;26;47mM[38;2;9;8;14mB[38;2;27;26;47mMMMMMMM[38;2;27;26;48mM[38;2;27;26;47mM[38;2;27;26;48mMM[38;2;27;26;47mMMMMMMMMM[38;2;8;7;13m@             [0m
                      [38;2;12;11;20m%[38;2;38;36;56m*[38;2;27;26;47mMMMMMM[38;2;27;26;48mM[38;2;27;26;47mMMMMMMMMMMMMMM[38;2;27;26;48mM[38;2;27;26;47mM[38;2;9;8;14mB[38;2;17;16;30m8[38;2;24;23;42mW[38;2;12;11;20m%[38;2;80;67;22mp[38;2;24;23;42mW[38;2;27;26;47mMMMMMMMMMMMM               [0m
                         [38;2;27;26;48mM[38;2;27;26;47mMMMM[38;2;17;16;30m8[38;2;27;26;47mMMMMMMMM[38;2;27;26;48mM[38;2;27;26;47mM[38;2;27;26;48mMM[38;2;27;26;47mMMMMMMM[38;2;24;23;42mW[38;2;27;26;47mMM[38;2;12;11;20m%[38;2;27;26;47mMMMMMMMMMM                [0m
                           [38;2;24;23;42mW[38;2;27;26;47mMMM[38;2;27;26;48mM[38;2;27;26;47mMMMMMMMMMM[38;2;17;16;30m8[38;2;24;23;42mWW[38;2;27;26;47mMMMMM[38;2;27;26;48mM[38;2;27;26;47mM[38;2;27;26;48mM[38;2;17;16;30m8[38;2;27;26;47mMMMMMMM[38;2;27;26;48mM[38;2;6;6;10m@                 [0m
                             [38;2;27;26;47mM[38;2;27;26;48mM[38;2;27;26;47mMMMMM[38;2;27;26;48mM[38;2;27;26;47mM[38;2;24;23;42mW[38;2;27;26;47mMMMMMMM[38;2;24;23;42mW[38;2;17;16;30m8[38;2;27;26;47mM[38;2;24;23;42mW[38;2;27;26;47mMM[38;2;27;26;48mM[38;2;17;16;30m8[38;2;27;26;47mMMMMMMM                   [0m
                              [38;2;24;23;42mW[38;2;27;26;47mMMMMMMMMMMM[38;2;17;16;30m8[38;2;24;23;42mWW[38;2;27;26;47mMMMMM[38;2;27;26;48mM[38;2;27;26;47mM[38;2;27;26;48mM[38;2;27;26;47mMMMMMMM                    [0m
                              [38;2;27;26;47mMM[38;2;27;26;48mM[38;2;27;26;47mMMMMMMMMM[38;2;17;16;30m8[38;2;24;23;42mWW[38;2;27;26;47mMMMMM[38;2;27;26;48mM[38;2;27;26;47mM[38;2;16;15;27m8[38;2;38;36;56m*[38;2;27;26;47mMMMMM                     [0m
                             [38;2;24;23;42mW[38;2;27;26;47mMMM[38;2;27;26;48mM[38;2;27;26;47mMMMMMMMMM[38;2;27;26;48mM[38;2;27;26;47mM[38;2;27;26;48mMM[38;2;27;26;47mMMMMM[38;2;17;16;30m8[38;2;27;26;48mM[38;2;27;26;47mMMMM[38;2;8;7;13m@                     [0m
                            [38;2;16;15;27m8[38;2;27;26;48mM[38;2;27;26;47mMMMMM[38;2;24;23;42mW[38;2;27;26;47mMMMMMM[38;2;27;26;48mM[38;2;24;23;42mW[38;2;27;26;48mM[38;2;27;26;47mMMMMMMMMMM[38;2;20;20;36m&[38;2;27;26;47mM[38;2;27;26;48mM                      [0m
                            [38;2;27;26;48mMM[38;2;38;36;56m*[38;2;27;26;47mMMMMMMMM[38;2;24;23;42mW[38;2;27;26;47mMMMMMM[38;2;27;26;48mM[38;2;24;23;42mW[38;2;27;26;48mM[38;2;27;26;47mMMMMMMMMM                      [0m
                           [38;2;20;20;36m&[38;2;27;26;47mMMMMMMM[38;2;27;26;48mM[38;2;27;26;47mM[38;2;27;26;48mMM[38;2;27;26;47mMMMMMMMMMMMMMMMMMM[38;2;6;6;10m@                      [0m
                           [38;2;27;26;47mMMMMMMMM[38;2;27;26;48mM[38;2;27;26;47mM[38;2;27;26;48mMM[38;2;27;26;47mMMMMMMMMMMMMMMMMMM                       [0m
                          [38;2;27;26;48mMM[38;2;38;36;56m*[38;2;27;26;47mMMMMMMMMM[38;2;24;23;42mW[38;2;27;26;47mMMMMMMM[38;2;24;23;42mW[38;2;17;16;30m8[38;2;27;26;47mM[38;2;24;23;42mW[38;2;27;26;47mMMM[38;2;24;23;42mW[38;2;27;26;47mMMM                       [0m
                         [38;2;16;15;27m8[38;2;27;26;47mMMMMM[38;2;27;26;48mM[38;2;27;26;47mMMMMMMMMMM[38;2;17;16;30m8[38;2;24;23;42mWW[38;2;27;26;47mMMMMM[38;2;27;26;48mM[38;2;27;26;47mMM[38;2;17;16;30m8[38;2;27;26;47mMM[38;2;16;15;27m8                       [0m
                        [38;2;16;15;27m8[38;2;27;26;48mM[38;2;27;26;47mMMMMM[38;2;27;26;48mM[38;2;27;26;47mMMMMMMMMMMMM[38;2;24;23;42mW[38;2;27;26;48mM[38;2;27;26;47mMMMMMMMM[38;2;17;16;30m8[38;2;27;26;47mM                        [0m
                        [38;2;27;26;48mM[38;2;27;26;47mMMMMMMMMMMMM[38;2;27;26;48mM[38;2;27;26;47mM[38;2;27;26;48mMM[38;2;27;26;47mMMMMMMMMMM[38;2;17;16;30m8[38;2;27;26;47mMMMM                        [0m
                       [38;2;27;26;47mMMMMMMMMM[38;2;17;16;30m8[38;2;24;23;42mWW[38;2;27;26;47mMMMMM[38;2;27;26;48mM[38;2;27;26;47mMM[38;2;17;16;30m8[38;2;27;26;47mMMMMMM[38;2;27;26;48mM[38;2;38;36;56m*[38;2;27;26;47mMMM[38;2;17;16;30m8                        [0m
                      [38;2;24;23;42mWW[38;2;27;26;47mMMMMMM[38;2;27;26;48mM[38;2;24;23;42mW[38;2;27;26;48mM[38;2;27;26;47mMMMMMMMMMMMMMM[38;2;27;26;48mM[38;2;17;16;30m8[38;2;27;26;47mM[38;2;17;16;30m8[38;2;27;26;48mM[38;2;27;26;47mMMMM                        [0m
                      [38;2;24;23;42mW[38;2;27;26;47mMMMMM[38;2;17;16;30m8[38;2;27;26;47mMMMMMM[38;2;24;23;42mW[38;2;27;26;47mMMMMMM[38;2;27;26;48mM[38;2;24;23;42mW[38;2;27;26;48mM[38;2;27;26;47mMMMMMMMMMMM                        [0m
                       [38;2;27;26;47mM[38;2;27;26;48mM[38;2;27;26;47mMMMMMMMM[38;2;27;26;48mM[38;2;16;15;27m88[38;2;17;16;30m8[38;2;20;20;36m&[38;2;17;16;30m8[38;2;24;23;42mW[38;2;20;20;36m&[38;2;12;11;20m%[38;2;16;15;27m8[38;2;27;26;48mMM[38;2;20;20;36m&[38;2;27;26;47mMMMM[38;2;27;26;48mM[38;2;27;26;47mMMMM[38;2;17;16;30m8                        [0m
                      [38;2;27;26;47mMM[38;2;24;23;42mW[38;2;27;26;47mMMMMMMM[38;2;24;23;42mW[38;2;17;16;30m8[38;2;27;26;47mM[38;2;24;23;42mW[38;2;27;26;47mMMMMM[38;2;27;26;48mM[38;2;27;26;47mMMMMM[38;2;16;15;27m8[38;2;27;26;48mM[38;2;27;26;47mMM[38;2;24;23;42mW[38;2;27;26;47mMMMM                        [0m
                     [38;2;16;15;27m8[38;2;27;26;47mMMMMMMMMMM[38;2;17;16;30m8[38;2;24;23;42mWW[38;2;27;26;47mMMMMM[38;2;27;26;48mM[38;2;27;26;47mMM[38;2;17;16;30m8[38;2;27;26;47mMMMMMM[38;2;27;26;48mM[38;2;27;26;47mMMMMM                        [0m
                    [38;2;16;15;27m8[38;2;27;26;47mMMMMMMMMM[38;2;17;16;30m8[38;2;24;23;42mWW[38;2;27;26;47mMMMMM[38;2;27;26;48mM[38;2;27;26;47mMM[38;2;17;16;30m8[38;2;27;26;47mMMMMMM[38;2;27;26;48mM[38;2;27;26;47mMMMMMMM                        [0m
                   [38;2;27;26;47mMMMMMMMMM[38;2;17;16;30m8[38;2;24;23;42mWW[38;2;27;26;47mMMMMM[38;2;27;26;48mM[38;2;27;26;47mMM[38;2;17;16;30m8[38;2;27;26;47mMMMMMM[38;2;27;26;48mM[38;2;27;26;47mMMM[38;2;24;23;42mW[38;2;27;26;47mMMMMM[38;2;8;7;13m@                       [0m
                  [38;2;24;23;42mW[38;2;27;26;47mMMMMMMM[38;2;24;23;42mW[38;2;17;16;30m8[38;2;27;26;47mM[38;2;24;23;42mW[38;2;27;26;47mMMMMM[38;2;27;26;48mM[38;2;27;26;47mMMMMMM[38;2;27;26;48mM[38;2;27;26;47mMM[38;2;27;26;48mM[38;2;27;26;47mMMMMMMMMMMM                       [0m
                 [38;2;24;23;42mW[38;2;27;26;47mMMMMMMMMMM[38;2;20;20;36m&[38;2;27;26;48mM[38;2;27;26;47mMMMM[38;2;8;7;13m@[38;2;27;26;48mMM[38;2;27;26;47mMMMMMMMMMMMMMMMMMMMM[38;2;6;6;10m@[38;2;3;3;5m$                     [0m
                [38;2;9;8;14mB[38;2;27;26;48mM[38;2;27;26;47mMMMMMMM[38;2;27;26;48mM[38;2;27;26;47mM[38;2;27;26;48mMM[38;2;27;26;47mMMMM[38;2;38;36;56m*[38;2;27;26;47mMMMMMM[38;2;24;23;42mW[38;2;27;26;47mMMMMMMMMMMM[38;2;24;23;42mW[38;2;27;26;48mM[38;2;27;26;47mMMM[38;2;17;16;30m8[38;2;3;3;5m$                     [0m
                [38;2;27;26;48mMM[38;2;38;36;56m*[38;2;27;26;47mMMMMMMMMMMMMMMMMMM [38;2;27;26;48mM[38;2;27;26;47mMMMMMMMMMMMM[38;2;24;23;42mW[38;2;27;26;47mMMMMMM[38;2;3;3;5m$                     [0m
               [38;2;17;16;30m8[38;2;27;26;47mMMMMMMMMMM[38;2;24;23;42mW[38;2;27;26;47mMMMMMMM[38;2;24;23;42mW[38;2;17;16;30m8   [38;2;24;23;42mW[38;2;27;26;47mM[38;2;24;23;42mW[38;2;27;26;47mMMMMMM[38;2;27;26;48mM[38;2;24;23;42mW[38;2;27;26;48mM[38;2;27;26;47mMMMMMMM [38;2;3;3;5m$                    [0m
              [38;2;16;15;27m8[38;2;27;26;47mMMMMMMMMMMM[38;2;24;23;42mW[38;2;27;26;48mM[38;2;27;26;47mMMMMMM[38;2;17;16;30m8     [38;2;27;26;48mM[38;2;27;26;47mMMMMMMMM[38;2;27;26;48mM[38;2;27;26;47mM[38;2;27;26;48mMM[38;2;27;26;47mMMMMM[38;2;17;16;30m8                     [0m
              [38;2;24;23;42mW[38;2;27;26;47mMMMMMMMMM[38;2;17;16;30m8[38;2;24;23;42mWW[38;2;27;26;47mMMMMM[38;2;27;26;48mM[38;2;17;16;30m8       [38;2;24;23;42mW[38;2;27;26;47mM[38;2;24;23;42mW[38;2;27;26;47mMMMMMM[38;2;27;26;48mM[38;2;24;23;42mW[38;2;27;26;48mM[38;2;27;26;47mMMMMMM                     [0m
             [38;2;17;16;30m8[38;2;27;26;47mMMMMMMM[38;2;27;26;48mM[38;2;27;26;47mM[38;2;27;26;48mMM[38;2;27;26;47mMMMMMMM          [38;2;27;26;48mMM[38;2;38;36;56m*[38;2;27;26;47mMMMMMMMMMMMMMM[38;2;9;8;14mB                    [0m
            [38;2;12;11;20m%[38;2;27;26;47mMMMMMMMMM[38;2;17;16;30m8[38;2;24;23;42mWW[38;2;27;26;47mMMMMM[38;2;27;26;48mM           [38;2;16;15;27m8[38;2;27;26;48mM[38;2;27;26;47mM[38;2;38;36;56m*[38;2;27;26;47mMMMMMMMMMMMMMM                    [0m
            [38;2;27;26;47mM[38;2;24;23;42mW[38;2;27;26;47mMMMMMM[38;2;27;26;48mM[38;2;24;23;42mW[38;2;27;26;48mM[38;2;27;26;47mMMMMMMM             [38;2;12;11;20m%[38;2;24;23;42mW[38;2;27;26;47mMMMMM[38;2;17;16;30m8[38;2;27;26;47mMMMMMMM[38;2;27;26;48mM[38;2;27;26;47mM                    [0m
           [38;2;16;15;27m8[38;2;27;26;47mM[38;2;24;23;42mW[38;2;27;26;47mMMMMMM[38;2;27;26;48mM[38;2;24;23;42mW[38;2;27;26;48mM[38;2;27;26;47mMMMMMM               [38;2;17;16;30m8[38;2;27;26;47mMMMMMMMMM[38;2;17;16;30m8[38;2;24;23;42mWW[38;2;27;26;47mMMM                    [0m
          [38;2;16;15;27m8[38;2;27;26;48mM[38;2;27;26;47mMMMM[38;2;24;23;42mW[38;2;27;26;47mMMMMMMMMM[38;2;24;23;42mW[38;2;27;26;47mM                 [38;2;24;23;42mWW[38;2;27;26;47mMMMMMMM[38;2;24;23;42mW[38;2;17;16;30m8[38;2;27;26;47mM[38;2;24;23;42mW[38;2;27;26;47mMM[38;2;16;15;27m8                   [0m
          [38;2;24;23;42mW[38;2;27;26;47mMMMMMMMMM[38;2;17;16;30m8[38;2;24;23;42mWW[38;2;27;26;47mMMMM                   [38;2;27;26;48mMM[38;2;38;36;56m*[38;2;27;26;47mMMMMMMMMMMMM                   [0m
          [38;2;24;23;42mWW[38;2;27;26;47mMMMMMM[38;2;27;26;48mM[38;2;24;23;42mW[38;2;27;26;48mM[38;2;27;26;47mMMMMM                    [38;2;24;23;42mW[38;2;27;26;47mMMMMMMMMM[38;2;17;16;30m8[38;2;24;23;42mWW[38;2;27;26;47mMM[38;2;12;11;20m%                  [0m
          [38;2;27;26;48mMM[38;2;38;36;56m*[38;2;27;26;47mMMMMMMMMMMMM                     [38;2;12;11;20m%[38;2;27;26;47mM[38;2;24;23;42mW[38;2;27;26;47mMMMMMMM[38;2;24;23;42mW[38;2;17;16;30m8[38;2;27;26;47mM[38;2;24;23;42mW[38;2;27;26;47mM[38;2;20;20;36m&                  [0m
          [38;2;16;15;27m8[38;2;27;26;47mMMMMMMMMM[38;2;17;16;30m8[38;2;24;23;42mWW[38;2;6;6;10m@                       [38;2;27;26;47mMMMMMMMMM[38;2;17;16;30m8[38;2;24;23;42mWW[38;2;27;26;47mMMM[38;2;3;3;5m$                 [0m
          [38;2;20;20;36m&[38;2;27;26;47mMMMMMMMMMMM[38;2;6;6;10m@                        @[38;2;24;23;42mW[38;2;27;26;47mMMMMMMM[38;2;24;23;42mW[38;2;17;16;30m8[38;2;27;26;47mM[38;2;24;23;42mW[38;2;27;26;47mMMM[38;2;17;16;30m8                [0m
          [38;2;16;15;27m8[38;2;27;26;47mMMMMMMMM[38;2;27;26;48mM[38;2;27;26;47mM[38;2;27;26;48mM[38;2;3;3;5m$                         [38;2;16;15;27m8[38;2;27;26;47mMMMMMMMMMMM[38;2;24;23;42mW[38;2;27;26;48mM[38;2;27;26;47mMM                [0m
          [38;2;9;8;14mB[38;2;27;26;47mMMMMMMMMMMM[38;2;17;16;30m8                           [38;2;27;26;48mM[38;2;27;26;47mMMMMMMMMM[38;2;17;16;30m8[38;2;24;23;42mWW[38;2;27;26;47mM                [0m
          [38;2;3;3;5m$[38;2;27;26;47mMMMMMMMMM[38;2;27;26;48mMM[38;2;8;7;13m@                            [38;2;24;23;42mW[38;2;27;26;47mM[38;2;24;23;42mW[38;2;27;26;47mMMMMMM[38;2;27;26;48mM[38;2;24;23;42mWW[38;2;27;26;47mM                [0m
          [38;2;3;3;5m$[38;2;27;26;47mM[38;2;24;23;42mW[38;2;27;26;47mMMMMMMM[38;2;24;23;42mW[38;2;27;26;48mM[38;2;9;8;14mB                             [38;2;27;26;47mMM[38;2;24;23;42mW[38;2;27;26;47mMMMMMMM[38;2;24;23;42mW[38;2;27;26;48mM[38;2;9;8;14mB               [0m
          [38;2;3;3;5m$[38;2;24;23;42mWW[38;2;27;26;47mMMMMMMM[38;2;24;23;42mW[38;2;27;26;48mM[38;2;9;8;14mB                             [38;2;27;26;48mM[38;2;27;26;47mMMMMMMMMMM[38;2;24;23;42mW[38;2;3;3;5m$               [0m
