                                                                                [0m
                                                                                [0m
                                                                                [0m
                                                                                [0m
                                                                                [0m
                                                                                [0m
                                                                                [0m
                               [38;2;43;41;51mo          [38;2;172;158;147m|[38;2;254;242;214m,[38;2;255;236;216m::[38;2;204;187;171m?[38;2;172;158;147m|                                [0m
                             [38;2;75;69;66mw[38;2;158;114;104mv[38;2;226;186;169m-[38;2;255;236;216m::[38;2;218;200;183m+       [38;2;172;158;147m|[38;2;204;146;133m|[38;2;177;127;115mr[38;2;204;146;133m|[38;2;246;218;199m![38;2;255;236;216m::[38;2;251;229;210m;                              [0m
                          [38;2;136;116;108mc[38;2;255;236;216m:[38;2;219;170;155m][38;2;204;146;133m|[38;2;139;100;91mY[38;2;194;139;126mt[38;2;177;127;115mr[38;2;204;146;133m|[38;2;249;223;204mI[38;2;204;187;171m?[38;2;142;138;119mx    [38;2;204;187;171m?[38;2;145;117;113mv[38;2;154;133;122mx[38;2;204;146;133m|[38;2;206;150;137m([38;2;249;223;204mI[38;2;255;233;213m:::[38;2;3;2;4m$[38;2;27;26;48mM[38;2;27;26;47mM[38;2;16;15;27m8                          [0m
                         [38;2;3;2;4m$[38;2;255;236;216m::[38;2;255;233;213m::[38;2;243;221;202ml[38;2;226;212;190m>[38;2;185;169;154m1[38;2;212;195;179m_[38;2;255;236;216m:[38;2;235;198;181m~     [38;2;212;161;147m}[38;2;206;150;137m([38;2;194;139;126mt[38;2;198;142;129m/[38;2;194;139;126mt[38;2;226;212;190m>[38;2;243;212;194mi[38;2;175;148;135mt[38;2;25;23;36mW[38;2;27;26;47mMMMMMM                        [0m
                       [38;2;16;15;27m8[38;2;27;26;47mM[38;2;43;41;51mo[38;2;255;236;216m::[38;2;255;233;213m::[38;2;251;229;210m;[38;2;255;233;213m:[38;2;255;236;216m:[38;2;178;162;148m(           [38;2;6;6;11m@[38;2;3;2;4m$ [38;2;9;8;14mB[38;2;33;31;56m#[38;2;27;26;47mMMMMMMMM                      [0m
                      [38;2;27;26;47mMMMMMM[38;2;75;69;66mw               [38;2;168;160;175m([38;2;156;149;162mt[38;2;234;224;244mI[38;2;228;218;238m![38;2;172;164;179m)[38;2;188;179;196m][38;2;131;125;138mu[38;2;36;34;37m#[38;2;27;26;48mM[38;2;27;26;47mMMMMMMM[38;2;16;15;27m8                   [0m
                    [38;2;3;2;4m$[38;2;27;26;47mMMMMMMM          [38;2;228;218;238m![38;2;234;224;244mI[38;2;232;222;242ml[38;2;228;218;238m![38;2;232;222;242mll[38;2;228;218;238m![38;2;232;222;242mlll[38;2;228;218;238m![38;2;232;222;242ml[38;2;228;218;238m!![38;2;204;195;212m_[38;2;3;2;4m$[38;2;27;26;47mMMMMMMMMM                 [0m
                    [38;2;27;26;47mMMMMMM[38;2;3;2;4m$            [38;2;232;222;242ml[38;2;228;218;238m!![38;2;232;222;242ml[38;2;164;157;171m|[38;2;225;215;234mi[38;2;228;218;238m![38;2;216;207;226m<[38;2;228;218;238m!!!!![38;2;232;222;242mll[38;2;164;157;171m|[38;2;36;34;37m#[38;2;27;26;48mM[38;2;27;26;47mMMMMMMMM               [0m
                  [38;2;25;23;36mW[38;2;27;26;47mMMMMMM[38;2;16;15;27m8           [38;2;104;99;108mJ[38;2;200;191;208m-[38;2;216;207;226m<[38;2;225;215;234mii[38;2;232;222;242ml[38;2;200;191;208m-[38;2;154;133;122mx[38;2;219;210;229m>[38;2;234;224;244mI[38;2;232;222;242mlll[38;2;228;218;238m!!!!!![38;2;87;83;87mO[38;2;36;34;37m#[38;2;27;26;48mM[38;2;27;26;47mMMMMMMMMM            [0m
                 [38;2;17;17;30m8[38;2;27;26;47mMMMMMM[38;2;12;11;20m%         [38;2;157;143;152mf[38;2;211;202;221m~[38;2;156;149;162mt[38;2;75;69;66mw[38;2;104;99;108mJ[38;2;3;2;4m$[38;2;196;187;204m?[38;2;158;114;104mv[38;2;162;152;164m/[38;2;36;34;37m#[38;2;24;23;42mW[38;2;232;222;242ml[38;2;177;127;115mr[38;2;211;202;221m~[38;2;232;222;242mll[38;2;228;218;238m![38;2;232;222;242ml[38;2;228;218;238m!!!!!![38;2;3;2;4m$[38;2;27;26;47mMMMMMMMMMM[38;2;9;8;14mB          [0m
                [38;2;27;26;47mMMMMMMMM            [38;2;139;131;141mn[38;2;131;125;138mu[38;2;194;139;126mt[38;2;255;236;216m:::[38;2;24;23;42mW[38;2;27;26;47mMM[38;2;239;219;201m![38;2;251;229;210m;[38;2;239;219;201m![38;2;131;125;138mu[38;2;228;218;238m!!![38;2;216;207;226m<[38;2;228;218;238m!!!!!! [38;2;27;26;47mMMMMMMMMM[38;2;9;8;14mB          [0m
               [38;2;27;26;47mMMMMMMMM[38;2;3;2;4m$               [38;2;251;229;210m;[38;2;255;233;213m::::::[38;2;233;216;195mi[38;2;226;206;189m<[38;2;232;222;242mll[38;2;99;75;71mZ[38;2;196;187;204m?[38;2;148;141;154mj[38;2;216;207;226m<[38;2;232;222;242mlll[38;2;196;187;204m?  [38;2;3;2;4m$[38;2;27;26;47mMMMMMMMM[38;2;12;11;20m%          [0m
              [38;2;27;26;47mMMMMMMMM[38;2;24;23;42mW               [38;2;172;158;147m|[38;2;255;236;216m:[38;2;254;242;214m,,[38;2;255;236;216m::[38;2;255;233;213m:::[38;2;255;236;216m:[38;2;255;233;213m:[38;2;212;195;179m_[38;2;134;99;90mU[38;2;163;117;107mu[38;2;154;133;122mx[38;2;234;224;244mI[38;2;232;222;242mll[38;2;228;218;238m!!  [38;2;27;26;47mMMMMMMMMM[38;2;8;7;13m@          [0m
              [38;2;27;26;48mM[38;2;27;26;47mMMMMMMM[38;2;17;17;30m8[38;2;27;26;47mM               [38;2;255;236;216m::[38;2;255;233;213m::::[38;2;251;229;210m;[38;2;255;233;213m:[38;2;255;236;216m:[38;2;178;162;148m([38;2;204;146;133m|[38;2;125;90;83mC[38;2;234;224;244mI[38;2;228;218;238m![38;2;232;222;242ml[38;2;3;2;4m$[38;2;232;222;242ml  [38;2;33;29;39m#[38;2;27;26;47mMMMMMMMM[38;2;24;23;42mW[38;2;27;26;47mM           [0m
              [38;2;25;23;36mW[38;2;27;26;47mMMMMMMM[38;2;17;17;30m8[38;2;27;26;47mMMM             [38;2;255;236;216m:::[38;2;255;233;213m:[38;2;243;212;194mi[38;2;200;143;130m/[38;2;194;139;126mt[38;2;204;146;133m|[38;2;206;150;137m([38;2;204;146;133m|[38;2;190;136;124mf[38;2;225;215;234mi[38;2;234;224;244mI [38;2;225;215;234mi   [38;2;9;8;14mB[38;2;27;26;47mMMMMMMMMMM            [0m
                [38;2;27;26;47mMMMMMMMM[38;2;24;23;42mW[38;2;27;26;47mM[38;2;25;23;36mW[38;2;27;26;48mM[38;2;6;6;11m@   [38;2;27;26;47mMMMMMM[38;2;8;7;13m@  [38;2;27;26;48mM[38;2;27;26;47mMM[38;2;3;2;4m$[38;2;158;114;104mv[38;2;27;26;47mMMMMMM   [38;2;24;23;42mW[38;2;27;26;47mM[38;2;27;26;48mM[38;2;24;23;42mW[38;2;27;26;47mMMMMMMM[38;2;17;17;30m8[38;2;27;26;47mM            [0m
                  [38;2;27;26;48mM[38;2;27;26;47mMMMMMMMMMMMM[38;2;24;23;42mW[38;2;27;26;47mMMMMMMMM[38;2;24;23;42mW[38;2;27;26;47mM[38;2;25;23;36mW[38;2;27;26;48mM[38;2;27;26;47mM[38;2;25;23;36mW[38;2;27;26;47mMMMMM[38;2;24;23;42mW[38;2;16;15;27m8[38;2;24;23;42mW[38;2;27;26;47mMMMMMMMMMM[38;2;17;17;30m8[38;2;27;26;47mMM             [0m
                    [38;2;27;26;47mMMMMMMMMMM[38;2;24;23;42mW[38;2;27;26;47mM[38;2;25;23;36mW[38;2;27;26;48mM[38;2;27;26;47mM[38;2;25;23;36mW[38;2;27;26;47mMMMMM[38;2;6;6;11m@[38;2;27;26;47mMMMMMMMMMMM[38;2;24;23;42mW[38;2;27;26;47mMMM[38;2;24;23;42mW[38;2;27;26;47mMMMMMMMM              [0m
                      [38;2;24;23;42mW[38;2;27;26;47mMMMMMMMM[38;2;12;11;20m%[38;2;27;26;47mMMMMMMMMMMMMMMM[38;2;24;23;42mW[38;2;27;26;47mM[38;2;12;11;20m%[38;2;17;17;30m888[38;2;16;15;27m8[38;2;27;26;47mMMMMMMMMMMM               [0m
                        [38;2;25;23;36mW[38;2;27;26;47mMMM[38;2;27;26;48mM[38;2;27;26;47mMM[38;2;17;17;30m8[38;2;27;26;47mMM[38;2;33;31;56m#[38;2;27;26;47mMMMMMMMMMMM[38;2;24;23;42mW[38;2;27;26;47mM[38;2;25;23;36mW[38;2;27;26;48mM[38;2;27;26;47mM[38;2;25;23;36mW[38;2;194;165;41m|[38;2;16;15;27m8[38;2;27;26;47mMMMMMMMMMM                [0m
                          [38;2;3;2;4m$[38;2;27;26;47mMMMM[38;2;17;17;30m8[38;2;27;26;47mMM[38;2;33;31;56m#[38;2;27;26;47mMMMMMMMMMMMMM[38;2;24;23;42mW[38;2;27;26;47mM[38;2;25;23;36mW[38;2;27;26;48mM[38;2;27;26;47mM[38;2;25;23;36mW[38;2;24;23;42mW[38;2;27;26;47mMM[38;2;33;31;56m#[38;2;27;26;47mMM[38;2;25;23;36mW[38;2;27;26;47mM[38;2;12;11;20m%                 [0m
                             [38;2;16;15;27m8[38;2;24;23;42mW[38;2;17;17;30m8[38;2;27;26;47mMM[38;2;33;31;56m#[38;2;27;26;47mMMMMMMMMMMMMMM[38;2;24;23;42mW[38;2;27;26;47mM[38;2;25;23;36mW[38;2;24;23;42mW[38;2;27;26;47mMMM[38;2;24;23;42mW[38;2;27;26;48mMMM[38;2;27;26;47mM[38;2;16;15;27m8                  [0m
                               [38;2;17;17;30m8[38;2;27;26;47mMM[38;2;33;31;56m#[38;2;27;26;47mMMMMMMMMMMMMMMMMMM[38;2;24;23;42mWW[38;2;27;26;47mMM[38;2;33;31;56m#[38;2;27;26;47mMM                    [0m
                               [38;2;25;23;36mW[38;2;27;26;47mMMMMMMMMMMMMMMMM[38;2;17;17;30m8[38;2;27;26;47mMMMMMMMMMM[38;2;25;23;36mW                    [0m
                              [38;2;25;23;36mW[38;2;27;26;47mMMMMMMMMMMMMMMMMM[38;2;24;23;42mW[38;2;27;26;47mM[38;2;25;23;36mW[38;2;27;26;48mM[38;2;27;26;47mM[38;2;25;23;36mW[38;2;27;26;47mMM[38;2;27;26;48mM[38;2;27;26;47mM[38;2;27;26;48mM                     [0m
                              [38;2;27;26;47mMMMMMMM[38;2;25;23;36mW[38;2;27;26;47mMMMMMMMMM[38;2;17;17;30m8[38;2;27;26;47mMM[38;2;27;26;48mM[38;2;27;26;47mM[38;2;25;23;36mW[38;2;27;26;47mMMMMMM                     [0m
                             [38;2;27;26;48mM[38;2;27;26;47mMMMMMM[38;2;25;23;36mW[38;2;27;26;47mMMMMMMMMMM[38;2;24;23;42mW[38;2;27;26;47mM[38;2;25;23;36mW[38;2;24;23;42mW[38;2;27;26;47mMMM[38;2;24;23;42mW[38;2;27;26;48mMMM[38;2;27;26;47mM                     [0m
                            [38;2;27;26;47mMMMMMMMM[38;2;17;17;30m8[38;2;27;26;47mMMMMMMMMMM[38;2;25;23;36mW[38;2;27;26;47mM[38;2;27;26;48mM[38;2;24;23;42mW[38;2;27;26;47mM[38;2;27;26;48mM[38;2;17;17;30m8[38;2;27;26;47mMM[38;2;33;31;56m#[38;2;27;26;47mM[38;2;6;6;11m@                     [0m
                           [38;2;24;23;42mW[38;2;27;26;47mMMMMMMMM[38;2;24;23;42mW[38;2;27;26;47mM[38;2;25;23;36mW[38;2;27;26;48mM[38;2;27;26;47mM[38;2;25;23;36mW[38;2;27;26;47mMM[38;2;27;26;48mM[38;2;27;26;47mM[38;2;27;26;48mM[38;2;27;26;47mMM[38;2;24;23;42mW[38;2;27;26;48mM[38;2;17;17;30m8[38;2;27;26;47mMMMMMM                      [0m
                          [38;2;24;23;42mW[38;2;27;26;47mMMMMMMMMMMMM[38;2;24;23;42mW[38;2;27;26;47mMMM[38;2;24;23;42mW[38;2;27;26;47mM[38;2;27;26;48mM[38;2;25;23;36mW[38;2;27;26;47mM[38;2;27;26;48mMM[38;2;27;26;47mMMM[38;2;16;15;27m8[38;2;27;26;47mMMMM                      [0m
                         [38;2;3;2;4m$[38;2;27;26;47mMMMMMMMMMMMMM[38;2;24;23;42mW[38;2;27;26;47mM[38;2;25;23;36mW[38;2;24;23;42mW[38;2;27;26;47mMMM[38;2;24;23;42mW[38;2;27;26;48mMMM[38;2;27;26;47mMM[38;2;27;26;48mMM[38;2;27;26;47mMMMM                      [0m
                        [38;2;12;11;20m%[38;2;27;26;47mMMMMMMMMMMMM[38;2;17;17;30m8[38;2;27;26;47mMM[38;2;27;26;48mM[38;2;27;26;47mM[38;2;25;23;36mW[38;2;27;26;47mMMMMMMM[38;2;24;23;42mWW[38;2;17;17;30m8[38;2;27;26;48mM[38;2;24;23;42mW[38;2;27;26;47mMMM                      [0m
                        [38;2;24;23;42mW[38;2;27;26;47mMMMM[38;2;25;23;36mW[38;2;27;26;47mMMMMMMMMMM[38;2;24;23;42mW[38;2;27;26;47mM[38;2;25;23;36mW[38;2;27;26;48mM[38;2;27;26;47mM[38;2;25;23;36mW[38;2;27;26;47mMM[38;2;27;26;48mM[38;2;27;26;47mM[38;2;27;26;48mM[38;2;27;26;47mMM[38;2;24;23;42mW[38;2;27;26;48mM[38;2;17;17;30m8[38;2;27;26;47mM[38;2;24;23;42mW                      [0m
                        [38;2;27;26;48mM[38;2;27;26;47mMMMMM[38;2;27;26;48mM[38;2;27;26;47mMMMMMMMMMMMM[38;2;17;17;30m8[38;2;27;26;47mMM[38;2;27;26;48mM[38;2;27;26;47mM[38;2;25;23;36mW[38;2;27;26;47mMMMMMMM[38;2;24;23;42mWW[38;2;17;17;30m8                     [0m
                       [38;2;6;6;11m@[38;2;27;26;47mMMMMMMMMMMMMMM[38;2;24;23;42mW[38;2;27;26;47mM[38;2;25;23;36mW[38;2;27;26;48mM[38;2;27;26;47mM[38;2;25;23;36mW[38;2;27;26;47mMM[38;2;27;26;48mM[38;2;27;26;47mM[38;2;27;26;48mM[38;2;27;26;47mMM[38;2;24;23;42mW[38;2;27;26;48mM[38;2;17;17;30m8[38;2;27;26;47mM[38;2;24;23;42mW[38;2;27;26;47mMM[38;2;27;26;48mM                     [0m
                         [38;2;12;11;20m%[38;2;25;23;36mW[38;2;27;26;47mMMMMM[38;2;24;23;42mW[38;2;27;26;47mMMMMMMMMMMMMMMMMMM[38;2;24;23;42mW[38;2;27;26;47mMMM[38;2;24;23;42mW[38;2;27;26;47mM[38;2;27;26;48mM[38;2;25;23;36mW                     [0m
                         [38;2;12;11;20m%[38;2;27;26;47mM[38;2;39;37;56mo[38;2;27;26;47mMM[38;2;25;23;36mW[38;2;27;26;47mMM[38;2;16;15;27m8[38;2;24;23;42mW[38;2;27;26;47mMM[38;2;33;31;56m#[38;2;27;26;47mMM[38;2;25;23;36mW[38;2;27;26;47mM[38;2;27;26;48mM[38;2;27;26;47mMMMMMMMMMMMMMMMM                     [0m
                        [38;2;12;11;20m%[38;2;27;26;47mMMMMMMM[38;2;17;17;30m8[38;2;27;26;47mMMMMMMMMMM[38;2;25;23;36mW[38;2;27;26;47mM[38;2;27;26;48mM[38;2;24;23;42mW[38;2;17;17;30m88[38;2;16;15;27m88[38;2;17;17;30m8[38;2;25;23;36mW[38;2;24;23;42mW[38;2;17;17;30m8[38;2;12;11;20m%[38;2;16;15;27m8[38;2;17;17;30m8                      [0m
                        [38;2;24;23;42mW[38;2;27;26;47mMMMMMMM[38;2;17;17;30m8[38;2;27;26;47mMMMMMMMMMM[38;2;25;23;36mW[38;2;27;26;47mM[38;2;27;26;48mM[38;2;24;23;42mW[38;2;27;26;47mM[38;2;27;26;48mM[38;2;27;26;47mMMMMMMMMM                      [0m
                       [38;2;16;15;27m8[38;2;27;26;47mMMMMMMMMMMMMMMMMMMMM[38;2;24;23;42mW[38;2;27;26;47mM[38;2;25;23;36mW[38;2;27;26;48mM[38;2;27;26;47mM[38;2;25;23;36mW[38;2;27;26;47mMM[38;2;27;26;48mM[38;2;27;26;47mM[38;2;27;26;48mM[38;2;27;26;47mMM[38;2;24;23;42mW                      [0m
                      [38;2;27;26;47mMMMMMMMM[38;2;24;23;42mW[38;2;27;26;47mM[38;2;25;23;36mW[38;2;27;26;48mM[38;2;27;26;47mM[38;2;25;23;36mW[38;2;27;26;47mMM[38;2;27;26;48mM[38;2;27;26;47mM[38;2;27;26;48mM[38;2;27;26;47mMM[38;2;24;23;42mW[38;2;27;26;48mM[38;2;17;17;30m8[38;2;27;26;47mM[38;2;24;23;42mW[38;2;27;26;47mMM[38;2;27;26;48mM[38;2;27;26;47mM[38;2;27;26;48mM[38;2;27;26;47mMMMMM[38;2;3;2;4m$                     [0m
                     [38;2;27;26;47mMMMMMMMM[38;2;24;23;42mW[38;2;27;26;47mM[38;2;25;23;36mW[38;2;24;23;42mW[38;2;27;26;47mMMM[38;2;24;23;42mW[38;2;27;26;48mM[38;2;25;23;36mW[38;2;27;26;47mMMMMMMM[38;2;17;17;30m8[38;2;27;26;47mMMMMMMMMMM[38;2;25;23;36mW[38;2;6;6;11m@                     [0m
                    [38;2;27;26;47mMMMMMMM[38;2;25;23;36mW[38;2;27;26;47mMMMMMMMMMMMMMMM[38;2;24;23;42mW[38;2;27;26;47mM[38;2;25;23;36mW[38;2;24;23;42mW[38;2;27;26;47mMMM[38;2;24;23;42mW[38;2;27;26;48mMMM[38;2;27;26;47mMM[38;2;27;26;48mMMM                     [0m
                  [38;2;25;23;36mW[38;2;27;26;47mMMMMM[38;2;24;23;42mW[38;2;27;26;47mMMMM[38;2;25;23;36mW[38;2;17;17;30m8[38;2;27;26;47mM[38;2;24;23;42mWW[38;2;27;26;47mM[38;2;25;23;36mW[38;2;17;17;30m8888[38;2;24;23;42mW[38;2;27;26;47mMMMMMMMM[38;2;17;17;30m8[38;2;27;26;47mMM[38;2;27;26;48mM[38;2;27;26;47mM[38;2;25;23;36mW[38;2;27;26;47mMMMM                     [0m
                 [38;2;9;8;14mB[38;2;27;26;47mMMMMMMMMMMM[38;2;24;23;42mW[38;2;27;26;47mMMM[38;2;24;23;42mW[38;2;27;26;47mM[38;2;27;26;48mM[38;2;25;23;36mW[38;2;27;26;47mM[38;2;27;26;48mMM[38;2;27;26;47mMMMMMMMMMMMMMMMMMMM                     [0m
                [38;2;12;11;20m%[38;2;27;26;48mM[38;2;27;26;47mMMMMMMMM[38;2;24;23;42mW[38;2;27;26;47mM[38;2;25;23;36mW[38;2;27;26;48mM[38;2;27;26;47mM[38;2;25;23;36mW[38;2;27;26;47mMM[38;2;27;26;48mM[38;2;27;26;47mM[38;2;27;26;48mM[38;2;27;26;47mM [38;2;16;15;27m8[38;2;27;26;47mMMMM[38;2;24;23;42mW[38;2;27;26;47mMMMMMMMMMMMMMM[38;2;6;6;11m@                    [0m
               [38;2;9;8;14mB[38;2;27;26;47mMMMMMMM[38;2;25;23;36mW[38;2;27;26;47mMMMMMMM[38;2;12;11;20m%[38;2;27;26;47mMMMMM[38;2;16;15;27m8  [38;2;25;23;36mWW[38;2;27;26;47mMMMMMMM[38;2;17;17;30m8[38;2;27;26;47mMM[38;2;27;26;48mM[38;2;27;26;47mM[38;2;25;23;36mW[38;2;27;26;47mMMMMM                    [0m
               [38;2;24;23;42mW[38;2;27;26;47mMMMMMMMMMMMMMMMM[38;2;17;17;30m8[38;2;27;26;47mMMMM    [38;2;25;23;36mW[38;2;27;26;47mMMMMMMMMM[38;2;24;23;42mW[38;2;27;26;47mM[38;2;25;23;36mW[38;2;24;23;42mW[38;2;27;26;47mMMM[38;2;24;23;42mW[38;2;27;26;48mM                    [0m
              [38;2;17;17;30m8[38;2;27;26;47mMMMMMMMMM[38;2;17;17;30m8[38;2;27;26;47mMMMMMMMMMM[38;2;25;23;36mW      [38;2;16;15;27m8[38;2;27;26;47mMMMMMMMMMMMMMM[38;2;24;23;42mW[38;2;27;26;47mM[38;2;25;23;36mW                    [0m
              [38;2;27;26;48mM[38;2;27;26;47mMMMMMM[38;2;24;23;42mW[38;2;27;26;47mMMMMMMMMMMMMM        [38;2;16;15;27m8[38;2;27;26;47mMMMMMMMM[38;2;24;23;42mW[38;2;27;26;47mM[38;2;25;23;36mW[38;2;27;26;48mM[38;2;27;26;47mM[38;2;25;23;36mW[38;2;27;26;47mMM[38;2;27;26;48mM                   [0m
             [38;2;16;15;27m8[38;2;27;26;47mM[38;2;39;37;56mo[38;2;27;26;47mMM[38;2;25;23;36mW[38;2;27;26;47mMMM[38;2;25;23;36mW[38;2;27;26;47mMMMMMMMMMM[38;2;17;17;30m8          [38;2;27;26;47mMMMMMMMMMMMMM[38;2;24;23;42mW[38;2;27;26;47mMM[38;2;16;15;27m8                   [0m
            [38;2;17;17;30m8[38;2;27;26;48mM[38;2;27;26;47mMMMMM[38;2;27;26;48mM[38;2;17;17;30m8[38;2;27;26;47mMMMMM[38;2;27;26;48mM[38;2;27;26;47mMM[38;2;24;23;42mW[38;2;27;26;47mMM[38;2;12;11;20m%            [38;2;27;26;47mMMMMMMMM[38;2;17;17;30m8[38;2;27;26;47mMM[38;2;27;26;48mM[38;2;27;26;47mM[38;2;25;23;36mW[38;2;27;26;47mMM                   [0m
            [38;2;27;26;47mMMMMMMM[38;2;25;23;36mW[38;2;27;26;47mMMMMMMMMMMM[38;2;12;11;20m%             [38;2;24;23;42mW[38;2;27;26;47mMMMMMMMM[38;2;17;17;30m8[38;2;27;26;47mMMMMMM[38;2;3;2;4m$                  [0m
          [38;2;16;15;27m8[38;2;27;26;47mMMMMMMMMMMMMMMMMMM[38;2;24;23;42mW               [38;2;6;6;11m@[38;2;27;26;47mMMMMMMMM[38;2;24;23;42mW[38;2;27;26;47mM[38;2;25;23;36mW[38;2;27;26;48mM[38;2;27;26;47mM[38;2;25;23;36mW[38;2;27;26;47mM[38;2;17;17;30m8                  [0m
          [38;2;27;26;48mM[38;2;27;26;47mMMMMMMMM[38;2;17;17;30m8[38;2;27;26;47mMM[38;2;27;26;48mM[38;2;27;26;47mM[38;2;25;23;36mW[38;2;27;26;47mMMMM                 MMMMMMMM[38;2;17;17;30m8[38;2;27;26;47mMMMMMM[38;2;16;15;27m8                  [0m
         [38;2;3;2;4m$[38;2;27;26;47mMMMMMMM[38;2;27;26;48mM[38;2;27;26;47mMMMMMMMMM[38;2;17;17;30m8                  [38;2;25;23;36mW[38;2;27;26;47mMMMMMMMMMMMMMM[38;2;27;26;48mM                  [0m
         [38;2;16;15;27m8[38;2;27;26;47mMMMMMMMMMMM[38;2;24;23;42mW[38;2;27;26;47mM[38;2;25;23;36mW[38;2;24;23;42mW[38;2;27;26;47mM                    [38;2;25;23;36mW[38;2;27;26;47mMMM[38;2;27;26;48mM[38;2;27;26;47mMMMMMMMMMM[38;2;17;17;30m8[38;2;12;11;20m%                 [0m
         [38;2;25;23;36mW[38;2;27;26;47mMMMMMMMM[38;2;17;17;30m8[38;2;27;26;47mMMMMM                      [38;2;12;11;20m%[38;2;27;26;48mM[38;2;27;26;47mMMMMMM[38;2;25;23;36mW[38;2;27;26;47mM[38;2;25;23;36mW[38;2;24;23;42mW[38;2;27;26;47mMMMMM[38;2;6;6;11m@                [0m
         [38;2;16;15;27m8[38;2;27;26;47mMMMMMMMM[38;2;24;23;42mW[38;2;27;26;47mM[38;2;25;23;36mW[38;2;27;26;48mM[38;2;27;26;47mM[38;2;25;23;36mW                        [38;2;27;26;47mMMMMMM[38;2;25;23;36mW[38;2;27;26;47mMMMMMMMMM                [0m
         [38;2;16;15;27m8[38;2;27;26;47mMMMMMMMM[38;2;17;17;30m8[38;2;27;26;47mMMMM                          [38;2;12;11;20m%[38;2;27;26;48mM[38;2;27;26;47mMMMMM[38;2;27;26;48mM[38;2;27;26;47mMMMMMMM                [0m
         [38;2;16;15;27m8[38;2;27;26;47mMMMMMMMMM[38;2;24;23;42mW[38;2;27;26;47mM[38;2;25;23;36mW[38;2;24;23;42mW                            [38;2;27;26;47mMMMMMMMMMMMM[38;2;24;23;42mW                [0m
         [38;2;25;23;36mW[38;2;27;26;47mMMMMMMMMMM[38;2;17;17;30m8[38;2;27;26;47mMM                             [38;2;27;26;48mM[38;2;27;26;47mMMMMMMMM[38;2;24;23;42mW[38;2;27;26;47mM[38;2;25;23;36mW                [0m
         [38;2;16;15;27m8[38;2;27;26;47mMMMMMMMMMMM[38;2;17;17;30m8[38;2;27;26;47mM                             [38;2;24;23;42mW[38;2;27;26;47mMMMMMMM[38;2;17;17;30m8[38;2;27;26;47mMMM                [0m
          [38;2;27;26;47mMMMMMMMMMMMMM                             [38;2;6;6;11m@[38;2;27;26;47mMMMMMMMMM[38;2;24;23;42mW[38;2;27;26;47mM                [0m
