                                                                                [0m
                                                                                [0m
                                                                                [0m
                                                                                [0m
                                                                                [0m
                                                                                [0m
                                                                                [0m
                                                                                [0m
                                [38;2;106;100;91mC[38;2;255;237;216m:[38;2;202;181;164m][38;2;255;237;216m:[38;2;106;100;91mC       [38;2;204;187;171m?[38;2;255;237;216m:[38;2;251;229;210m;[38;2;204;187;171m?                                [0m
                              [38;2;245;225;205mI[38;2;251;229;210m;[38;2;134;99;90mUU[38;2;204;146;133m|[38;2;224;181;165m?[38;2;151;136;134mr[38;2;196;180;164m]      [38;2;136;116;108mc[38;2;130;106;104mY[38;2;198;142;129m/[38;2;163;117;107mu[38;2;246;218;199m![38;2;255;237;216m::[38;2;212;195;179m_                            [0m
                            [38;2;239;219;201m![38;2;251;229;210m;[38;2;255;237;216m:[38;2;255;233;213m:[38;2;158;114;104mv[38;2;187;134;122mf[38;2;163;117;107mu[38;2;134;99;90mU[38;2;185;169;154m1[38;2;196;180;164m][38;2;255;237;216m:[38;2;156;146;134mf    f[38;2;255;237;216m:[38;2;187;134;122mf[38;2;204;146;133m|[38;2;243;212;194mi[38;2;255;233;213m::[38;2;255;237;216m:[38;2;43;41;51mo[38;2;27;26;48mM[38;2;16;15;28m8                         [0m
                          [38;2;27;26;48mM[38;2;106;100;91mC[38;2;251;229;210m;[38;2;255;237;216m:[38;2;255;233;213m:[38;2;250;226;206mI[38;2;255;237;216m:[38;2;255;233;213m:[38;2;255;237;216m:[38;2;255;233;213m:[38;2;255;237;216m:[38;2;164;147;135mf    [38;2;75;69;66mw[38;2;204;146;133m|[38;2;194;139;126mt[38;2;178;127;116mr[38;2;224;181;165m?[38;2;255;237;216m:[38;2;251;229;210m;[38;2;255;237;216m:[38;2;204;187;171m?[38;2;37;36;51m*[38;2;27;26;48mM[38;2;27;26;47mMMM[38;2;27;26;48mM                       [0m
                        [38;2;24;23;42mW[38;2;27;26;48mM[38;2;27;26;47mMMM[38;2;11;11;20m%[38;2;255;237;216m:[38;2;154;133;122mx[38;2;3;3;5m$[38;2;75;69;66mw        [38;2;66;63;88mq[38;2;148;141;154mjj[38;2;3;3;5m$[38;2;36;34;37m#[38;2;114;82;75mQ[38;2;104;99;108mJ [38;2;24;23;42mW[38;2;27;26;47mMM[38;2;27;26;48mM[38;2;27;26;47mMMMMMM                    [0m
                      [38;2;17;17;30m8[38;2;27;26;48mM[38;2;27;26;47mMMMM[38;2;29;26;35mW[38;2;27;26;47mM           [38;2;123;117;129mc[38;2;219;210;229m>[38;2;228;218;238m![38;2;192;183;200m[[38;2;228;218;238m!!![38;2;224;215;234mi[38;2;228;218;238m![38;2;180;172;188m} [38;2;27;26;47mMM[38;2;27;26;48mM[38;2;27;26;47mMMMMMM[38;2;27;26;48mM                  [0m
                     [38;2;33;29;39m#[38;2;27;26;47mM[38;2;27;26;48mM[38;2;27;26;47mMMMM        [38;2;168;160;175m([38;2;232;222;243ml[38;2;228;218;238m![38;2;232;222;243ml[38;2;228;218;238m!!!!!![38;2;232;222;243mll[38;2;228;218;238m!!!![38;2;232;222;243ml[38;2;180;172;188m}[38;2;11;11;20m%[38;2;27;26;48mM[38;2;27;26;47mMM[38;2;27;26;48mM[38;2;27;26;47mMMMMM                [0m
                   [38;2;16;15;28m8[38;2;27;26;47mMM[38;2;27;26;48mM[38;2;27;26;47mMMM[38;2;11;11;20m%          [38;2;104;99;108mJ[38;2;224;215;234mi[38;2;232;222;243ml[38;2;228;218;238m![38;2;192;183;200m[[38;2;232;222;243ml[38;2;187;179;195m][38;2;232;222;243ml[38;2;228;218;238m![38;2;232;222;243ml[38;2;228;218;238m!!!!!!!!![38;2;37;36;51m*[38;2;27;26;47mMMMMMMMM[38;2;29;26;35mW              [0m
                  [38;2;27;26;48mM[38;2;27;26;47mMMM[38;2;27;26;48mM[38;2;27;26;47mMM[38;2;11;11;20m%          [38;2;148;141;154mj[38;2;172;164;179m)[38;2;224;215;234mii[38;2;106;100;91mC[38;2;232;222;243ml[38;2;146;104;95mX[38;2;134;99;90mU[38;2;200;191;208m-[38;2;188;180;196m][38;2;232;222;243ml[38;2;224;215;234mi[38;2;232;222;243ml[38;2;228;218;238m!![38;2;232;222;243ml[38;2;228;218;238m!!!!![38;2;168;160;175m([38;2;24;23;42mW[38;2;27;26;47mMMMM[38;2;27;26;48mM[38;2;27;26;47mMMMM            [0m
                [38;2;17;17;30m8[38;2;27;26;47mMM[38;2;27;26;48mM[38;2;27;26;47mMMMM          [38;2;224;215;234mi[38;2;200;191;208m-[38;2;104;99;108mJ[38;2;131;125;138mu[38;2;37;36;51m*[38;2;224;215;234mi[38;2;123;117;129mc[38;2;162;152;164m/[38;2;32;31;58m#[38;2;38;37;67mo[38;2;148;141;154mj[38;2;99;75;71mZ[38;2;146;104;95mX[38;2;219;210;229m>[38;2;232;222;243ml[38;2;228;218;238m!!!!!!!![38;2;187;179;195m][38;2;3;3;5m$[38;2;27;26;47mMMMM[38;2;27;26;48mM[38;2;27;26;47mMMMMM           [0m
               [38;2;20;20;36m&[38;2;27;26;47mMM[38;2;27;26;48mM[38;2;27;26;47mMMMM[38;2;11;11;20m%            [38;2;164;157;171m|[38;2;162;152;164m/[38;2;243;221;202ml[38;2;255;233;213m:[38;2;255;237;216m:[38;2;172;158;147m|[38;2;27;26;47mM[38;2;3;3;5m$[38;2;255;237;216m:[38;2;251;229;210m;[38;2;212;195;179m_[38;2;212;202;221m~[38;2;228;218;238m!![38;2;156;149;162mt[38;2;232;222;243ml[38;2;228;218;238m![38;2;164;157;171m|[38;2;228;218;238m![38;2;232;222;243ml[38;2;212;202;221m~ [38;2;131;125;138mu[38;2;196;187;204m?[38;2;37;36;51m*[38;2;27;26;47mMMMMMM[38;2;29;26;35mW[38;2;27;26;47mM[38;2;24;23;42mW          [0m
              [38;2;24;23;42mW[38;2;27;26;47mMMMM[38;2;27;26;48mM[38;2;27;26;47mMMMM             [38;2;43;41;51mo[38;2;251;229;210m;[38;2;255;237;216m::::[38;2;255;233;213m::[38;2;255;237;216m:[38;2;172;158;147m|[38;2;196;180;164m][38;2;255;233;213m:[38;2;148;141;154mj[38;2;134;119;120mc[38;2;200;143;130m/[38;2;203;194;212m_[38;2;148;141;154mj[38;2;228;218;238m!![38;2;232;222;243ml[38;2;104;99;108mJ  [38;2;17;17;30m8[38;2;27;26;47mMMMMMM[38;2;29;26;35mW[38;2;27;26;47mM[38;2;24;23;42mW          [0m
              [38;2;16;15;28m8[38;2;27;26;48mM[38;2;27;26;47mMMM[38;2;27;26;48mM[38;2;27;26;47mMMMM[38;2;29;26;35mW[38;2;27;26;47mM[38;2;24;23;42mW           [38;2;255;237;216m:[38;2;251;229;210m;[38;2;255;237;216m:[38;2;255;233;213m:::[38;2;255;237;216m:[38;2;255;233;213m:[38;2;255;237;216m:[38;2;255;233;213m:[38;2;255;237;216m:[38;2;255;233;213m:[38;2;226;206;189m<[38;2;156;149;162mt[38;2;224;215;234mi[38;2;232;222;243mll[38;2;180;172;188m}    [38;2;27;26;47mMM[38;2;27;26;48mM[38;2;27;26;47mMMMMM[38;2;24;23;42mW[38;2;27;26;47mM          [0m
                [38;2;27;26;48mM[38;2;27;26;47mMMM[38;2;27;26;48mM[38;2;27;26;47mMMMMMMMM[38;2;8;8;14mB  [38;2;17;17;29m8[38;2;27;26;48mM[38;2;16;15;28m8[38;2;3;3;5m$  [38;2;218;200;183m+[38;2;255;237;216m:[38;2;255;233;213m:[38;2;251;229;210m;[38;2;255;233;213m:[38;2;255;237;216m:[38;2;255;233;213m:[38;2;255;237;216m:[38;2;255;233;213m:[38;2;207;150;137m([38;2;198;142;129m/[38;2;187;134;122mf[38;2;219;210;229m>[38;2;232;222;243ml[38;2;224;215;234mi[38;2;148;141;154mj [38;2;114;107;116mY  [38;2;20;20;36m&[38;2;27;26;47mMM[38;2;27;26;48mM[38;2;27;26;47mMMMMM[38;2;24;23;42mW[38;2;27;26;48mM[38;2;3;3;5m$          [0m
                 [38;2;3;3;5m$[38;2;27;26;47mMMMMMMM[38;2;29;26;35mW[38;2;27;26;47mM[38;2;24;23;42mW[38;2;27;26;47mM[38;2;24;23;42mW[38;2;20;20;36m&[38;2;11;11;20m%[38;2;27;26;47mMMMMM[38;2;27;26;48mM[38;2;3;3;5m$[38;2;212;195;179m_[38;2;238;205;187m<[38;2;235;198;181m~[38;2;207;150;137m([38;2;200;143;130m/[38;2;204;146;133m|[38;2;207;150;137m(((([38;2;158;114;104mv[38;2;114;107;116mY[38;2;139;131;141mn [38;2;75;69;66mw  [38;2;3;3;5m$[38;2;33;29;39m#[38;2;27;26;47mMMMM[38;2;27;26;48mM[38;2;27;26;47mMMMMM[38;2;24;23;42mW           [0m
                   [38;2;3;3;5m$[38;2;27;26;47mMMMM[38;2;27;26;48mM[38;2;27;26;47mMMMMM[38;2;24;23;42mW[38;2;27;26;47mM[38;2;27;26;48mM[38;2;20;20;36m&[38;2;27;26;47mMMMMMMM[38;2;29;26;35mW[38;2;27;26;47mM[38;2;24;23;42mW[38;2;27;26;47mM[38;2;33;29;39m#[38;2;27;26;48mM[38;2;32;31;58m#[38;2;27;26;48mM[38;2;27;26;47mMMM  [38;2;16;15;28m8[38;2;27;26;48mM[38;2;27;26;47mMMMMMMM[38;2;27;26;48mM[38;2;27;26;47mMMMM            [0m
                      [38;2;27;26;48mM[38;2;27;26;47mMMMM[38;2;20;20;36m&[38;2;27;26;47mMMMM[38;2;20;20;36m&[38;2;27;26;48mM[38;2;27;26;47mMMMM[38;2;29;26;35mW[38;2;27;26;47mM[38;2;24;23;42mW[38;2;27;26;47mM[38;2;24;23;42mW[38;2;27;26;47mMM[38;2;27;26;48mM[38;2;27;26;47mMMMMMM[38;2;27;26;48mM[38;2;16;15;28m8[38;2;27;26;47mMMM[38;2;27;26;48mM[38;2;27;26;47mMMM[38;2;27;26;48mM[38;2;27;26;47mMMMM[38;2;29;26;35mW             [0m
                        [38;2;24;23;42mW[38;2;27;26;47mMMMM[38;2;27;26;48mM[38;2;27;26;47mMMMMM[38;2;29;26;35mW[38;2;27;26;47mM[38;2;24;23;42mW[38;2;27;26;47mM[38;2;24;23;42mW[38;2;20;20;36m&[38;2;27;26;47mMMMMMM[38;2;27;26;48mM[38;2;27;26;47mM[38;2;27;26;48mM[38;2;32;31;58m#[38;2;27;26;47mM[38;2;27;26;48mM[38;2;27;26;47mMMMMMMMM[38;2;27;26;48mM[38;2;27;26;47mMM[38;2;27;26;48mM[38;2;27;26;47mM              [0m
                          [38;2;20;20;36m&[38;2;27;26;48mM[38;2;27;26;47mMMM[38;2;11;11;20m%[38;2;27;26;47mMM[38;2;27;26;48mM[38;2;27;26;47mMMMMM[38;2;24;23;42mW[38;2;27;26;47mM[38;2;27;26;48mM[38;2;20;20;36m&[38;2;27;26;47mMMMM[38;2;27;26;48mM[38;2;20;20;36m&[38;2;27;26;48mM[38;2;20;20;36m&[38;2;80;67;22mp[38;2;24;23;42mW[38;2;27;26;47mMMM[38;2;27;26;48mM[38;2;27;26;47mMMMM[38;2;29;26;35mW[38;2;27;26;47mM[38;2;24;23;42mW[38;2;8;7;13m@              [0m
                            [38;2;3;3;5m$[38;2;27;26;47mM[38;2;20;20;36m&[38;2;27;26;47mMMMMM[38;2;27;26;48mM[38;2;27;26;47mMM[38;2;27;26;48mM[38;2;27;26;47mMMMM[38;2;29;26;35mW[38;2;27;26;47mM[38;2;24;23;42mW[38;2;27;26;47mM[38;2;24;23;42mW[38;2;27;26;47mMM[38;2;27;26;48mM[38;2;27;26;47mMM[38;2;24;23;42mW[38;2;27;26;47mMMMM[38;2;27;26;48mM[38;2;27;26;47mM[38;2;27;26;48mM[38;2;27;26;47mMM                [0m
                              [38;2;3;3;5m$[38;2;27;26;47mM[38;2;16;15;28m8[38;2;27;26;47mMMM[38;2;27;26;48mM[38;2;27;26;47mMMMMMMM[38;2;27;26;48mM[38;2;27;26;47mMMMMM[38;2;24;23;42mW[38;2;27;26;47mM[38;2;27;26;48mM[38;2;20;20;36m&[38;2;27;26;47mMMM[38;2;27;26;48mM[38;2;27;26;47mMMMM[38;2;16;15;28m8                 [0m
                               [38;2;27;26;47mMM[38;2;27;26;48mM[38;2;27;26;47mMMMMM[38;2;24;23;42mW[38;2;27;26;48mMM[38;2;27;26;47mMMMM[38;2;27;26;48mM[38;2;27;26;47mM[38;2;27;26;48mM[38;2;27;26;47mMMM[38;2;8;8;14mB[38;2;27;26;48mM[38;2;27;26;47mMMM[38;2;27;26;48mM[38;2;27;26;47mMMM                   [0m
                               [38;2;27;26;47mMMMMMMM[38;2;27;26;48mM[38;2;27;26;47mMMMMM[38;2;24;23;42mW[38;2;27;26;47mM[38;2;27;26;48mM[38;2;20;20;36m&[38;2;27;26;47mMMMMMM[38;2;27;26;48mM[38;2;27;26;47mMMMMM                    [0m
                              [38;2;16;15;28m8[38;2;27;26;47mMM[38;2;27;26;48mM[38;2;27;26;47mMMMM[38;2;29;26;35mW[38;2;27;26;47mM[38;2;24;23;42mW[38;2;27;26;47mM[38;2;24;23;42mW[38;2;27;26;47mMM[38;2;27;26;48mM[38;2;27;26;47mMMMMMM[38;2;27;26;48mMMM[38;2;27;26;47mMMMM                     [0m
                              [38;2;33;29;39m#[38;2;27;26;47mMMMMMMMM[38;2;27;26;48mM[38;2;27;26;47mMMMMM[38;2;24;23;42mW[38;2;27;26;48mMM[38;2;27;26;47mMMMM[38;2;27;26;48mM[38;2;16;15;28m8[38;2;27;26;48mM[38;2;27;26;47mMMM[38;2;11;11;20m%                     [0m
                              [38;2;27;26;48mM[38;2;16;15;28m8[38;2;27;26;47mMMM[38;2;27;26;48mM[38;2;27;26;47mMMMMMM[38;2;27;26;48mM[38;2;27;26;47mMMMMMMMM[38;2;27;26;48mM[38;2;27;26;47mMM[38;2;27;26;48mM[38;2;27;26;47mMM[38;2;27;26;48mM[38;2;24;23;42mW                     [0m
                              [38;2;27;26;48mM[38;2;27;26;47mMMMMM[38;2;24;23;42mW[38;2;20;20;36m&[38;2;27;26;47mMMMMMM[38;2;27;26;48mM[38;2;27;26;47mMMMMM[38;2;24;23;42mW[38;2;27;26;47mM[38;2;27;26;48mM[38;2;20;20;36m&[38;2;27;26;47mMMMM[38;2;6;6;10m@                     [0m
                             [38;2;20;20;36m&[38;2;16;15;28m8[38;2;27;26;47mMMM[38;2;27;26;48mM[38;2;27;26;47mMMMMMMMMM[38;2;27;26;48mM[38;2;27;26;47mMMMMM[38;2;24;23;42mW[38;2;27;26;47mM[38;2;27;26;48mM[38;2;20;20;36m&[38;2;27;26;47mMMMM[38;2;6;6;10m@                     [0m
                             [38;2;27;26;47mMM[38;2;27;26;48mM[38;2;27;26;47mMMMMM[38;2;24;23;42mW[38;2;27;26;48mMM[38;2;27;26;47mMMMM[38;2;27;26;48mM[38;2;27;26;47mM[38;2;27;26;48mM[38;2;27;26;47mMM[38;2;20;20;36m&[38;2;27;26;48mM[38;2;17;17;30m8[38;2;27;26;47mMMMMMM[38;2;11;11;20m%                     [0m
                             [38;2;24;23;42mW[38;2;27;26;47mMMMMM[38;2;29;26;35mW[38;2;27;26;47mM[38;2;24;23;42mW[38;2;27;26;47mM[38;2;24;23;42mW[38;2;20;20;36m&[38;2;27;26;47mMMMMMMM[38;2;24;23;42mW[38;2;27;26;48mM[38;2;24;23;42mW[38;2;27;26;47mM[38;2;17;17;30m8[38;2;27;26;48mM[38;2;27;26;47mMMMMM                     [0m
                            [38;2;16;15;28m8[38;2;27;26;47mMMMMMM[38;2;29;26;35mW[38;2;27;26;47mM[38;2;24;23;42mW[38;2;27;26;47mM[38;2;24;23;42mW[38;2;20;20;36m&[38;2;27;26;47mMMMMMMM[38;2;24;23;42mW[38;2;27;26;48mM[38;2;24;23;42mW[38;2;27;26;47mMMM[38;2;20;20;36m&[38;2;27;26;47mMMM[38;2;27;26;48mM                     [0m
                            [38;2;24;23;42mW[38;2;27;26;48mM[38;2;27;26;47mMMMMM[38;2;29;26;35mW[38;2;27;26;47mM[38;2;24;23;42mW[38;2;27;26;47mM[38;2;24;23;42mW[38;2;20;20;36m&[38;2;27;26;47mMMMMMMM[38;2;24;23;42mW[38;2;27;26;48mM[38;2;24;23;42mW[38;2;27;26;47mMMM[38;2;20;20;36m&[38;2;27;26;47mMMMM[38;2;27;26;48mM                    [0m
                            [38;2;24;23;42mW[38;2;27;26;47mMM[38;2;27;26;48mM[38;2;27;26;47mMMMMM[38;2;24;23;42mW[38;2;27;26;48mMM[38;2;27;26;47mMMMM[38;2;27;26;48mM[38;2;27;26;47mM[38;2;27;26;48mM[38;2;27;26;47mMM[38;2;20;20;36m&[38;2;27;26;48mM[38;2;17;17;30m8[38;2;27;26;47mMMMMMM[38;2;27;26;48mM[38;2;27;26;47mM                    [0m
                            [38;2;27;26;47mMM[38;2;27;26;48mM[38;2;27;26;47mMMMMM[38;2;24;23;42mW[38;2;27;26;47mM[38;2;27;26;48mM[38;2;20;20;36m&[38;2;27;26;47mMMMMMMM[38;2;24;23;42mW[38;2;20;20;36m&[38;2;24;23;42mW[38;2;17;17;30m8[38;2;27;26;47mMM[38;2;20;20;36m&[38;2;27;26;47mMMMM[38;2;27;26;48mM[38;2;27;26;47mM[38;2;16;15;28m8                   [0m
                           [38;2;17;17;30m8[38;2;27;26;47mMMMMMMMM[38;2;27;26;48mM[38;2;27;26;47mMMMMMMMM[38;2;27;26;48mM[38;2;27;26;47mMM[38;2;27;26;48mM[38;2;27;26;47mMM[38;2;27;26;48mM[38;2;27;26;47mM[38;2;27;26;48mM[38;2;27;26;47mMM[38;2;27;26;48mMM[38;2;27;26;47mMMM                   [0m
                            [38;2;27;26;47mM[38;2;27;26;48mM[38;2;27;26;47mMMMM[38;2;29;26;35mW[38;2;16;15;28m8[38;2;27;26;48mMM[38;2;16;15;28m8[38;2;27;26;47mMMM[38;2;27;26;48mM[38;2;27;26;47mMMMMMMMM[38;2;20;20;36m&[38;2;27;26;47mMMMM[38;2;20;20;36m&[38;2;17;17;30m8[38;2;27;26;47mMM                    [0m
                          [38;2;3;3;5m$[38;2;27;26;47mMMMMMMMMMM[38;2;29;26;35mW[38;2;27;26;47mM[38;2;24;23;42mW[38;2;27;26;47mM[38;2;24;23;42mW[38;2;20;20;36m&[38;2;27;26;47mMMMMMMM[38;2;24;23;42mW[38;2;27;26;48mM[38;2;24;23;42mW[38;2;27;26;47mMMM[38;2;20;20;36m&[38;2;27;26;47mMMM                    [0m
                           [38;2;24;23;42mW[38;2;27;26;47mM[38;2;27;26;48mM[38;2;27;26;47mMMMM[38;2;29;26;35mW[38;2;27;26;47mM[38;2;24;23;42mW[38;2;27;26;47mM[38;2;24;23;42mW[38;2;27;26;47mMM[38;2;27;26;48mM[38;2;27;26;47mMMMMMM[38;2;27;26;48mMM[38;2;27;26;47mMMMMMMMMMM[38;2;16;15;28m8                   [0m
                          [38;2;24;23;42mW[38;2;27;26;47mMMMM[38;2;27;26;48mM[38;2;27;26;47mMM[38;2;27;26;48mM[38;2;27;26;47mMMMMM[38;2;24;23;42mW[38;2;27;26;47mM[38;2;27;26;48mM[38;2;20;20;36m&[38;2;27;26;47mMMMMMMM[38;2;24;23;42mW[38;2;20;20;36m&[38;2;24;23;42mW[38;2;17;17;30m8[38;2;27;26;47mMM[38;2;20;20;36m&[38;2;27;26;47mMMM                   [0m
                         [38;2;24;23;42mW[38;2;27;26;47mMM[38;2;27;26;48mM[38;2;27;26;47mMMMMM[38;2;24;23;42mW[38;2;27;26;47mM[38;2;27;26;48mM[38;2;20;20;36m&[38;2;27;26;47mMMMMMMM[38;2;24;23;42mW[38;2;20;20;36m&[38;2;24;23;42mW[38;2;17;17;30m8[38;2;27;26;47mMM[38;2;20;20;36m&[38;2;27;26;47mMMMMMMMM[38;2;27;26;48mM[38;2;16;15;28m8                  [0m
                        [38;2;27;26;47mM[38;2;27;26;48mM[38;2;27;26;47mMMMM[38;2;29;26;35mW[38;2;27;26;47mM[38;2;24;23;42mW[38;2;27;26;47mM[38;2;24;23;42mW[38;2;27;26;47mMM[38;2;27;26;48mM[38;2;27;26;47mMMMMMM[38;2;27;26;48mMM[38;2;27;26;47mMMMMMMMMMMMMMMM[38;2;27;26;48mM                  [0m
                       [38;2;27;26;47mMMMMMM[38;2;29;26;35mW[38;2;27;26;47mM[38;2;24;23;42mW[38;2;20;20;36m&[38;2;17;17;30m8[38;2;20;20;36m&&&&&[38;2;17;17;30m8[38;2;20;20;36m&&[38;2;27;26;48mM[38;2;27;26;47mMMMMMMMM[38;2;27;26;48mM[38;2;27;26;47mMM[38;2;27;26;48mM[38;2;27;26;47mMM[38;2;27;26;48mM[38;2;27;26;47mM[38;2;27;26;48mM[38;2;27;26;47mMM[38;2;3;3;5m$$                [0m
                      [38;2;27;26;47mMMM[38;2;27;26;48mM[38;2;27;26;47mMMMMM[38;2;24;23;42mW[38;2;27;26;48mMM[38;2;27;26;47mMMMM[38;2;27;26;48mM[38;2;27;26;47mM[38;2;27;26;48mM[38;2;27;26;47mMM[38;2;20;20;36m&[38;2;27;26;48mM[38;2;17;17;30m8[38;2;27;26;47mMMMMMMMM[38;2;27;26;48mM[38;2;27;26;47mMMMMM[38;2;27;26;48mM[38;2;27;26;47mM[38;2;16;15;28m8[38;2;3;3;5m$                [0m
                     [38;2;33;29;39m#[38;2;27;26;47mMMMMMMMM[38;2;24;23;42mW[38;2;27;26;47mMM[38;2;27;26;48mM[38;2;27;26;47mMMMMM[38;2;24;23;42mW[38;2;27;26;48mMM[38;2;27;26;47mMMMM[38;2;27;26;48mM[38;2;27;26;47mM[38;2;27;26;48mM[38;2;27;26;47mMM[38;2;20;20;36m&[38;2;27;26;48mM[38;2;17;17;30m8[38;2;27;26;47mMMMMMMMM[38;2;27;26;48mM                 [0m
                    [38;2;27;26;48mM[38;2;27;26;47mMMMM[38;2;27;26;48mM[38;2;27;26;47mMMMM[38;2;29;26;35mW[38;2;27;26;47mM[38;2;24;23;42mW[38;2;27;26;47mM[38;2;24;23;42mW[38;2;27;26;47mMM[38;2;27;26;48mM[38;2;27;26;47mMMMMM[38;2;17;17;30m8[38;2;27;26;47mMMMMMMMMM[38;2;24;23;42mW[38;2;27;26;48mM[38;2;27;26;47mMMMMMMMM[38;2;8;8;14mB[38;2;3;3;5m$               [0m
                  [38;2;17;17;30m8[38;2;27;26;48mM[38;2;27;26;47mMMMMMMMMMMMMMMMMM[38;2;29;26;35mW[38;2;27;26;47mM[38;2;24;23;42mW[38;2;27;26;47mM[38;2;24;23;42mW  W[38;2;27;26;47mMM[38;2;27;26;48mM[38;2;27;26;47mMMMM[38;2;29;26;35mW[38;2;27;26;47mM[38;2;24;23;42mW[38;2;27;26;47mM[38;2;24;23;42mW[38;2;27;26;47mMM[38;2;27;26;48mM[38;2;27;26;47mMMM[38;2;20;20;36m&                [0m
                  [38;2;27;26;47mMM[38;2;27;26;48mM[38;2;27;26;47mMMMMM[38;2;24;23;42mW[38;2;27;26;47mM[38;2;27;26;48mM[38;2;20;20;36m&[38;2;27;26;47mMMMMMMM[38;2;24;23;42mW[38;2;20;20;36m&[38;2;24;23;42mW     W[38;2;27;26;48mM[38;2;27;26;47mMMMMMMMM[38;2;27;26;48mM[38;2;27;26;47mMM[38;2;27;26;48mM[38;2;27;26;47mMM[38;2;27;26;48mM[38;2;27;26;47mM[38;2;27;26;48mM                [0m
                 [38;2;16;15;28m8[38;2;27;26;47mMMMMM[38;2;29;26;35mW[38;2;27;26;47mM[38;2;24;23;42mW[38;2;27;26;47mM[38;2;24;23;42mW[38;2;20;20;36m&[38;2;27;26;47mMMMMMMM[38;2;24;23;42mW[38;2;27;26;48mM[38;2;24;23;42mW      [38;2;3;3;5m$[38;2;27;26;47mMMMMMMMM[38;2;24;23;42mW[38;2;27;26;47mMM[38;2;27;26;48mM[38;2;27;26;47mMMMM[38;2;29;26;35mW[38;2;27;26;47mM                [0m
                [38;2;16;15;28m8[38;2;27;26;47mMMM[38;2;27;26;48mM[38;2;27;26;47mMMMMM[38;2;24;23;42mW[38;2;27;26;47mM[38;2;27;26;48mM[38;2;20;20;36m&[38;2;27;26;47mMMMMMMM         [38;2;27;26;48mM[38;2;16;15;28m8[38;2;27;26;47mMMM[38;2;27;26;48mM[38;2;27;26;47mMMMMMMMMMMM[38;2;27;26;48mM                [0m
               [38;2;17;17;30m8[38;2;27;26;47mMMMMMMMM[38;2;24;23;42mW[38;2;27;26;47mMMMM[38;2;27;26;48mM[38;2;27;26;47mMMMMM[38;2;24;23;42mW          [38;2;20;20;36m&[38;2;27;26;47mMMMMMMMMMM[38;2;29;26;35mW[38;2;27;26;47mM[38;2;24;23;42mW[38;2;27;26;47mM[38;2;24;23;42mW[38;2;20;20;36m&[38;2;27;26;47mM                [0m
              [38;2;20;20;36m&[38;2;27;26;47mMMM[38;2;27;26;48mM[38;2;27;26;47mMMMMM[38;2;24;23;42mW[38;2;27;26;47mM[38;2;27;26;48mM[38;2;20;20;36m&[38;2;27;26;47mMMMMMMM           [38;2;16;15;28m8[38;2;27;26;47mMM[38;2;27;26;48mM[38;2;27;26;47mMMMMM[38;2;24;23;42mW[38;2;27;26;48mMM[38;2;27;26;47mMMMM[38;2;27;26;48mM[38;2;27;26;47mM                [0m
             [38;2;17;17;30m8[38;2;27;26;47mM[38;2;27;26;48mM[38;2;27;26;47mMMMM[38;2;29;26;35mW[38;2;27;26;47mM[38;2;24;23;42mW[38;2;27;26;47mM[38;2;24;23;42mW[38;2;27;26;47mMM[38;2;27;26;48mM[38;2;27;26;47mMMMMMM             [38;2;24;23;42mW[38;2;27;26;47mMM[38;2;27;26;48mM[38;2;27;26;47mMMMMMMMM[38;2;27;26;48mM[38;2;27;26;47mMM[38;2;27;26;48mM[38;2;27;26;47mM[38;2;24;23;42mW               [0m
            [38;2;16;15;28m8[38;2;27;26;47mMMM[38;2;27;26;48mM[38;2;27;26;47mMMMMM[38;2;24;23;42mW[38;2;27;26;47mM[38;2;27;26;48mM[38;2;20;20;36m&[38;2;27;26;47mMMMMMM                [38;2;27;26;48mM[38;2;27;26;47mMM[38;2;27;26;48mM[38;2;27;26;47mMMMMM[38;2;24;23;42mW[38;2;27;26;48mMM[38;2;27;26;47mMMMM[38;2;16;15;28m8               [0m
            [38;2;27;26;47mMM[38;2;27;26;48mM[38;2;27;26;47mMMMMMMMM[38;2;27;26;48mM[38;2;27;26;47mMM[38;2;27;26;48mM[38;2;27;26;47mMM[38;2;27;26;48mM                   [38;2;24;23;42mW[38;2;27;26;47mM[38;2;27;26;48mM[38;2;27;26;47mMMMM[38;2;29;26;35mW[38;2;27;26;47mM[38;2;24;23;42mW[38;2;27;26;47mM[38;2;24;23;42mW[38;2;27;26;47mMM[38;2;27;26;48mM[38;2;20;20;36m&               [0m
            [38;2;27;26;47mM[38;2;27;26;48mM[38;2;27;26;47mMMMM[38;2;29;26;35mW[38;2;27;26;47mM[38;2;24;23;42mW[38;2;27;26;47mM[38;2;24;23;42mW[38;2;27;26;47mMM[38;2;27;26;48mM[38;2;27;26;47mMM[38;2;20;20;36m&                     [38;2;27;26;47mMM[38;2;27;26;48mM[38;2;27;26;47mMMMMM[38;2;24;23;42mW[38;2;27;26;47mM[38;2;27;26;48mM[38;2;20;20;36m&[38;2;27;26;47mMM[38;2;16;15;28m8               [0m
           [38;2;17;17;30m8[38;2;27;26;47mM[38;2;27;26;48mM[38;2;27;26;47mMMMM[38;2;29;26;35mW[38;2;27;26;47mM[38;2;24;23;42mW[38;2;27;26;47mM[38;2;24;23;42mW[38;2;27;26;47mMM[38;2;27;26;48mM[38;2;27;26;47mM[38;2;24;23;42mW                      [38;2;16;15;28m8[38;2;27;26;48mM[38;2;27;26;47mMMMM[38;2;29;26;35mW[38;2;27;26;47mM[38;2;24;23;42mW[38;2;27;26;47mM[38;2;24;23;42mW[38;2;27;26;47mMM[38;2;27;26;48mM[38;2;27;26;47mM[38;2;24;23;42mW              [0m
           [38;2;24;23;42mW[38;2;16;15;28m8[38;2;27;26;47mMMM[38;2;27;26;48mM[38;2;27;26;47mMMMMMMMM[38;2;20;20;36m&                         [38;2;27;26;47mMMMMMM[38;2;29;26;35mW[38;2;27;26;47mM[38;2;24;23;42mW[38;2;27;26;47mM[38;2;24;23;42mW[38;2;20;20;36m&[38;2;27;26;47mMMM              [0m
           [38;2;24;23;42mW[38;2;27;26;47mMM[38;2;27;26;48mM[38;2;27;26;47mMMMMM[38;2;24;23;42mW[38;2;27;26;47mM[38;2;27;26;48mM[38;2;20;20;36m&[38;2;27;26;47mMM                          MMMM[38;2;27;26;48mM[38;2;27;26;47mMMMMM[38;2;24;23;42mW[38;2;27;26;47mM[38;2;27;26;48mM[38;2;20;20;36m&[38;2;8;8;14mB             [0m
           [38;2;20;20;36m&[38;2;27;26;47mMMMMMMM[38;2;29;26;35mW[38;2;27;26;47mM[38;2;24;23;42mW[38;2;27;26;47mM[38;2;24;23;42mW[38;2;20;20;36m&                            [38;2;27;26;47mM[38;2;27;26;48mM[38;2;16;15;28m8[38;2;27;26;47mMMM[38;2;27;26;48mM[38;2;27;26;47mMMMMMM[38;2;11;11;20m%             [0m
           [38;2;16;15;28m8[38;2;27;26;47mMMMMM[38;2;27;26;48mM[38;2;27;26;47mMMMMM[38;2;24;23;42mW[38;2;27;26;48mM                             MM[38;2;27;26;47mMMMM[38;2;29;26;35mW[38;2;27;26;47mM[38;2;24;23;42mW[38;2;27;26;47mM[38;2;24;23;42mW[38;2;27;26;47mM[38;2;11;11;20m%             [0m
            [38;2;20;20;36m&[38;2;27;26;47mMMM[38;2;27;26;48mM[38;2;27;26;47mMMMMMMM                              [38;2;27;26;48mM[38;2;27;26;47mMM[38;2;27;26;48mM[38;2;27;26;47mMMMM[38;2;29;26;35mW[38;2;27;26;47mM[38;2;24;23;42mW[38;2;27;26;47mM[38;2;24;23;42mW             [0m
            [38;2;27;26;48mM[38;2;27;26;47mM[38;2;27;26;48mM[38;2;27;26;47mMMMMMMMM[38;2;27;26;48mM                              [38;2;17;17;30m8[38;2;27;26;47mMMMMM[38;2;27;26;48mM[38;2;27;26;47mMMMMMM             [0m
            [38;2;27;26;47mMM[38;2;27;26;48mM[38;2;27;26;47mM[38;2;27;26;48mM[38;2;27;26;47mMMMMMM[38;2;16;15;28m8                              8[38;2;27;26;47mMMMMMMMM[38;2;29;26;35mW[38;2;27;26;47mM[38;2;24;23;42mW[38;2;27;26;47mM             [0m
