                                                                                [0m
                                                                                [0m
                                                                                [0m
                                                                                [0m
                                                                                [0m
                                                                                [0m
                                                                                [0m
                                           [38;2;202;181;164m][38;2;255;233;213m:[38;2;255;236;216m:[38;2;178;162;148m([38;2;3;3;5m$                                [0m
                               [38;2;36;34;37m#[38;2;133;129;111mu[38;2;245;225;205mI[38;2;167;154;140m/[38;2;255;236;216m:[38;2;202;181;164m]      [38;2;145;117;113mv[38;2;136;116;108mc[38;2;204;146;133m|[38;2;200;143;130m/[38;2;255;233;213m:::[38;2;121;118;102mz                             [0m
                            [38;2;239;219;201m![38;2;255;236;216m:[38;2;214;167;153m{[38;2;204;146;133m|[38;2;125;90;83mC[38;2;204;146;133m|[38;2;125;90;83mC[38;2;255;233;213m:[38;2;251;229;210m;[38;2;255;236;216m:    [38;2;156;146;134mff[38;2;255;236;216m:[38;2;163;117;107mu[38;2;200;143;130m/[38;2;217;182;166m?[38;2;255;236;216m:[38;2;251;229;210m;[38;2;252;243;213m,[38;2;75;69;66mw[38;2;27;26;47mM[38;2;20;20;36m&                          [0m
                           [38;2;230;211;193m>[38;2;255;236;216m:[38;2;251;229;210m;[38;2;252;243;213m,[38;2;249;223;204mII[38;2;206;158;144m1[38;2;163;117;107mu[38;2;154;133;122mx[38;2;251;229;210m;[38;2;255;236;216m:[38;2;3;3;5m$   [38;2;204;146;133m|[38;2;190;136;124mff[38;2;255;233;213m:::[38;2;255;236;216m:[38;2;233;216;195mi[38;2;39;37;56mo[38;2;20;20;36m&[38;2;27;26;47mMMMM                        [0m
                        [38;2;17;17;30m8[38;2;20;20;36m&[38;2;39;37;56mo[38;2;36;34;37m#[38;2;255;233;213m:[38;2;255;236;216m:[38;2;255;233;213m:[38;2;252;243;213m,[38;2;255;233;213m::[38;2;255;236;216m:[38;2;226;186;169m-          [38;2;99;75;71mZ[38;2;75;69;66mw [38;2;27;26;48mM[38;2;27;26;47mMM[38;2;24;23;42mW[38;2;27;26;47mMMM[38;2;20;20;36m&[38;2;24;23;42mW[38;2;9;8;14mB                     [0m
                      [38;2;3;3;5m$[38;2;27;26;48mM[38;2;27;26;47mMMMMMM           [38;2;17;17;30m8[38;2;212;202;221m~[38;2;233;222;243mlll[38;2;17;17;29m8[38;2;224;215;234mi[38;2;36;34;37m#  [38;2;16;15;28m8[38;2;20;20;36m&[38;2;24;23;42mW[38;2;27;26;47mMMMMMMM[38;2;12;11;20m%                  [0m
                     [38;2;27;26;48mM[38;2;27;26;47mMMM[38;2;20;20;36m&[38;2;27;26;47mMM[38;2;12;11;20m%      [38;2;87;83;87mO[38;2;3;3;5m$ [38;2;123;117;129mc[38;2;188;179;196m][38;2;233;222;243mll[38;2;228;218;238m![38;2;233;222;243mll[38;2;228;218;238m![38;2;233;222;243mll[38;2;228;218;238m![38;2;233;222;243mll[38;2;228;218;238m! [38;2;36;34;37m#[38;2;27;26;47mMMMM[38;2;20;20;36m&[38;2;24;23;42mW[38;2;27;26;47mMMM[38;2;3;3;5m$                [0m
                    [38;2;27;26;48mM[38;2;27;26;47mM[38;2;24;23;42mW[38;2;27;26;47mMMMM           [38;2;131;125;138mu[38;2;228;218;238m![38;2;233;222;243mll[38;2;200;191;209m-[38;2;228;218;238m![38;2;233;222;243mll[38;2;228;218;238m!!!!![38;2;233;222;243mll[38;2;228;218;238m!![38;2;3;3;5m$[38;2;27;26;47mMMMMM[38;2;20;20;36m&[38;2;27;26;47mMMM               [0m
                  [38;2;24;23;42mW[38;2;27;26;47mMMM[38;2;24;23;42mW[38;2;27;26;47mMM[38;2;16;15;28m8          [38;2;123;117;129mc[38;2;233;222;243mlll[38;2;188;179;196m][38;2;233;222;243ml[38;2;145;117;113mv[38;2;208;199;217m+[38;2;233;222;243ml[38;2;224;215;234mi[38;2;228;218;238m!![38;2;233;222;243mll[38;2;228;218;238m!!!!!![38;2;3;3;5m$[38;2;27;26;48mM[38;2;27;26;47mMMMM[38;2;20;20;36m&[38;2;24;23;42mW[38;2;27;26;47mMMM             [0m
                [38;2;3;3;5m$[38;2;27;26;48mM[38;2;27;26;47mMMMMMM          [38;2;87;83;87mO[38;2;228;218;238m![38;2;233;222;243ml[38;2;162;152;164m/[38;2;188;179;196m][38;2;233;222;243ml[38;2;200;191;209m-[38;2;192;183;200m[[38;2;66;63;88mq[38;2;156;149;162mt[38;2;163;117;107mu[38;2;123;117;129mc[38;2;224;215;234mi[38;2;200;191;209m-[38;2;228;218;238m!![38;2;233;222;243mll[38;2;228;218;238m!!!![38;2;184;175;192m{ [38;2;27;26;48mM[38;2;27;26;47mMMMMMMM[38;2;17;17;30m8[38;2;27;26;47mM            [0m
               [38;2;17;17;30m8[38;2;27;26;47mMMMMMMM[38;2;12;11;20m%           [38;2;114;107;116mY[38;2;200;191;209m-[38;2;162;152;164m/[38;2;3;3;5m$[38;2;139;131;141mn[38;2;120;103;94mU[38;2;75;69;66mw[38;2;32;31;57m#[38;2;39;37;56mo[38;2;121;118;102mz[38;2;230;211;193m>[38;2;104;99;108mJ[38;2;114;107;116mY[38;2;228;218;238m!![38;2;233;222;243ml[38;2;228;218;238m!!!!![38;2;219;210;229m>[38;2;233;222;243ml[38;2;87;83;87mO[38;2;27;26;48mM[38;2;27;26;47mMMMMM[38;2;20;20;36m&[38;2;27;26;47mMM[38;2;12;11;20m%           [0m
              [38;2;36;34;37m#[38;2;27;26;47mM[38;2;20;20;36m&[38;2;24;23;42mW[38;2;27;26;47mMMMMM            [38;2;114;107;116mY[38;2;156;149;163mt[38;2;148;141;154mj[38;2;206;150;137m([38;2;255;233;213m:::[38;2;230;211;193m>[38;2;255;236;216m::[38;2;142;138;119mx[38;2;168;160;175m([38;2;216;207;226m<[38;2;224;215;234mi[38;2;131;125;138mu[38;2;216;207;226m<[38;2;168;160;175m([38;2;212;202;221m~[38;2;216;207;226m<[38;2;224;215;234mi[38;2;228;218;238m![38;2;104;99;108mJ  [38;2;12;11;20m%[38;2;27;26;47mMMMMMMMMM           [0m
              [38;2;27;26;47mM[38;2;20;20;36m&[38;2;27;26;47mMMMM[38;2;27;26;48mM[38;2;27;26;47mMM[38;2;24;23;42mW[38;2;3;3;5m$             [38;2;185;169;154m1[38;2;173;170;148m)[38;2;148;145;125mj[38;2;142;138;119mx[38;2;255;233;213m::::[38;2;255;236;216m:[38;2;255;233;213m:[38;2;133;129;111mu[38;2;80;67;22mp[38;2;158;114;104mv[38;2;133;129;111mu[38;2;233;222;243ml[38;2;208;199;217m+[38;2;233;222;243ml[38;2;148;141;154mj[38;2;233;222;243ml[38;2;184;175;192m{[38;2;17;17;29m8[38;2;24;23;42mW[38;2;27;26;47mMMMMM[38;2;27;26;48mM[38;2;27;26;47mMMM           [0m
              [38;2;17;17;29m8[38;2;27;26;47mM[38;2;24;23;42mW[38;2;27;26;47mMMMM[38;2;17;17;30m8[38;2;27;26;47mM[38;2;24;23;42mWW[38;2;27;26;47mM[38;2;24;23;42mW[38;2;9;8;14mB          [38;2;252;243;213m,[38;2;255;236;216m:[38;2;255;233;213m::[38;2;255;236;216m:[38;2;255;233;213m::[38;2;255;236;216m::[38;2;251;229;210m;[38;2;200;143;130m/[38;2;190;136;124mf[38;2;233;222;243ml[38;2;228;218;238m![38;2;233;222;243ml[38;2;168;160;175m([38;2;87;83;87mO[38;2;172;164;179m)  [38;2;27;26;48mM[38;2;20;20;36m&[38;2;27;26;47mMMMM[38;2;27;26;48mM[38;2;27;26;47mMM[38;2;24;23;42mW            [0m
                [38;2;17;17;30m8[38;2;20;20;36m&[38;2;27;26;47mMMMM[38;2;27;26;48mM[38;2;27;26;47mMM[38;2;24;23;42mW[38;2;27;26;48mM[38;2;27;26;47mM[38;2;20;20;36m&[38;2;24;23;42mW [38;2;3;3;5m$[38;2;27;26;48mM[38;2;27;26;47mMMM[38;2;20;20;36m&[38;2;24;23;42mW[38;2;255;236;216m:[38;2;255;233;213m:::[38;2;249;223;204mI[38;2;255;236;216m:[38;2;243;212;194mi[38;2;204;146;133m||[38;2;200;143;130m/[38;2;204;146;133m|[38;2;121;118;102mz[38;2;228;218;238m![38;2;162;152;164m/[38;2;104;99;108mJ[38;2;168;160;175m(  [38;2;17;17;30m8[38;2;27;26;47mM[38;2;24;23;42mW[38;2;27;26;47mMMMM[38;2;17;17;30m8[38;2;27;26;47mM[38;2;24;23;42mWW[38;2;27;26;47mM            [0m
                 [38;2;3;3;5m$[38;2;27;26;48mM[38;2;27;26;47mMMMMMMM[38;2;17;17;30m8[38;2;27;26;47mM[38;2;24;23;42mW[38;2;27;26;47mMMMM[38;2;20;20;36m&[38;2;27;26;47mMMMM[38;2;27;26;48mM[38;2;39;37;56mo[38;2;27;26;47mM[38;2;12;11;20m%%[38;2;8;7;13m@[38;2;146;104;95mX[38;2;27;26;47mMMMMMM[38;2;16;15;28m8  [38;2;27;26;48mM[38;2;27;26;47mM[38;2;20;20;36m&[38;2;24;23;42mW[38;2;27;26;47mMMMMMM[38;2;24;23;42mWW[38;2;27;26;47mM             [0m
                    [38;2;27;26;48mM[38;2;20;20;36m&[38;2;27;26;47mMMMM[38;2;27;26;48mM[38;2;27;26;47mMM[38;2;24;23;42mW[38;2;27;26;48mM[38;2;27;26;47mMMMMMMMMMM[38;2;27;26;48mM[38;2;27;26;47mMMM[38;2;27;26;48mM[38;2;27;26;47mMM[38;2;39;37;56mo[38;2;27;26;47mMM[38;2;20;20;36m&[38;2;32;31;57m#[38;2;27;26;48mM[38;2;27;26;47mM[38;2;20;20;36m&[38;2;27;26;47mMMMM[38;2;27;26;48mM[38;2;27;26;47mMM[38;2;24;23;42mW[38;2;27;26;48mM[38;2;27;26;47mM              [0m
                      [38;2;20;20;36m&[38;2;27;26;47mM[38;2;20;20;36m&[38;2;24;23;42mW[38;2;27;26;47mMMMMMM[38;2;24;23;42mWW[38;2;27;26;47mMMMMMMM[38;2;27;26;48mM[38;2;27;26;47mMM[38;2;20;20;36m&[38;2;24;23;42mW[38;2;27;26;47mMMMMMM[38;2;24;23;42mWW[38;2;27;26;47mMMM[38;2;20;20;36m&[38;2;27;26;47mMM[38;2;27;26;48mM[38;2;20;20;36m&[38;2;27;26;47mMMM[38;2;16;15;28m8              [0m
                        [38;2;16;15;28m8[38;2;27;26;48mM[38;2;27;26;47mMMMMMMMMMMMMMMM[38;2;27;26;48mM[38;2;27;26;47mMMM[38;2;27;26;48mM[38;2;27;26;47mMM[38;2;27;26;48mM[38;2;20;20;36m&[38;2;12;11;20m%[38;2;17;17;30m8[38;2;36;34;37m#[38;2;27;26;47mMMMM[38;2;27;26;48mM[38;2;27;26;47mMMM[38;2;20;20;36m&&[38;2;24;23;42mW[38;2;9;8;14mB               [0m
                          [38;2;3;3;5m$[38;2;27;26;48mM[38;2;27;26;47mMMM[38;2;27;26;48mM[38;2;27;26;47mMMM[38;2;20;20;36m&[38;2;27;26;47mMMMMMMM[38;2;27;26;48mM[38;2;27;26;47mMMM[38;2;27;26;48mM[38;2;27;26;47mMM[38;2;39;37;56mo[38;2;27;26;47mM[38;2;12;11;20m%[38;2;27;26;47mM[38;2;27;26;48mM[38;2;27;26;47mMM[38;2;27;26;48mM[38;2;20;20;36m&[38;2;27;26;47mMMM[38;2;24;23;42mW                 [0m
                             [38;2;17;17;30m8[38;2;12;11;20m%[38;2;27;26;47mMMMMMM[38;2;20;20;36m&[38;2;27;26;47mMMMM[38;2;27;26;48mM[38;2;27;26;47mMM[38;2;24;23;42mW[38;2;27;26;48mM[38;2;27;26;47mMMMMM[38;2;20;20;36m&[38;2;27;26;48mM[38;2;27;26;47mMMMM[38;2;27;26;48mM[38;2;27;26;47mMMM                  [0m
                               [38;2;27;26;48mM[38;2;27;26;47mMMMMMMMMMMMMMMMM[38;2;17;17;30m8[38;2;27;26;47mM[38;2;24;23;42mW[38;2;27;26;47mMMM[38;2;20;20;36m&[38;2;24;23;42mW[38;2;27;26;47mMMMM                    [0m
                               [38;2;27;26;48mM[38;2;27;26;47mMMMMMMMMM[38;2;27;26;48mM[38;2;27;26;47mMMM[38;2;27;26;48mM[38;2;27;26;47mMM[38;2;39;37;56mo[38;2;27;26;47mMM[38;2;27;26;48mM[38;2;27;26;47mM[38;2;20;20;36m&[38;2;27;26;48mM[38;2;27;26;47mMMMM                     [0m
                              [38;2;16;15;28m8[38;2;27;26;47mM[38;2;20;20;36m&[38;2;24;23;42mW[38;2;27;26;47mMMMMMM[38;2;24;23;42mWW[38;2;27;26;47mMMMMMMMMMM[38;2;24;23;42mW[38;2;16;15;28m8[38;2;27;26;47mMMMM                      [0m
                              [38;2;27;26;47mMMMMMMMMMMMM[38;2;17;17;30m8[38;2;27;26;47mM[38;2;24;23;42mW[38;2;27;26;47mMMMM[38;2;39;37;56mo[38;2;27;26;48mM[38;2;27;26;47mMM[38;2;24;23;42mW[38;2;27;26;47mMMMM[38;2;8;7;13m@                     [0m
                             [38;2;20;20;36m&[38;2;27;26;47mMM[38;2;27;26;48mM[38;2;27;26;47mMMMMM[38;2;20;20;36m&[38;2;24;23;42mW[38;2;27;26;47mMMMMMM[38;2;24;23;42mWW[38;2;27;26;47mMMMMM[38;2;17;17;30m8[38;2;27;26;48mM[38;2;27;26;47mMMM[38;2;12;11;20m%                     [0m
                             [38;2;24;23;42mW[38;2;27;26;47mMMMMMM[38;2;20;20;36m&[38;2;24;23;42mW[38;2;27;26;47mMMMMMM[38;2;24;23;42mWW[38;2;27;26;47mMMMMMMMMMM[38;2;24;23;42mW[38;2;27;26;48mM[38;2;16;15;28m8                     [0m
                             [38;2;27;26;47mM[38;2;24;23;42mW[38;2;27;26;47mMMMM[38;2;17;17;30m8[38;2;27;26;47mM[38;2;24;23;42mWW[38;2;27;26;47mMMMM[38;2;27;26;48mM[38;2;27;26;47mMMMMMM[38;2;27;26;48mM[38;2;24;23;42mW[38;2;27;26;47mMMMMMM[38;2;3;3;5m$                     [0m
                             [38;2;32;31;57m#[38;2;27;26;47mMMMMMMMMMM[38;2;17;17;30m8[38;2;27;26;47mM[38;2;24;23;42mW[38;2;27;26;47mMMMM[38;2;39;37;56mo[38;2;27;26;48mM[38;2;27;26;47mMM[38;2;24;23;42mW[38;2;27;26;47mMMMM[38;2;24;23;42mW[38;2;27;26;47mM[38;2;6;6;10m@                     [0m
                            [38;2;17;17;30m8[38;2;27;26;48mM[38;2;27;26;47mMMMM[38;2;24;23;42mW[38;2;27;26;47mMM[38;2;20;20;36m&[38;2;27;26;47mMMMM[38;2;27;26;48mM[38;2;27;26;47mMM[38;2;24;23;42mW[38;2;27;26;48mM[38;2;27;26;47mMMMMM[38;2;27;26;48mM[38;2;27;26;47mMMMM[38;2;24;23;42mW[38;2;3;3;5m$                     [0m
                            [38;2;27;26;47mMM[38;2;20;20;36m&[38;2;24;23;42mW[38;2;27;26;47mMMMMMM[38;2;24;23;42mWW[38;2;27;26;47mMMMMMMMMMM[38;2;24;23;42mW[38;2;27;26;48mM[38;2;27;26;47mMMMMMMM                     [0m
                            [38;2;32;31;57m#[38;2;27;26;48mM[38;2;27;26;47mMMMM[38;2;20;20;36m&[38;2;24;23;42mW[38;2;27;26;47mMMMMMM[38;2;24;23;42mWW[38;2;27;26;47mMMMMMMMMMM[38;2;24;23;42mW[38;2;27;26;48mM[38;2;27;26;47mMMMM                    [0m
                            [38;2;27;26;47mMMMMMMMMMMMMMMMMMMMM[38;2;17;17;30m8[38;2;27;26;47mM[38;2;24;23;42mW[38;2;27;26;47mMMMM[38;2;39;37;56mo[38;2;27;26;48mM[38;2;27;26;47mMM[38;2;24;23;42mW[38;2;16;15;28m8                   [0m
                           [38;2;16;15;28m8[38;2;20;20;36m&[38;2;24;23;42mW[38;2;27;26;47mMMMMMM[38;2;24;23;42mWW[38;2;27;26;47mMMMMMMMMMM[38;2;24;23;42mW[38;2;27;26;48mM[38;2;27;26;47mMMMMMM[38;2;20;20;36m&[38;2;24;23;42mW[38;2;27;26;47mMMM[38;2;3;3;5m$                  [0m
                           [38;2;24;23;42mW[38;2;27;26;47mMM[38;2;17;17;30m888[38;2;24;23;42mW[38;2;27;26;47mMMMMMMMMMMM[38;2;27;26;48mM[38;2;27;26;47mMMM[38;2;27;26;48mM[38;2;27;26;47mMM[38;2;24;23;42mW[38;2;20;20;36m&[38;2;27;26;47mMMMMMM[38;2;17;17;30m8[38;2;6;6;10m@                  [0m
                           [38;2;24;23;42mW[38;2;27;26;47mMMMMM[38;2;27;26;48mM[38;2;27;26;47mMMM[38;2;27;26;48mM[38;2;27;26;47mMM[38;2;24;23;42mW[38;2;16;15;28m88[38;2;24;23;42mW[38;2;27;26;48mM[38;2;27;26;47mMMMMM[38;2;20;20;36m&[38;2;17;17;30m8[38;2;6;6;10m@[38;2;27;26;47mM[38;2;16;15;28m88[38;2;17;17;30m8[38;2;32;31;57m#[38;2;27;26;47mMM                    [0m
                          [38;2;12;11;20m%[38;2;27;26;47mM[38;2;24;23;42mW[38;2;27;26;47mMMMM[38;2;17;17;30m8[38;2;27;26;47mM[38;2;24;23;42mWW[38;2;27;26;47mMMMM[38;2;27;26;48mM[38;2;27;26;47mMMMMMM[38;2;27;26;48mM[38;2;24;23;42mW[38;2;27;26;47mMMMMMM[38;2;20;20;36m&[38;2;24;23;42mW[38;2;27;26;47mMM                    [0m
                           [38;2;27;26;47mM[38;2;20;20;36m&[38;2;24;23;42mW[38;2;27;26;47mMMMMMM[38;2;24;23;42mWW[38;2;27;26;47mMMMMMMMMMM[38;2;24;23;42mW[38;2;27;26;48mM[38;2;27;26;47mMMMMMMMMMM[38;2;9;8;14mB                   [0m
                          [38;2;24;23;42mW[38;2;27;26;48mM[38;2;27;26;47mMMMMMM[38;2;17;17;30m8[38;2;27;26;47mM[38;2;24;23;42mW[38;2;27;26;47mMMMM[38;2;39;37;56mo[38;2;27;26;48mM[38;2;27;26;47mMM[38;2;24;23;42mW[38;2;27;26;47mMMMM[38;2;24;23;42mW[38;2;27;26;47mMMMMMMMMMM                   [0m
                          [38;2;27;26;47mMMMMMMM[38;2;27;26;48mM[38;2;27;26;47mMMM[38;2;27;26;48mM[38;2;27;26;47mMM[38;2;39;37;56mo[38;2;27;26;47mMM[38;2;27;26;48mM[38;2;24;23;42mW[38;2;27;26;47mMMMMMM[38;2;24;23;42mW[38;2;27;26;47mMMMMMMM[38;2;27;26;48mM[38;2;27;26;47mM[38;2;12;11;20m%                  [0m
                         [38;2;27;26;48mM[38;2;27;26;47mMMMMMMMMMMMMMM[38;2;27;26;48mM[38;2;27;26;47mM[38;2;27;26;48mM[38;2;27;26;47mMMMMMMM[38;2;27;26;48mM[38;2;27;26;47mM[38;2;24;23;42mW[38;2;27;26;47mMMMM[38;2;17;17;30m8[38;2;27;26;47mM[38;2;24;23;42mWW[38;2;3;3;5m$                  [0m
                        [38;2;27;26;48mM[38;2;27;26;47mMMMMMMM[38;2;27;26;48mM[38;2;27;26;47mMMMMMMMM[38;2;27;26;48mM[38;2;27;26;47mMMMMMMMMMMMMMMMMMMM[38;2;12;11;20m%                  [0m
                      [38;2;16;15;28m8[38;2;27;26;48mM[38;2;20;20;36m&[38;2;24;23;42mW[38;2;27;26;47mMMMMMM[38;2;24;23;42mWW[38;2;27;26;47mMMM[38;2;20;20;36m&[38;2;27;26;47mM[38;2;17;17;30m8[38;2;27;26;47mMMMMMM[38;2;17;17;30m8[38;2;27;26;47mM[38;2;24;23;42mW[38;2;27;26;47mMMMM[38;2;39;37;56mo[38;2;27;26;48mM[38;2;27;26;47mMM[38;2;24;23;42mW[38;2;27;26;47mMMMM[38;2;3;3;5m$                 [0m
                      [38;2;24;23;42mW[38;2;20;20;36m&[38;2;27;26;47mMMMM[38;2;27;26;48mM[38;2;27;26;47mMM[38;2;24;23;42mW[38;2;27;26;48mM[38;2;27;26;47mMMMMM[38;2;27;26;48mM[38;2;27;26;47mMMMM[38;2;24;23;42mW[38;2;27;26;47mMM[38;2;24;23;42mW[38;2;27;26;47mMMMMMMM[38;2;27;26;48mM[38;2;27;26;47mMMM[38;2;20;20;36m&[38;2;24;23;42mW[38;2;27;26;47mMM[38;2;3;3;5m$                 [0m
                     [38;2;27;26;47mM[38;2;24;23;42mW[38;2;27;26;47mMMMM[38;2;17;17;30m8[38;2;27;26;47mM[38;2;24;23;42mWW[38;2;27;26;47mMMMM[38;2;27;26;48mM[38;2;27;26;47mMMMMMM[38;2;27;26;48mM[38;2;24;23;42mW[38;2;27;26;47mMMMMMM[38;2;27;26;48mM[38;2;27;26;47mMMMMMM[38;2;27;26;48mM[38;2;27;26;47mMMM[38;2;27;26;48mM                  [0m
                    [38;2;27;26;47mMMMMMM[38;2;17;17;30m8[38;2;27;26;47mM[38;2;24;23;42mW[38;2;27;26;47mMMMM[38;2;39;37;56mo[38;2;27;26;48mM[38;2;27;26;47mM[38;2;20;20;36m&[38;2;27;26;47mMMMMM  MM[38;2;24;23;42mW[38;2;27;26;47mMMMM[38;2;17;17;30m8[38;2;27;26;47mM[38;2;24;23;42mWW[38;2;27;26;47mMMMM[38;2;27;26;48mM[38;2;27;26;47mMM[38;2;3;3;5m$                 [0m
                   [38;2;20;20;36m&&[38;2;24;23;42mW[38;2;27;26;47mMMMMMM[38;2;24;23;42mWW[38;2;27;26;47mMMMMMMMMMM[38;2;24;23;42mW[38;2;16;15;28m8  [38;2;27;26;48mM[38;2;27;26;47mM[38;2;20;20;36m&[38;2;24;23;42mW[38;2;27;26;47mMMMMMM[38;2;24;23;42mWW[38;2;27;26;47mMMMMMM[38;2;16;15;28m8                 [0m
                   [38;2;27;26;48mM[38;2;27;26;47mMMMMMMMMMMMMMMMMMM[38;2;24;23;42mW[38;2;27;26;47mM[38;2;3;3;5m$   [38;2;8;7;13m@[38;2;27;26;47mMMMMMMM[38;2;17;17;30m8[38;2;27;26;47mM[38;2;24;23;42mW[38;2;27;26;47mMMMM[38;2;39;37;56mo[38;2;27;26;48mM[38;2;27;26;47mMM                 [0m
                  [38;2;20;20;36m&[38;2;27;26;47mMMMMMMMMMMMMMMM[38;2;27;26;48mM[38;2;27;26;47mMMMMM     [38;2;27;26;48mM[38;2;27;26;47mMMMMMM[38;2;17;17;30m8[38;2;27;26;47mM[38;2;24;23;42mW[38;2;27;26;47mMMMM[38;2;39;37;56mo[38;2;27;26;48mM[38;2;27;26;47mMM                 [0m
                  [38;2;27;26;47mM[38;2;20;20;36m&[38;2;27;26;47mMMMM[38;2;27;26;48mM[38;2;27;26;47mMM[38;2;24;23;42mW[38;2;27;26;48mM[38;2;27;26;47mMMMMM[38;2;27;26;48mM[38;2;27;26;47mMMM[38;2;20;20;36m&      [38;2;36;34;37m#[38;2;27;26;47mMMMMMMMMMMMMMMM[38;2;27;26;48mM[38;2;27;26;47mM                 [0m
                 [38;2;33;29;39m#[38;2;27;26;47mMMMMM[38;2;27;26;48mM[38;2;27;26;47mMMM[38;2;27;26;48mM[38;2;27;26;47mMM[38;2;39;37;56mo[38;2;27;26;47mMM[38;2;27;26;48mM[38;2;24;23;42mW[38;2;27;26;47mMM[38;2;20;20;36m&       [38;2;9;8;14mB[38;2;27;26;47mMMMMMM[38;2;17;17;30m8[38;2;27;26;47mM[38;2;24;23;42mW[38;2;27;26;47mMMMM[38;2;39;37;56mo[38;2;27;26;48mM[38;2;27;26;47mMM                 [0m
                [38;2;16;15;28m8[38;2;27;26;47mMMMMMM[38;2;27;26;48mM[38;2;27;26;47mMMM[38;2;27;26;48mM[38;2;27;26;47mMM[38;2;39;37;56mo[38;2;27;26;47mMM[38;2;27;26;48mM[38;2;24;23;42mW[38;2;27;26;47mM          [38;2;27;26;48mM[38;2;27;26;47mMMMMMM[38;2;27;26;48mM[38;2;27;26;47mMM[38;2;24;23;42mW[38;2;27;26;47mMMMM[38;2;17;17;30m8[38;2;27;26;47mM                 [0m
                [38;2;27;26;47mMMMMMMM[38;2;27;26;48mM[38;2;27;26;47mMMMMMMM[38;2;27;26;48mM[38;2;27;26;47mMMM           [38;2;24;23;42mW[38;2;27;26;47mMMMMMMMMMMMMMMM[38;2;27;26;48mM[38;2;3;3;5m$                [0m
              [38;2;20;20;36m&[38;2;27;26;47mMMMMMMMMMMMMMMM[38;2;20;20;36m&[38;2;24;23;42mW[38;2;27;26;47mMM             M[38;2;20;20;36m&[38;2;24;23;42mW[38;2;27;26;47mMMMMMM[38;2;24;23;42mWW[38;2;27;26;47mMMMMM[38;2;6;6;10m@                [0m
              [38;2;27;26;47mMMMMMM[38;2;17;17;30m8[38;2;27;26;47mM[38;2;24;23;42mW[38;2;27;26;47mMMMM[38;2;39;37;56mo[38;2;27;26;48mM[38;2;27;26;47mMM[38;2;24;23;42mW                [38;2;27;26;48mM[38;2;20;20;36m&[38;2;27;26;47mMMMM[38;2;27;26;48mM[38;2;27;26;47mMM[38;2;24;23;42mW[38;2;27;26;48mM[38;2;27;26;47mMMM[38;2;20;20;36m&[38;2;16;15;28m8                [0m
             [38;2;17;17;30m8[38;2;27;26;47mMMMMM[38;2;24;23;42mW[38;2;27;26;47mMMM[38;2;24;23;42mW[38;2;27;26;47mMMMMMM[38;2;17;17;30m8                 [38;2;16;15;28m8[38;2;27;26;48mM[38;2;27;26;47mM[38;2;20;20;36m&[38;2;27;26;47mMMMM[38;2;27;26;48mM[38;2;27;26;47mMM[38;2;24;23;42mW[38;2;27;26;48mM[38;2;27;26;47mMMM                [0m
             [38;2;17;17;29m8[38;2;27;26;47mMMMMMMM[38;2;27;26;48mM[38;2;27;26;47mMMM[38;2;27;26;48mM[38;2;27;26;47mMM[38;2;24;23;42mW[38;2;20;20;36m&                    [38;2;27;26;47mM[38;2;20;20;36m&[38;2;27;26;47mMMMM[38;2;27;26;48mM[38;2;27;26;47mMM[38;2;24;23;42mW[38;2;27;26;48mM[38;2;27;26;47mMMM[38;2;3;3;5m$               [0m
             [38;2;24;23;42mW[38;2;27;26;47mMMMMMMM[38;2;27;26;48mM[38;2;27;26;47mMMM[38;2;27;26;48mM[38;2;27;26;47mMM                      [38;2;16;15;28m8[38;2;27;26;47mMM[38;2;20;20;36m&[38;2;27;26;47mMMMM[38;2;27;26;48mM[38;2;27;26;47mMM[38;2;24;23;42mW[38;2;27;26;48mM[38;2;27;26;47mMM               [0m
             [38;2;27;26;48mM[38;2;27;26;47mMMMMM[38;2;27;26;48mM[38;2;27;26;47mMMM[38;2;27;26;48mM[38;2;27;26;47mMM[38;2;24;23;42mW                         [38;2;27;26;47mMMMMMM[38;2;17;17;30m8[38;2;27;26;47mM[38;2;24;23;42mW[38;2;27;26;47mMMMM               [0m
             [38;2;32;31;57m#[38;2;27;26;47mMMMMMMMMMMMM[38;2;16;15;28m8                         [38;2;20;20;36m&[38;2;27;26;47mMMMMMMMMMMMM               [0m
             [38;2;27;26;47mMMMMMMM[38;2;17;17;30m8[38;2;27;26;47mM[38;2;24;23;42mW[38;2;27;26;47mMMM                           [38;2;27;26;48mM[38;2;20;20;36m&[38;2;24;23;42mW[38;2;27;26;47mMMMMMM[38;2;24;23;42mWW[38;2;27;26;47mM               [0m
             [38;2;27;26;48mM[38;2;20;20;36m&[38;2;24;23;42mW[38;2;27;26;47mMMMMMM[38;2;24;23;42mWW[38;2;27;26;47mMM                           [38;2;20;20;36m&[38;2;27;26;47mMM[38;2;24;23;42mW[38;2;27;26;47mMMMM[38;2;17;17;30m8[38;2;27;26;47mM[38;2;24;23;42mWW               [0m
             [38;2;27;26;48mM[38;2;20;20;36m&[38;2;24;23;42mW[38;2;27;26;47mMMMMMM[38;2;24;23;42mWW[38;2;27;26;47mMM                           M[38;2;20;20;36m&[38;2;24;23;42mW[38;2;27;26;47mMMMMMM[38;2;24;23;42mWW[38;2;27;26;47mM               [0m
             [38;2;27;26;48mM[38;2;27;26;47mMM[38;2;24;23;42mW[38;2;27;26;47mMMMM[38;2;17;17;30m8[38;2;27;26;47mM[38;2;24;23;42mWW[38;2;27;26;47mM                           [38;2;12;11;20m%[38;2;27;26;47mMMMMMMMMM[38;2;27;26;48mM[38;2;27;26;47mM               [0m
