                                                                                [0m
                                                                                [0m
                                                                                [0m
                                                                                [0m
                                                                                [0m
                                                                                [0m
                                                                                [0m
                                           [38;2;185;169;154m1[38;2;156;146;134mf[38;2;249;223;204mI[38;2;254;242;214m,[38;2;185;169;154m1                                [0m
                             [38;2;156;146;134mf[38;2;178;162;148m([38;2;233;216;195mi[38;2;3;3;5m$$         [38;2;172;158;147m|[38;2;206;150;136m([38;2;163;117;107mu[38;2;178;127;116mr[38;2;206;150;136m([38;2;255;233;213m:[38;2;255;236;216m:[38;2;172;158;147m|                             [0m
                           [38;2;75;69;66mw[38;2;165;131;121mr[38;2;198;142;129m/[38;2;163;117;107mu[38;2;219;170;155m][38;2;230;211;193m>[38;2;185;169;154m11       [38;2;204;186;170m[[38;2;255;233;213m:[38;2;170;121;110mn[38;2;178;127;116mr[38;2;200;143;130m/[38;2;206;150;136m([38;2;255;233;213m:[38;2;255;236;216m:[38;2;255;233;213m:[38;2;255;236;216m:[38;2;27;26;47mM[38;2;24;23;42mW                          [0m
                         [38;2;87;83;87mO[38;2;255;233;213m:[38;2;255;236;216m:[38;2;219;170;155m][38;2;206;150;136m([38;2;187;134;122mf[38;2;134;99;90mU[38;2;139;100;91mY[38;2;163;117;107mu[38;2;212;195;179m_[38;2;254;242;214m,      [38;2;187;134;122mf[38;2;207;150;137m([38;2;206;150;136m(([38;2;255;233;213m:[38;2;254;242;214m,[38;2;245;225;205mI[38;2;255;233;213m:[38;2;3;3;5m$[38;2;27;26;47mM[38;2;27;26;48mM[38;2;17;17;30m8[38;2;27;26;47mMM                        [0m
                        [38;2;134;119;120mc[38;2;255;236;216m:[38;2;255;233;213m::[38;2;254;242;214m,[38;2;255;236;216m:[38;2;255;233;213m::[38;2;254;242;214m,[38;2;255;233;213m:            [38;2;3;3;5m$[38;2;36;34;37m##[38;2;6;6;10m@[38;2;24;23;42mW[38;2;27;26;47mMMM[38;2;27;26;48mM[38;2;27;26;47mMM[38;2;27;26;48mM[38;2;9;8;14mB                     [0m
                      [38;2;12;11;20m%[38;2;24;23;42mW[38;2;27;26;47mM[38;2;43;41;51mo[38;2;255;236;216m:[38;2;254;242;214m,[38;2;245;225;205mI[38;2;255;233;213m:[38;2;226;212;190m>[38;2;167;154;140m/          [38;2;114;107;116mY[38;2;224;215;234mii[38;2;196;187;204m?[38;2;36;34;37m# [38;2;232;222;242ml  [38;2;9;8;14mB[38;2;27;26;47mMM[38;2;17;17;30m8[38;2;27;26;48mM[38;2;27;26;47mMMMMM                   [0m
                     [38;2;17;17;30m8[38;2;27;26;48mM[38;2;17;17;30m8[38;2;27;26;47mMMMM             [38;2;131;125;138mu[38;2;232;222;242ml[38;2;224;215;234mi[38;2;228;218;238m![38;2;232;222;242mll[38;2;224;215;234mi[38;2;228;218;238m!!![38;2;131;125;138mu [38;2;17;17;30m8[38;2;27;26;47mMM[38;2;27;26;48mM[38;2;27;26;47mMMMMMM                 [0m
                    [38;2;27;26;47mMMM[38;2;27;26;48mM[38;2;27;26;47mMMM           [38;2;224;215;234mii[38;2;228;218;238m!![38;2;224;215;234mi[38;2;228;218;238m![38;2;224;215;234mi[38;2;228;218;238m!!![38;2;224;215;234mi[38;2;228;218;238m![38;2;224;215;234mi[38;2;228;218;238m!!![38;2;224;215;234mi[38;2;8;7;13m@[38;2;27;26;48mMM[38;2;27;26;47mMMM[38;2;27;26;48mM[38;2;27;26;47mMMM               [0m
                   [38;2;27;26;48mM[38;2;27;26;47mMM[38;2;27;26;48mM[38;2;27;26;47mMM[38;2;16;15;27m8           [38;2;147;135;145mx[38;2;216;207;226m<[38;2;224;215;234mi[38;2;228;218;238m![38;2;180;172;187m}[38;2;232;222;242ml[38;2;156;149;163mt[38;2;224;215;234mi[38;2;232;222;242ml[38;2;228;218;238m!!!!!!![38;2;232;222;242ml[38;2;228;218;238m!![38;2;88;85;105m0[38;2;27;26;48mM[38;2;27;26;47mMMMMMMMM[38;2;12;11;20m%             [0m
                  [38;2;27;26;48mM[38;2;17;17;30m8[38;2;27;26;47mMMMM           [38;2;75;69;66mw[38;2;232;222;242ml[38;2;156;149;163mt[38;2;216;207;226m<[38;2;228;218;238m![38;2;106;100;91mC[38;2;232;222;242ml[38;2;125;90;83mC[38;2;99;75;71mZ[38;2;232;222;242ml[38;2;75;69;66mw[38;2;228;218;238m![38;2;232;222;242ml[38;2;228;218;238m!!!!!!!![38;2;232;222;242ml[38;2;208;199;217m+[38;2;27;26;47mMMMMMM[38;2;27;26;48mM[38;2;27;26;47mMMM            [0m
                [38;2;3;3;5m$[38;2;27;26;48mM[38;2;27;26;47mMMMMM[38;2;16;15;27m8            [38;2;232;222;242ml[38;2;211;202;220m~[38;2;3;3;5m$[38;2;188;180;196m][38;2;148;141;154mj[38;2;36;34;37m#[38;2;38;37;67mo[38;2;27;26;48mM[38;2;27;26;47mM[38;2;131;125;138mu[38;2;170;121;110mn[38;2;188;180;196m][38;2;232;222;242mll[38;2;228;218;238m!!!!!!![38;2;204;195;212m_[38;2;3;3;5m$[38;2;27;26;48mM[38;2;27;26;47mMMMMMMMMM           [0m
               [38;2;6;6;10m@[38;2;27;26;47mMM[38;2;27;26;48mM[38;2;27;26;47mMMMM            [38;2;156;149;163mt[38;2;104;99;108mJ[38;2;196;187;204m?[38;2;212;161;147m}[38;2;255;233;213m:[38;2;255;236;216m:[38;2;255;233;213m:[38;2;3;3;5m$$[38;2;255;233;213m:[38;2;230;211;193m>[38;2;131;125;138mu[38;2;147;135;145mx[38;2;224;215;234mi[38;2;228;218;238m![38;2;162;152;164m/[38;2;220;210;229m>[38;2;232;222;242ml[38;2;175;168;183m1[38;2;228;218;238m![38;2;232;222;242ml[38;2;228;218;238m!  [38;2;139;131;141mn[38;2;27;26;48mMM[38;2;27;26;47mMMMMMM[38;2;27;26;48mM           [0m
              [38;2;29;26;35mW[38;2;27;26;47mM[38;2;17;17;30m8[38;2;27;26;48mM[38;2;27;26;47mMMMM[38;2;16;15;27m8               [38;2;254;242;214m,[38;2;255;236;216m:[38;2;254;242;214m,[38;2;243;221;202ml[38;2;204;186;170m[[38;2;254;242;214m,[38;2;245;225;205mI[38;2;255;233;213m:[38;2;255;236;216m:[38;2;255;233;213m:[38;2;167;154;140m/[38;2;148;141;154mj[38;2;158;114;104mv[38;2;178;127;116mr[38;2;224;215;234mi[38;2;139;131;141mn[38;2;232;222;242mll[38;2;228;218;238m![38;2;172;164;179m)  [38;2;27;26;47mMMMMMMMM[38;2;16;15;27m8           [0m
              [38;2;27;26;47mMM[38;2;27;26;48mM[38;2;27;26;47mMMMMMM[38;2;16;15;27m8              [38;2;255;236;216m::[38;2;255;233;213m:::[38;2;254;242;214m,[38;2;245;225;205mI[38;2;255;233;213m:[38;2;255;236;216m:[38;2;255;233;213m:[38;2;243;212;194mi[38;2;255;236;216m:[38;2;185;169;154m1[38;2;180;172;187m}[38;2;232;222;242ml[38;2;224;215;234mi[38;2;104;99;108mJ[38;2;204;195;212m_   [38;2;20;20;36m&[38;2;27;26;47mMM[38;2;27;26;48mM[38;2;27;26;47mMMMMM            [0m
              [38;2;27;26;47mMMMMMMMMMMM[38;2;24;23;42mW[38;2;27;26;48mMM    [38;2;3;3;5m$[38;2;16;15;27m8    [38;2;226;212;190m>[38;2;254;242;214m,[38;2;255;233;213m::::[38;2;254;242;214m,[38;2;255;236;216m:[38;2;255;233;213m:[38;2;134;99;90mU[38;2;204;146;133m|[38;2;158;114;104mv[38;2;224;215;234mi[38;2;228;218;238m![38;2;75;69;66mw[38;2;228;218;238m!  [38;2;24;23;42mW [38;2;27;26;47mMM[38;2;27;26;48mM[38;2;17;17;30m8[38;2;27;26;47mMMMMMM            [0m
               [38;2;12;11;20m%[38;2;27;26;47mMM[38;2;27;26;48mM[38;2;27;26;47mMMMMMMM[38;2;24;23;42mW[38;2;27;26;48mM[38;2;27;26;47mMM[38;2;17;17;30m8 [38;2;27;26;48mM[38;2;27;26;47mM[38;2;27;26;48mM[38;2;17;17;30m8[38;2;27;26;47mMM[38;2;3;3;5m$[38;2;136;116;108mc[38;2;134;119;120mc[38;2;204;146;133m||[38;2;206;150;136m([38;2;204;146;133m|[38;2;206;150;136m([38;2;204;146;133m|[38;2;207;150;137m([38;2;200;143;130m/[38;2;207;150;137m([38;2;87;83;87mO[38;2;224;215;234mi    [38;2;27;26;47mM[38;2;20;20;36m&[38;2;27;26;47mMMMM[38;2;27;26;48mM[38;2;17;17;30m8[38;2;27;26;47mMMM             [0m
                 [38;2;16;15;27m8[38;2;27;26;47mMMMM[38;2;17;17;30m8[38;2;27;26;48mM[38;2;27;26;47mMMMMMM[38;2;27;26;48mM[38;2;24;23;42mW[38;2;20;20;36m&[38;2;27;26;47mMMMMMMMMMMM[38;2;139;100;91mY[38;2;16;15;27m8[38;2;27;26;48mM[38;2;27;26;47mMMMMM  M[38;2;27;26;48mM[38;2;27;26;47mMMMMMMMM[38;2;24;23;42mW[38;2;27;26;48mM[38;2;3;3;5m$             [0m
                    [38;2;27;26;47mMM[38;2;27;26;48mM[38;2;27;26;47mMMMMMMM[38;2;24;23;42mW[38;2;27;26;48mM[38;2;27;26;47mMMMMMM[38;2;27;26;48mM[38;2;27;26;47mM[38;2;3;3;5m$[38;2;27;26;48mM[38;2;27;26;47mMMMMMMMM[38;2;24;23;42mW[38;2;27;26;48mM[38;2;27;26;47mMMMMMM[38;2;17;17;30m8[38;2;27;26;48mM[38;2;27;26;47mMMMMM[38;2;3;3;5m$              [0m
                      [38;2;3;3;5m$[38;2;27;26;48mM[38;2;27;26;47mMMMMM[38;2;27;26;48mM[38;2;27;26;47mMMMMMMMM[38;2;27;26;48mM[38;2;17;17;30m8[38;2;27;26;47mMMMMM[38;2;16;15;27m8[38;2;24;23;42mW[38;2;27;26;47mMMMMM[38;2;27;26;48mM[38;2;27;26;47mM[38;2;27;26;48mM[38;2;27;26;47mM[38;2;17;17;30m8[38;2;27;26;48mM[38;2;27;26;47mMMMMMM[38;2;6;6;10m@               [0m
                         [38;2;12;11;20m%[38;2;27;26;47mMMMM[38;2;17;17;30m8[38;2;27;26;48mM[38;2;27;26;47mMMMMMM[38;2;27;26;48mM[38;2;24;23;42mW[38;2;20;20;36m&[38;2;27;26;47mMMMMMM[38;2;27;26;48mM[38;2;16;15;27m8[38;2;20;20;36m&[38;2;12;11;20m%[38;2;17;17;30m8[38;2;80;67;22mp[38;2;27;26;48mM[38;2;27;26;47mMMMMM[38;2;27;26;48mM[38;2;27;26;47mMMM[38;2;16;15;27m8                [0m
                            [38;2;27;26;48mM[38;2;27;26;47mM[38;2;17;17;30m8[38;2;24;23;42mW[38;2;27;26;47mMMM[38;2;24;23;42mW[38;2;27;26;47mM[38;2;27;26;48mM[38;2;27;26;47mMMMMMMMM[38;2;24;23;42mW[38;2;27;26;48mM[38;2;27;26;47mM[38;2;27;26;48mM[38;2;27;26;47mMM[38;2;20;20;36m&[38;2;27;26;47mMMM[38;2;27;26;48mM[38;2;27;26;47mMMMMM                  [0m
                              [38;2;3;3;5m$[38;2;16;15;27m8[38;2;27;26;47mMM[38;2;27;26;48mM[38;2;27;26;47mMMMMMMM[38;2;24;23;42mW[38;2;27;26;48mM[38;2;27;26;47mMMMMMM[38;2;27;26;48mM[38;2;27;26;47mMMMMMMMMM[38;2;16;15;27m8                   [0m
                               [38;2;17;17;30m8[38;2;27;26;47mMM[38;2;27;26;48mM[38;2;27;26;47mMMMMMMM[38;2;24;23;42mW[38;2;27;26;48mM[38;2;27;26;47mMMMMMM[38;2;27;26;48mM[38;2;27;26;47mM[38;2;20;20;36m&[38;2;27;26;48mM[38;2;27;26;47mMMMMM[38;2;16;15;27m8                    [0m
                               [38;2;27;26;48mM[38;2;27;26;47mMMMMM[38;2;27;26;48mMM[38;2;17;17;30m8[38;2;27;26;47mMMMMMMM[38;2;27;26;48mMM[38;2;20;20;36m&[38;2;27;26;48mM[38;2;27;26;47mMMMM[38;2;27;26;48mM[38;2;27;26;47mMM[38;2;12;11;20m%                     [0m
                              [38;2;16;15;27m8[38;2;27;26;48mMM[38;2;17;17;30m8[38;2;27;26;47mMMMMMMM[38;2;27;26;48mMM[38;2;20;20;36m&[38;2;27;26;48mM[38;2;27;26;47mMMM[38;2;20;20;36m&[38;2;27;26;47mM[38;2;20;20;36m&[38;2;27;26;47mM[38;2;16;15;27m88[38;2;27;26;47mMM[38;2;17;17;30m8[38;2;27;26;47mM[38;2;9;8;14mB                     [0m
                              [38;2;27;26;48mMM[38;2;27;26;47mMMMMMMMMMM[38;2;17;17;30m8[38;2;27;26;48mM[38;2;27;26;47mMMMMMM[38;2;27;26;48mM[38;2;24;23;42mW[38;2;20;20;36m&[38;2;27;26;47mMMMMMM                     [0m
                             [38;2;12;11;20m%[38;2;27;26;47mMM[38;2;27;26;48mM[38;2;27;26;47mMMMMMMM[38;2;24;23;42mW[38;2;27;26;48mM[38;2;27;26;47mMMMMMM[38;2;27;26;48mM[38;2;27;26;47mM[38;2;20;20;36m&[38;2;24;23;42mW[38;2;27;26;48mMM[38;2;27;26;47mMMMMM                     [0m
                             [38;2;17;17;30m8[38;2;27;26;47mMMMMMMM[38;2;27;26;48mM[38;2;27;26;47mMMMMMMMM[38;2;24;23;42mW[38;2;27;26;48mM[38;2;27;26;47mM[38;2;27;26;48mM[38;2;27;26;47mMMM[38;2;20;20;36m&[38;2;24;23;42mW[38;2;20;20;36m&[38;2;27;26;48mMM[38;2;27;26;47mM                     [0m
                             [38;2;12;11;20m%[38;2;27;26;48mM[38;2;17;17;30m8[38;2;27;26;47mMMMMMMM[38;2;27;26;48mMM[38;2;20;20;36m&[38;2;27;26;48mM[38;2;27;26;47mMMM[38;2;20;20;36m&[38;2;27;26;47mM[38;2;20;20;36m&[38;2;27;26;47mM[38;2;27;26;48mM[38;2;27;26;47mMMMMM[38;2;17;17;30m8[38;2;27;26;48mM[38;2;27;26;47mM                     [0m
                             [38;2;27;26;47mM[38;2;27;26;48mM[38;2;17;17;30m8[38;2;27;26;47mMMMMMMM[38;2;27;26;48mMM[38;2;20;20;36m&[38;2;27;26;48mM[38;2;27;26;47mMMM[38;2;20;20;36m&[38;2;27;26;47mM[38;2;20;20;36m&[38;2;27;26;47mM[38;2;27;26;48mM[38;2;27;26;47mMM[38;2;17;17;30m8[38;2;27;26;47mMMMMM[38;2;9;8;14mB                    [0m
                             [38;2;24;23;42mW[38;2;27;26;47mMMM[38;2;24;23;42mW[38;2;27;26;47mMM[38;2;27;26;48mM[38;2;17;17;30m8[38;2;27;26;47mMMMMMMM[38;2;27;26;48mMM[38;2;20;20;36m&[38;2;27;26;48mM[38;2;27;26;47mMMM[38;2;20;20;36m&[38;2;27;26;47mM[38;2;20;20;36m&[38;2;27;26;47mM[38;2;27;26;48mM[38;2;27;26;47mMM[38;2;17;17;30m8                    [0m
                             [38;2;27;26;48mM[38;2;27;26;47mMMMMM[38;2;27;26;48mM[38;2;27;26;47mM[38;2;27;26;48mM[38;2;27;26;47mMMMMMMMM[38;2;24;23;42mW[38;2;27;26;48mM[38;2;27;26;47mM[38;2;27;26;48mM[38;2;27;26;47mMM[38;2;20;20;36m&[38;2;27;26;47mMM[38;2;27;26;48mM[38;2;27;26;47mMMMM                    [0m
                             [38;2;27;26;48mM[38;2;27;26;47mMMMMMMMMMMMMM[38;2;27;26;48mM[38;2;27;26;47mMMMMMMMM[38;2;24;23;42mW[38;2;27;26;48mM[38;2;27;26;47mM[38;2;27;26;48mM[38;2;27;26;47mMMM[38;2;20;20;36m&[38;2;24;23;42mW                   [0m
                            [38;2;17;17;30m8[38;2;27;26;47mMM[38;2;17;17;30m8[38;2;27;26;47mMMM[38;2;17;17;30m8[38;2;27;26;47mM[38;2;27;26;48mM[38;2;27;26;47mMMMMMMMM[38;2;24;23;42mW[38;2;27;26;48mM[38;2;27;26;47mM[38;2;27;26;48mM[38;2;27;26;47mMMM[38;2;20;20;36m&[38;2;24;23;42mW[38;2;20;20;36m&[38;2;27;26;48mMM[38;2;27;26;47mMMMM                  [0m
                            [38;2;27;26;47mMMMMMMMMMM[38;2;27;26;48mM[38;2;27;26;47mMMMMMMM[38;2;24;23;42mW[38;2;27;26;48mM[38;2;27;26;47mMMMMMM[38;2;27;26;48mM[38;2;27;26;47mM[38;2;20;20;36m&[38;2;24;23;42mW[38;2;27;26;48mM[38;2;27;26;47mMMM                  [0m
                            [38;2;24;23;42mW[38;2;27;26;47mMMMMM[38;2;27;26;48mM[38;2;27;26;47mM[38;2;27;26;48mM[38;2;27;26;47mMMMMMMM[38;2;27;26;48mM[38;2;27;26;47mMMMMMMM[38;2;24;23;42mW[38;2;27;26;48mM[38;2;27;26;47mMMMMMM[38;2;27;26;48mM[38;2;3;3;5m$                  [0m
                           [38;2;12;11;20m%[38;2;27;26;47mMM[38;2;17;17;30m8[38;2;27;26;48mM[38;2;27;26;47mMMMMMM[38;2;27;26;48mM[38;2;24;23;42mW[38;2;20;20;36m&[38;2;27;26;47mMMMMMM[38;2;27;26;48mM[38;2;27;26;47mM[38;2;20;20;36m&[38;2;27;26;47mM[38;2;27;26;48mM[38;2;27;26;47mMMM[38;2;24;23;42mW[38;2;27;26;47mM[38;2;3;3;5m$[38;2;27;26;47mM                     [0m
                          [38;2;9;8;14mB[38;2;27;26;48mM[38;2;27;26;47mMMMMM[38;2;27;26;48mM[38;2;27;26;47mMM[38;2;12;11;20m%[38;2;17;17;30m8[38;2;20;20;36m&[38;2;27;26;48mM[38;2;27;26;47mMMMMM[38;2;27;26;48mM[38;2;27;26;47mMM[38;2;27;26;48mM[38;2;16;15;27m8[38;2;12;11;20m%[38;2;16;15;27m8[38;2;27;26;48mM[38;2;20;20;36m&[38;2;27;26;47mMMMMM                     [0m
                          [38;2;17;17;30m8[38;2;27;26;47mMM[38;2;27;26;48mM[38;2;27;26;47mMMMMMMMM[38;2;24;23;42mW[38;2;27;26;48mM[38;2;27;26;47mM[38;2;27;26;48mM[38;2;27;26;47mMMM[38;2;20;20;36m&[38;2;24;23;42mW[38;2;20;20;36m&[38;2;27;26;48mMM[38;2;27;26;47mMMMMMMMMM                     [0m
                          [38;2;27;26;48mMM[38;2;27;26;47mMMMMMMMMMMMMMMMMMMMMMMM[38;2;24;23;42mW[38;2;27;26;48mM[38;2;27;26;47mMMMMMM[38;2;24;23;42mW                    [0m
                         [38;2;27;26;48mM[38;2;27;26;47mMMMMMMMMM[38;2;24;23;42mW[38;2;27;26;48mM[38;2;27;26;47mMMMMMM[38;2;24;23;42mW[38;2;27;26;47mM[38;2;27;26;48mM[38;2;24;23;42mW[38;2;27;26;47mMMMMMMMMMMMMM                    [0m
                        [38;2;27;26;47mMM[38;2;17;17;30m8[38;2;27;26;48mM[38;2;27;26;47mMMMMMM[38;2;27;26;48mM[38;2;24;23;42mW[38;2;20;20;36m&[38;2;27;26;47mMMMMMM[38;2;27;26;48mM[38;2;27;26;47mM[38;2;20;20;36m&[38;2;27;26;47mM[38;2;27;26;48mM[38;2;27;26;47mMMM[38;2;24;23;42mW[38;2;27;26;47mMMMMMM[38;2;24;23;42mW[38;2;27;26;47mM                    [0m
                      [38;2;12;11;20m%[38;2;27;26;48mM[38;2;27;26;47mMMMMMMMMMMMMMMMM[38;2;27;26;48mMM[38;2;27;26;47mMMMMMMMMMMMMMMM[38;2;24;23;42mW[38;2;27;26;48mM[38;2;17;17;30m8[38;2;16;15;27m8                   [0m
                      [38;2;27;26;47mMMMMMMMM[38;2;17;17;30m8[38;2;27;26;47mM[38;2;27;26;48mMM[38;2;27;26;47mMMMMMMMMMMMMMMM[38;2;24;23;42mW[38;2;27;26;47mMM[38;2;27;26;48mM[38;2;27;26;47mMMMMMMM [38;2;3;3;5m$                  [0m
                    [38;2;20;20;36m&[38;2;27;26;48mM[38;2;27;26;47mMMMMMMMMM[38;2;27;26;48mM[38;2;27;26;47mMMMMMM[38;2;17;17;30m8[38;2;12;11;20m%[38;2;27;26;47mM[38;2;24;23;42mW[38;2;27;26;47mMMMMM[38;2;27;26;48mM[38;2;27;26;47mM[38;2;27;26;48mM[38;2;27;26;47mMMMMMMMMMM[38;2;16;15;27m8[38;2;3;3;5m$                  [0m
                    [38;2;27;26;47mMMMM[38;2;27;26;48mM[38;2;27;26;47mMMMMMMM[38;2;24;23;42mW[38;2;27;26;48mM[38;2;27;26;47mMMMMMM[38;2;16;15;27m8[38;2;27;26;47mM[38;2;27;26;48mM[38;2;27;26;47mMMMMMMMMMMMMMMMMMM                   [0m
                  [38;2;3;3;5m$[38;2;27;26;48mM[38;2;27;26;47mMMMMMMMMM[38;2;27;26;48mMM[38;2;17;17;30m8[38;2;27;26;47mMMMM[38;2;27;26;48mM[38;2;27;26;47mMMM  MM[38;2;17;17;30m8[38;2;27;26;47mMMM[38;2;17;17;30m8[38;2;27;26;47mMMMMM[38;2;27;26;48mM[38;2;27;26;47mMMMMMM[38;2;3;3;5m$                  [0m
                  [38;2;27;26;47mMM[38;2;17;17;30m8[38;2;27;26;48mM[38;2;27;26;47mMMMMMM[38;2;27;26;48mM[38;2;24;23;42mW[38;2;20;20;36m&[38;2;27;26;47mMMMMMM[38;2;27;26;48mM    [38;2;3;3;5m$[38;2;27;26;48mM[38;2;27;26;47mMMMMMMMMM[38;2;24;23;42mW[38;2;27;26;48mM[38;2;27;26;47mMMMMMM[38;2;24;23;42mW                  [0m
                 [38;2;20;20;36m&[38;2;27;26;47mMMMMMMMMMMMMMMMMMMM       MMMMMMMM[38;2;17;17;30m8[38;2;27;26;47mM[38;2;27;26;48mM[38;2;24;23;42mW[38;2;27;26;47mM[38;2;27;26;48mM[38;2;27;26;47mMMMM                  [0m
                 [38;2;24;23;42mW[38;2;27;26;47mM[38;2;27;26;48mM[38;2;27;26;47mMMMMMMMM[38;2;24;23;42mW[38;2;27;26;48mM[38;2;27;26;47mM[38;2;27;26;48mM[38;2;27;26;47mMMM[38;2;20;20;36m&        [38;2;8;7;13m@[38;2;24;23;42mW[38;2;27;26;47mMMMMM[38;2;27;26;48mM[38;2;27;26;47mM[38;2;27;26;48mM[38;2;27;26;47mMMMMMMMM                  [0m
                [38;2;27;26;48mM[38;2;27;26;47mMMMMM[38;2;27;26;48mM[38;2;27;26;47mMM[38;2;24;23;42mW[38;2;27;26;47mM[38;2;24;23;42mW[38;2;27;26;47mMMM[38;2;27;26;48mM[38;2;27;26;47mMMM          [38;2;27;26;48mMM[38;2;27;26;47mMMMMMMMMMMMMMMM                  [0m
               [38;2;12;11;20m%[38;2;27;26;48mM[38;2;17;17;30m8[38;2;27;26;47mMMMMMMM[38;2;27;26;48mMM[38;2;20;20;36m&[38;2;27;26;48mM[38;2;27;26;47mMMM[38;2;20;20;36m&[38;2;27;26;47mM            [38;2;24;23;42mW[38;2;27;26;47mMMMMM[38;2;27;26;48mM[38;2;27;26;47mM[38;2;27;26;48mM[38;2;27;26;47mMMMMMMM                  [0m
              [38;2;27;26;47mMM[38;2;17;17;30m8[38;2;27;26;48mM[38;2;27;26;47mMMMMMM[38;2;27;26;48mM[38;2;24;23;42mW[38;2;20;20;36m&[38;2;27;26;47mMMMMMM             MM[38;2;17;17;30m8[38;2;27;26;48mM[38;2;27;26;47mMMMMMM[38;2;27;26;48mM[38;2;24;23;42mW[38;2;20;20;36m&[38;2;27;26;47mMMM                  [0m
             [38;2;12;11;20m%[38;2;27;26;47mMM[38;2;27;26;48mM[38;2;17;17;30m8[38;2;27;26;47mMMMMMMM[38;2;27;26;48mMM[38;2;20;20;36m&[38;2;27;26;48mM[38;2;27;26;47mMM[38;2;16;15;27m8              [38;2;20;20;36m&[38;2;27;26;47mM[38;2;27;26;48mM[38;2;17;17;30m8[38;2;27;26;47mMMMMMMM[38;2;27;26;48mMM[38;2;20;20;36m&[38;2;27;26;48mM[38;2;27;26;47mM                  [0m
             [38;2;27;26;48mM[38;2;27;26;47mMM[38;2;27;26;48mM[38;2;27;26;47mMMMMMMM[38;2;24;23;42mW[38;2;27;26;48mM[38;2;27;26;47mMMMMM               [38;2;12;11;20m%[38;2;27;26;47mMMMMMMMMMM[38;2;24;23;42mW[38;2;27;26;48mM[38;2;27;26;47mMMM                  [0m
             [38;2;27;26;48mMM[38;2;17;17;30m8[38;2;27;26;47mMMMMMMM[38;2;27;26;48mMM[38;2;20;20;36m&[38;2;27;26;48mM[38;2;27;26;47mMMM                 MMMMMMMMMM[38;2;24;23;42mW[38;2;27;26;48mM[38;2;27;26;47mMMM[38;2;3;3;5m$                 [0m
             [38;2;27;26;48mM[38;2;27;26;47mMMMMMMMMMMMMMMM                  [38;2;16;15;27m8[38;2;27;26;48mM[38;2;27;26;47mMMMMMMMMMMMMM[38;2;12;11;20m%                 [0m
             [38;2;27;26;48mM[38;2;27;26;47mMM[38;2;17;17;30m8[38;2;27;26;48mM[38;2;27;26;47mMMMMMM[38;2;27;26;48mM[38;2;24;23;42mW[38;2;20;20;36m&[38;2;12;11;20m%                    [38;2;27;26;47mMM[38;2;17;17;30m8[38;2;27;26;48mM[38;2;27;26;47mMMMMMM[38;2;27;26;48mM[38;2;24;23;42mW[38;2;20;20;36m&[38;2;27;26;47mM[38;2;17;17;30m8                 [0m
             [38;2;27;26;48mM[38;2;27;26;47mMMMMMMMMMMMM                      [38;2;3;3;5m$[38;2;27;26;48mM[38;2;27;26;47mMMMMMMMMMMMMMM                [0m
             [38;2;27;26;48mM[38;2;27;26;47mMMMMMMMMM[38;2;24;23;42mW[38;2;27;26;48mM                         [38;2;27;26;47mMMMM[38;2;27;26;48mM[38;2;27;26;47mMMMMMMM[38;2;24;23;42mW[38;2;27;26;48mM[38;2;27;26;47mM               [0m
             [38;2;24;23;42mW[38;2;20;20;36m&[38;2;27;26;47mM[38;2;17;17;30m8[38;2;27;26;48mM[38;2;27;26;47mMMMMMM[38;2;27;26;48mM                          [38;2;20;20;36m&[38;2;27;26;48mM[38;2;17;17;30m8[38;2;27;26;47mMMMMMMM[38;2;27;26;48mMM[38;2;20;20;36m&[38;2;27;26;48mM               [0m
             [38;2;24;23;42mW[38;2;20;20;36m&[38;2;27;26;47mMMM[38;2;27;26;48mM[38;2;27;26;47mMMMMMM                           [38;2;27;26;48mMM[38;2;27;26;47mMMMMMMMM[38;2;24;23;42mW[38;2;27;26;48mM[38;2;27;26;47mM               [0m
             [38;2;24;23;42mW[38;2;27;26;47mMMMM[38;2;27;26;48mM[38;2;27;26;47mMMMMMM                           [38;2;24;23;42mW[38;2;27;26;47mMMM[38;2;27;26;48mM[38;2;27;26;47mMMMMMMM[38;2;24;23;42mW               [0m
             [38;2;20;20;36m&[38;2;27;26;47mM[38;2;27;26;48mM[38;2;27;26;47mMMMMMMMM[38;2;24;23;42mW                            [38;2;27;26;48mM[38;2;27;26;47mMMMMMMMMM[38;2;24;23;42mW[38;2;20;20;36m&               [0m
