                                                                                [0m
                                                                                [0m
                                                                                [0m
                                                                                [0m
                                                                                [0m
                                                                                [0m
                                                                                [0m
                                                                                [0m
                                            [38;2;233;216;195mi[38;2;170;121;110mn[38;2;218;200;183m+[38;2;255;236;216m:[38;2;212;195;179m_[38;2;75;69;66mw                              [0m
                                            [38;2;218;200;183m+[38;2;233;216;195mi[38;2;178;127;116mr[38;2;146;104;95mX[38;2;207;150;137m([38;2;255;233;213m:[38;2;255;236;216m::                            [0m
                            [38;2;255;236;216m:[38;2;195;174;158m{[38;2;178;162;148m([38;2;255;236;216m:[38;2;121;118;102mz           [38;2;238;205;187m<[38;2;156;146;134mf[38;2;200;143;130m//[38;2;235;198;181m~[38;2;255;236;216m:[38;2;255;233;213m:[38;2;255;236;216m:[38;2;255;233;213m:[38;2;3;3;5m$[38;2;27;26;47mM                         [0m
                          [38;2;243;221;202ml[38;2;204;146;133m|[38;2;170;121;110mn[38;2;204;146;133m||[38;2;145;117;113mv[38;2;255;236;216m::         [38;2;114;82;75mQ[38;2;208;149;136m(([38;2;238;205;187m<[38;2;255;236;216m:[38;2;255;233;213m:::[38;2;121;118;102mz[38;2;27;26;48mM[38;2;27;26;47mMMMM[38;2;3;3;5m$                      [0m
                        [38;2;178;162;148m([38;2;255;236;216m:[38;2;255;233;213m::[38;2;190;136;124mf[38;2;204;146;133m|[38;2;190;136;124mf[38;2;204;146;133m|[38;2;178;162;148m([38;2;255;236;216m:[38;2;43;41;51mo               [38;2;3;3;5m$[38;2;27;26;48mM[38;2;27;26;47mMMMMMMMM                    [0m
                        [38;2;255;236;216m::[38;2;255;233;213m::::[38;2;255;236;216m::[38;2;204;187;171m?           [38;2;87;83;87mO[38;2;164;156;171m|[38;2;220;210;229m>[38;2;228;218;238m![38;2;188;179;196m][38;2;104;99;108mJ[38;2;162;152;164m/ [38;2;12;11;20m%[38;2;27;26;48mM[38;2;27;26;47mMMMMMMMM                  [0m
                      [38;2;27;26;48mM[38;2;27;26;47mM[38;2;12;11;20m%[38;2;178;162;148m([38;2;255;236;216m::[38;2;154;133;122mx         [38;2;232;222;242ml[38;2;228;218;238m!!!!!!!!!!!!!![38;2;204;195;212m_[38;2;26;24;36mW[38;2;27;26;47mMMM[38;2;17;17;30m8[38;2;27;26;47mMMMMM                [0m
                     [38;2;27;26;48mM[38;2;27;26;47mMMMMM            [38;2;191;183;200m[[38;2;232;222;242ml[38;2;228;218;238m!![38;2;200;191;208m-[38;2;235;224;245mI[38;2;228;218;238m!!!!!![38;2;216;207;226m<[38;2;228;218;238m![38;2;232;222;242ml[38;2;228;218;238m!![38;2;17;17;30m8[38;2;27;26;47mMMMMMMMMM              [0m
                    [38;2;17;17;30m8[38;2;27;26;47mMMMMM            [38;2;172;164;179m)[38;2;235;224;245mI[38;2;228;218;238m!!![38;2;220;210;229m>[38;2;154;133;122mx[38;2;224;215;234mi[38;2;228;218;238m![38;2;232;222;242ml[38;2;228;218;238m!!!!!!!!![38;2;164;156;171m|[38;2;27;26;48mM[38;2;27;26;47mM[38;2;17;17;30m8[38;2;27;26;47mMMMMMMM            [0m
                   [38;2;39;37;56mo[38;2;27;26;47mMMM[38;2;17;17;30m8[38;2;27;26;47mM         [38;2;156;149;162mt[38;2;216;207;226m<[38;2;147;135;145mx[38;2;196;187;204m?[38;2;220;210;229m>[38;2;148;141;154mj[38;2;208;199;217m+[38;2;171;141;130mf[38;2;75;69;66mw[38;2;38;37;67moo[38;2;180;172;187m}[38;2;139;100;91mY[38;2;216;207;226m<[38;2;228;218;238m![38;2;235;224;245mI[38;2;228;218;238m![38;2;232;222;242ml[38;2;228;218;238m!!!!!! [38;2;27;26;48mM[38;2;27;26;47mMMMMMM[38;2;17;17;30m8[38;2;24;23;42mW[38;2;27;26;47mM[38;2;3;3;5m$          [0m
                  [38;2;27;26;48mM[38;2;27;26;47mMMMMM            [38;2;224;215;234mi[38;2;87;83;87mO[38;2;148;141;154mj[38;2;104;99;108mJ[38;2;230;211;193m>[38;2;255;236;216m:[38;2;39;37;56mo[38;2;17;17;30m8[38;2;38;37;67mo[38;2;142;138;119mx[38;2;255;233;213m:[38;2;196;180;164m][38;2;75;69;66mw[38;2;232;222;242ml[38;2;228;218;238m![38;2;232;222;242ml[38;2;228;218;238m!!!!!!!![38;2;39;37;56mo[38;2;27;26;47mMMMMMMMMM          [0m
                 [38;2;24;23;42mW[38;2;27;26;47mMMM[38;2;17;17;30m8[38;2;27;26;47mMM             [38;2;87;83;87mO [38;2;178;127;116mr[38;2;255;236;216m::[38;2;255;233;213m:::::[38;2;156;149;162mt[38;2;228;218;238m![38;2;220;210;229m>[38;2;162;152;164m//[38;2;196;187;204m?[38;2;168;160;175m([38;2;172;164;179m)[38;2;224;215;234mi[38;2;228;218;238m![38;2;232;222;242ml   [38;2;20;20;36m&[38;2;27;26;47mM[38;2;17;17;30m8[38;2;27;26;47mMMMMMM          [0m
                [38;2;27;26;48mM[38;2;27;26;47mMMMMMM                [38;2;196;187;167m[[38;2;185;169;154m11[38;2;204;187;171m?[38;2;254;242;214m,[38;2;255;233;213m::::::[38;2;75;69;66mw[38;2;190;136;124mf[38;2;142;138;119mx[38;2;224;215;234mi[38;2;232;222;242ml[38;2;228;218;238m![38;2;200;191;208m-[38;2;228;218;238m!![38;2;114;107;116mY[38;2;3;3;5m$[38;2;27;26;48mM[38;2;27;26;47mMMMMMMMM          [0m
               [38;2;24;23;42mW[38;2;27;26;47mM[38;2;17;17;30m8[38;2;27;26;47mMMMM[38;2;16;15;27m8                [38;2;230;211;193m>[38;2;255;236;216m::[38;2;255;233;213m:[38;2;255;236;216m:[38;2;255;233;213m::::[38;2;255;236;216m:[38;2;178;127;116mrr[38;2;208;199;217m+[38;2;228;218;238m!![38;2;208;199;217m+ [38;2;196;187;204m?   [38;2;24;23;42mW[38;2;27;26;47mMMMMMMMM[38;2;17;17;30m8          [0m
              [38;2;16;15;27m8[38;2;27;26;47mMMMMMM[38;2;17;17;30m88[38;2;27;26;47mM               [38;2;204;187;171m?[38;2;255;233;213m::[38;2;255;236;216m:[38;2;255;233;213m:[38;2;255;236;216m:[38;2;235;198;181m~[38;2;158;114;104mv[38;2;194;139;126mt[38;2;204;146;133m|[38;2;207;150;137m([38;2;99;75;71mZ[38;2;232;222;242ml[38;2;216;207;226m< [38;2;188;179;196m]    [38;2;27;26;47mM[38;2;17;17;30m8[38;2;27;26;47mMMMMMMM[38;2;24;23;42mW           [0m
              [38;2;24;23;42mW[38;2;27;26;47mMMMMMMMMMMMM[38;2;3;3;5m$    [38;2;17;17;30m8[38;2;27;26;47mMMMMM   [38;2;17;17;30m8[38;2;75;69;66mw[38;2;16;15;27m8[38;2;134;99;90mU[38;2;208;149;136m([38;2;6;6;10m@[38;2;17;17;30m8[38;2;27;26;48mM[38;2;27;26;47mM[38;2;20;20;36m&[38;2;16;15;27m8    [38;2;27;26;48mM[38;2;27;26;47mM[38;2;27;26;48mM[38;2;27;26;47mMMMMMMM[38;2;17;17;30m8[38;2;24;23;42mW            [0m
               [38;2;3;3;5m$[38;2;27;26;47mMMMM[38;2;17;17;30m8[38;2;27;26;47mMMMMMMM[38;2;24;23;42mW[38;2;27;26;47mMM[38;2;16;15;27m8[38;2;27;26;48mMM[38;2;27;26;47mM[38;2;41;40;50mo[38;2;27;26;47mM[38;2;17;17;30m8[38;2;27;26;47mMMMMMM[38;2;24;23;42mW[38;2;43;41;51mo[38;2;27;26;48mM[38;2;27;26;47mMMMMM[38;2;6;6;10m@ [38;2;27;26;47mM[38;2;17;17;30m8[38;2;27;26;47mMM[38;2;27;26;48mM[38;2;27;26;47mMMMMMMMM[38;2;12;11;20m%            [0m
                 [38;2;3;3;5m$[38;2;27;26;47mMMM[38;2;17;17;30m8[38;2;27;26;47mMMMMMM[38;2;24;23;42mWW[38;2;27;26;47mMMMMMMMMMMMMMMMMM[38;2;27;26;48mMM[38;2;27;26;47mM[38;2;17;17;30m8[38;2;27;26;47mMMMMMMM[38;2;24;23;42mW[38;2;27;26;47mMMMM[38;2;27;26;48mM[38;2;27;26;47mMM[38;2;12;11;20m%             [0m
                    [38;2;27;26;48mM[38;2;27;26;47mMMMMMMMMM[38;2;17;17;30m8[38;2;24;23;42mW[38;2;27;26;47mMMMMMMMMM[38;2;17;17;30m8[38;2;27;26;47mMMMMMM[38;2;24;23;42mWW[38;2;27;26;47mMMMMMMMMMMM[38;2;17;17;30m8[38;2;27;26;47mMMM[38;2;12;11;20m%              [0m
                      [38;2;12;11;20m%[38;2;39;37;56mo[38;2;27;26;47mMMMMMM[38;2;17;17;30m8[38;2;27;26;47mMMMMMMM[38;2;24;23;42mW[38;2;27;26;47mMMMM[38;2;27;26;48mM[38;2;27;26;47mMMMM[38;2;17;17;30m8[38;2;16;15;27m88[38;2;20;20;36m&[38;2;29;26;35mW[38;2;137;116;28mY[38;2;27;26;48mM[38;2;27;26;47mMMMMMMMM[38;2;17;17;30m8                [0m
                          [38;2;39;37;56mo[38;2;27;26;48mM[38;2;27;26;47mMMMMMMMMM[38;2;27;26;48mM[38;2;27;26;47mMMMMMM[38;2;17;17;30m8[38;2;24;23;42mW[38;2;27;26;47mMMMMMMMM[38;2;24;23;42mW[38;2;29;26;35mW[38;2;17;17;30m8[38;2;27;26;47mMMMMMM                 [0m
                             [38;2;24;23;42mW[38;2;27;26;47mMMMMM[38;2;17;17;30m8[38;2;27;26;47mMMMMMM[38;2;24;23;42mWW[38;2;27;26;47mMMMMMMMMM[38;2;17;17;30m8[38;2;27;26;48mMM[38;2;27;26;47mMM[38;2;17;17;30m8[38;2;27;26;47mM[38;2;17;17;30m8[38;2;27;26;47mM                  [0m
                                [38;2;27;26;48mM[38;2;27;26;47mMMMMMMMMMMM[38;2;17;17;30m8[38;2;24;23;42mW[38;2;27;26;47mMMMMMMMMM[38;2;27;26;48mM[38;2;27;26;47mMM[38;2;17;17;30m8[38;2;27;26;47mM[38;2;8;7;13m@                   [0m
                                [38;2;27;26;48mM[38;2;27;26;47mMMMMM[38;2;17;17;30m8[38;2;27;26;47mMMMMMMM[38;2;24;23;42mW[38;2;27;26;47mMMMM[38;2;27;26;48mM[38;2;27;26;47mMMM[38;2;24;23;42mW[38;2;27;26;47mMMMM                    [0m
                                [38;2;27;26;47mMMMM[38;2;17;17;30m8[38;2;27;26;47mMMMMMMM[38;2;24;23;42mW[38;2;27;26;47mMMMM[38;2;27;26;48mM[38;2;27;26;47mMMMM[38;2;17;17;30m8[38;2;24;23;42mW[38;2;17;17;30m8[38;2;27;26;47mMMM                    [0m
                               [38;2;16;15;27m8[38;2;27;26;47mMMMM[38;2;17;17;30m8[38;2;27;26;47mMMMMMMM[38;2;24;23;42mW[38;2;27;26;47mMMMM[38;2;27;26;48mM[38;2;27;26;47mMMMMMM[38;2;27;26;48mM[38;2;24;23;42mW[38;2;27;26;47mMM                    [0m
                              [38;2;16;15;27m8[38;2;27;26;48mM[38;2;27;26;47mMMMMMMMMMMMMMMMMMMMMMMM[38;2;27;26;48mMM[38;2;27;26;47mMMM                    [0m
                              [38;2;16;15;27m8[38;2;27;26;48mM[38;2;27;26;47mMMMMMM[38;2;17;17;30m8[38;2;24;23;42mW[38;2;27;26;47mMMMMMMMMMMMM[38;2;24;23;42mW[38;2;27;26;47mM[38;2;27;26;48mMM[38;2;27;26;47mMMMM                    [0m
                              [38;2;24;23;42mW[38;2;27;26;47mMMMMMM[38;2;24;23;42mW[38;2;27;26;47mMMMMMMM[38;2;17;17;30m8[38;2;27;26;47mMMMM[38;2;27;26;48mM[38;2;27;26;47mMMMMMMM[38;2;27;26;48mM[38;2;24;23;42mW                    [0m
                              [38;2;27;26;47mMMMMMMMMMMMMMMMMM[38;2;27;26;48mMM[38;2;27;26;47mMMMMM[38;2;24;23;42mW[38;2;27;26;47mMMMMM                    [0m
                             [38;2;16;15;27m8[38;2;27;26;47mMMMMMM[38;2;17;17;30m8[38;2;24;23;42mW[38;2;27;26;47mMMMMMMMMMMMM[38;2;24;23;42mW[38;2;27;26;47mM[38;2;27;26;48mM[38;2;27;26;47mMMMMMMM                    [0m
                            [38;2;6;6;10m@[38;2;17;17;30m8[38;2;27;26;47mMM[38;2;17;17;30m8[38;2;27;26;47mMMMMMMM[38;2;24;23;42mW[38;2;27;26;47mMMMM[38;2;27;26;48mM[38;2;27;26;47mMMMMMM[38;2;27;26;48mM[38;2;24;23;42mW[38;2;27;26;47mM[38;2;24;23;42mW[38;2;27;26;47mMMMM                    [0m
                            [38;2;27;26;48mMM[38;2;27;26;47mM[38;2;41;40;50mo[38;2;27;26;47mMMMMMMMMMMMMMMM[38;2;27;26;48mMM[38;2;27;26;47mMMMMMM[38;2;27;26;48mM[38;2;24;23;42mW[38;2;27;26;47mM[38;2;24;23;42mW[38;2;27;26;47mMM                   [0m
                           [38;2;3;3;5m$[38;2;27;26;47mMMMMMM[38;2;17;17;30m8[38;2;24;23;42mW[38;2;27;26;47mMMMMMMMMMMMM[38;2;24;23;42mW[38;2;27;26;47mM[38;2;27;26;48mM[38;2;27;26;47mMMMMMM[38;2;17;17;30m8[38;2;27;26;47mMMM[38;2;12;11;20m%                  [0m
                          [38;2;16;15;27m8[38;2;27;26;48mM[38;2;27;26;47mMMMM[38;2;27;26;48mM[38;2;27;26;47mMMMMMMMMM[38;2;17;17;30m8[38;2;24;23;42mW[38;2;27;26;47mMMMMMMMMMMMM[38;2;24;23;42mW[38;2;27;26;47mM[38;2;27;26;48mM[38;2;27;26;47mMMM                  [0m
                          [38;2;20;20;36m&[38;2;17;17;30m88[38;2;16;15;27m8[38;2;24;23;42mW[38;2;27;26;47mMMMMMM[38;2;24;23;42mW[38;2;27;26;47mMMMMMMMM[38;2;17;17;30m8[38;2;24;23;42mW[38;2;27;26;47mMMMMMMMMMMMM[38;2;24;23;42mW[38;2;27;26;47mM                  [0m
                         [38;2;39;37;56mo[38;2;27;26;47mMMMMMMMMM[38;2;27;26;48mM[38;2;27;26;47mMMMMMM[38;2;24;23;42mW[38;2;17;17;30m8[38;2;27;26;47mMMMMMM[38;2;24;23;42mWW[38;2;27;26;47mMMMMMM[38;2;12;11;20m%                     [0m
                        [38;2;12;11;20m%[38;2;27;26;47mMMMMMMMMMMMM[38;2;27;26;48mMM[38;2;27;26;47mMMMMMM[38;2;27;26;48mM[38;2;24;23;42mW[38;2;27;26;47mM[38;2;16;15;27m8[38;2;20;20;36m&[38;2;24;23;42mW[38;2;27;26;47mMMMMMM[38;2;24;23;42mW                      [0m
                        [38;2;27;26;47mMMMMMMM[38;2;17;17;30m8[38;2;27;26;47mMMMMMM[38;2;24;23;42mWW[38;2;27;26;47mMMMMMMMMMMM[38;2;27;26;48mM[38;2;27;26;47mMMMMMM                      [0m
                      [38;2;16;15;27m8[38;2;27;26;47mM[38;2;17;17;30m8[38;2;27;26;47mMMMMMMM[38;2;24;23;42mW[38;2;27;26;47mMMMM[38;2;27;26;48mM[38;2;27;26;47mMMMM[38;2;17;17;30m8[38;2;24;23;42mW[38;2;27;26;47mMMMMMMMM[38;2;17;17;30m8[38;2;24;23;42mW[38;2;27;26;47mMMMM                      [0m
                      [38;2;27;26;47mMMMMMMM[38;2;17;17;30m8[38;2;27;26;47mMMMM[38;2;27;26;48mM[38;2;27;26;47mMMMMMMM[38;2;27;26;48mM[38;2;24;23;42mW[38;2;27;26;47mM[38;2;27;26;48mM[38;2;27;26;47mMMMMMM[38;2;20;20;36m&[38;2;27;26;47mMM[38;2;17;17;30m8[38;2;27;26;47mMM                      [0m
                     [38;2;27;26;48mM[38;2;27;26;47mMMMM[38;2;27;26;48mM[38;2;27;26;47mMMMM[38;2;17;17;30m8[38;2;27;26;47mMMMMMM[38;2;24;23;42mWW[38;2;27;26;47mMMMMMMMMMMM[38;2;27;26;48mM[38;2;27;26;47mMMMMMM[38;2;16;15;27m8                     [0m
                    [38;2;27;26;47mMMM[38;2;17;17;30m8[38;2;27;26;47mMMMMMMMMM[38;2;17;17;30m8[38;2;27;26;47mMMMMMMMMMMMMMMMM[38;2;17;17;30m8[38;2;24;23;42mW[38;2;27;26;47mMMMMMMM [38;2;3;3;5m$                   [0m
                   [38;2;27;26;48mM[38;2;27;26;47mMMMMMM[38;2;17;17;30m8[38;2;24;23;42mW[38;2;27;26;47mMMMMM[38;2;16;15;27m8[38;2;24;23;42mW[38;2;29;26;35mW[38;2;27;26;47mMMMMMMMMMMMMMMM[38;2;27;26;48mMM[38;2;27;26;47mMMMMMM                     [0m
                  [38;2;27;26;47mMMMMMMM[38;2;17;17;30m8[38;2;27;26;47mMMMM[38;2;27;26;48mM[38;2;27;26;47mMMMMMM[38;2;24;23;42mW[38;2;27;26;47mMMM[38;2;17;17;30m8[38;2;27;26;47mMMMMMM[38;2;24;23;42mWW[38;2;27;26;47mMMMMMMMMM                     [0m
                 [38;2;33;29;39m#[38;2;17;17;30m8[38;2;27;26;47mMMMMMMM[38;2;24;23;42mW[38;2;27;26;47mMMMM[38;2;27;26;48mM[38;2;27;26;47mMMMM[38;2;17;17;30m8[38;2;24;23;42mW [38;2;9;8;14mB[38;2;27;26;47mM[38;2;17;17;30m8[38;2;27;26;47mMMM[38;2;12;11;20m%[38;2;27;26;47mM[38;2;27;26;48mM[38;2;27;26;47mMMMMMMMMMMM[38;2;17;17;30m8                    [0m
                [38;2;26;24;36mW[38;2;27;26;47mMMMMMMMMMMMMM[38;2;24;23;42mWW[38;2;27;26;47mMMMM    [38;2;12;11;20m%[38;2;27;26;47mM[38;2;17;17;30m8[38;2;27;26;47mMMMMMMM[38;2;24;23;42mW[38;2;27;26;47mMMMM[38;2;27;26;48mM[38;2;27;26;47mMMMM                    [0m
                [38;2;27;26;47mMMMMMM[38;2;17;17;30m8[38;2;27;26;47mMMMMMMMMMMM[38;2;17;17;30m8       [38;2;27;26;47mMMMMMMMM[38;2;17;17;30m8[38;2;24;23;42mW[38;2;27;26;47mMMMMMMMM                    [0m
               [38;2;24;23;42mW[38;2;17;17;30m8[38;2;27;26;47mMMMMMMM[38;2;24;23;42mW[38;2;27;26;47mMMMM[38;2;27;26;48mM[38;2;27;26;47mMMMM         [38;2;27;26;48mM[38;2;27;26;47mMMMM[38;2;27;26;48mM[38;2;27;26;47mMMM[38;2;17;17;30m8[38;2;27;26;47mMMMMMMM                    [0m
              [38;2;27;26;48mM[38;2;17;17;30m8[38;2;27;26;47mMMMMMM[38;2;24;23;42mWW[38;2;27;26;47mMMMMMMMM            [38;2;27;26;48mM[38;2;27;26;47mMMMMM[38;2;17;17;30m8[38;2;27;26;47mMMMMMMM[38;2;24;23;42mW[38;2;27;26;47mM                    [0m
             [38;2;16;15;27m8[38;2;27;26;47mMMMMMM[38;2;17;17;30m8[38;2;27;26;47mMMMMMMMMMM              [38;2;27;26;48mM[38;2;27;26;47mMMMM[38;2;27;26;48mM[38;2;27;26;47mMMMMMMMMM                    [0m
             [38;2;20;20;36m&[38;2;17;17;30m8[38;2;27;26;47mMMMMMMM[38;2;24;23;42mW[38;2;27;26;47mMMMM[38;2;27;26;48mM[38;2;27;26;47mMM               [38;2;8;7;13m@[38;2;27;26;47mMMMMMMM[38;2;17;17;30m8[38;2;27;26;47mMMMM[38;2;27;26;48mM[38;2;27;26;47mM[38;2;24;23;42mW                   [0m
            [38;2;12;11;20m%[38;2;27;26;47mM[38;2;17;17;30m8[38;2;27;26;47mMMMMMMM[38;2;24;23;42mW[38;2;27;26;47mMMMM[38;2;27;26;48mM[38;2;16;15;27m8                 [38;2;27;26;47mMM[38;2;17;17;30m8[38;2;27;26;47mMMMMMMM[38;2;24;23;42mW[38;2;27;26;47mMMMM                   [0m
            [38;2;27;26;47mMMMMMMM[38;2;17;17;30m8[38;2;27;26;47mMMMM[38;2;27;26;48mM[38;2;27;26;47mMMM                  [38;2;16;15;27m8[38;2;27;26;47mMMMMMM[38;2;17;17;30m8[38;2;27;26;47mMMMMMMM                   [0m
            [38;2;27;26;47mMMMMMMMMMMMMM[38;2;27;26;48mMM[38;2;27;26;47mM                  [38;2;9;8;14mB[38;2;17;17;30m8[38;2;27;26;47mMMMMMM[38;2;24;23;42mWW[38;2;27;26;47mMMMMM[38;2;16;15;27m8                  [0m
            [38;2;27;26;47mMM[38;2;17;17;30m8[38;2;27;26;47mMMMMMMM[38;2;24;23;42mW[38;2;27;26;47mMMMM                   [38;2;20;20;36m&[38;2;27;26;48mM[38;2;27;26;47mMMMMMMMMMMMMMM                  [0m
            [38;2;27;26;48mM[38;2;27;26;47mMMMMMMMMMMMMM                     [38;2;27;26;48mM[38;2;27;26;47mM[38;2;17;17;30m8[38;2;27;26;47mMMMMMM[38;2;24;23;42mWW[38;2;27;26;47mMMMM                  [0m
            [38;2;27;26;48mM[38;2;27;26;47mMMMMMMMMMMMM[38;2;16;15;27m8                     [38;2;24;23;42mW[38;2;27;26;47mMMMMMMM[38;2;17;17;30m8[38;2;27;26;47mMMMM[38;2;27;26;48mM[38;2;27;26;47mMM                 [0m
            [38;2;27;26;48mM[38;2;27;26;47mM[38;2;17;17;30m8[38;2;27;26;47mMMMMMMM[38;2;24;23;42mW[38;2;27;26;47mM[38;2;16;15;27m8                       [38;2;27;26;48mM[38;2;27;26;47mMMMMMMMMMMMMMM[38;2;16;15;27m8                [0m
            [38;2;27;26;48mM[38;2;27;26;47mMMMMMMMMMMM[38;2;16;15;27m8                        [38;2;12;11;20m%[38;2;27;26;47mMMMMMMM[38;2;17;17;30m8[38;2;27;26;47mMMMM[38;2;27;26;48mM[38;2;16;15;27m8                [0m
            [38;2;27;26;47mM[38;2;17;17;30m8[38;2;27;26;47mMMMMMM[38;2;24;23;42mWW[38;2;27;26;47mMM[38;2;24;23;42mW                         [38;2;17;17;30m8[38;2;27;26;47mMMMMMMMMMMMM[38;2;3;3;5m$                [0m
            [38;2;27;26;47mMMMMMMMMMMMM                           MMMMMMMMMMMM[38;2;3;3;5m$                [0m
            [38;2;24;23;42mW[38;2;27;26;47mMMMMMMMMMM[38;2;17;17;30m8                           [38;2;16;15;27m8[38;2;27;26;47mM[38;2;17;17;30m8[38;2;27;26;47mMMMMMM[38;2;24;23;42mWW[38;2;27;26;47mM[38;2;3;3;5m$                [0m
