                                                                                [0m
                                                                                [0m
                                                                                [0m
                                                                                [0m
                                                                                [0m
                                                                                [0m
                                                                                [0m
                                             [38;2;87;83;87mO                                  [0m
                                            [38;2;250;226;206mI[38;2;226;186;169m-[38;2;139;100;91mY[38;2;175;148;135mt[38;2;222;203;186m~[38;2;255;233;213m:[38;2;212;195;179m_[38;2;3;3;5m$                            [0m
                                            [38;2;178;162;148m([38;2;255;237;216m:[38;2;145;104;95mX[38;2;200;143;130m/[38;2;204;146;133m|[38;2;207;150;137m([38;2;255;237;216m::[38;2;238;205;187m<                           [0m
                                            [38;2;255;237;216m:[38;2;204;146;133m|[38;2;206;158;144m1[38;2;139;100;91mY[38;2;228;200;183m~[38;2;255;233;213m::[38;2;255;237;216m:[38;2;148;145;125mj[38;2;43;41;51mo[38;2;24;23;42mW[38;2;27;26;47mMM                       [0m
                            [38;2;204;186;170m[[38;2;238;205;187m<[38;2;255;237;216m:[38;2;172;158;147m|[38;2;255;237;216m:            [38;2;3;3;5m$[38;2;125;90;83mC[38;2;200;143;130m/[38;2;251;230;210m;[38;2;255;233;213m:[38;2;255;237;216m:[38;2;121;118;102mz[38;2;27;26;47mM[38;2;24;23;42mW[38;2;27;26;47mMM[38;2;20;20;36m&[38;2;27;26;47mMM[38;2;16;15;27m8                    [0m
                           [38;2;222;203;186m~[38;2;125;90;83mCC[38;2;204;146;133m|[38;2;194;139;126mt[38;2;255;237;216m::[38;2;156;146;134mf[38;2;75;69;66mw      [38;2;156;149;163mt[38;2;175;168;183m1[38;2;228;218;238m!!![38;2;220;210;229m>[38;2;225;215;234mi[38;2;216;207;226m<[38;2;168;160;175m([38;2;114;109;128mY[38;2;16;15;27m8[38;2;27;26;48mM[38;2;27;26;47mMMMMMMM[38;2;20;20;36m&[38;2;9;8;14mB                 [0m
                         [38;2;195;174;158m{[38;2;255;237;216m:[38;2;255;233;213m:[38;2;206;158;144m1[38;2;204;146;133m|[38;2;200;143;130m/[38;2;180;135;123mf[38;2;170;121;110mn[38;2;222;203;186m~[38;2;245;225;205mI    [38;2;87;83;87mO[38;2;228;218;238m!!!!![38;2;232;222;242ml[38;2;228;218;238m!!!![38;2;232;222;242ml[38;2;228;218;238m!!![38;2;3;3;5m$[38;2;27;26;47mMMM[38;2;24;23;42mW[38;2;27;26;47mMMMMMM               [0m
                        [38;2;121;118;102mz[38;2;255;237;216m:::[38;2;255;233;213m::[38;2;255;237;216m:[38;2;255;233;213m::[38;2;185;169;154m1  [38;2;204;195;212m_[38;2;232;222;242ml[38;2;228;218;238m!!!!!![38;2;232;222;242ml[38;2;228;218;238m!!!!![38;2;232;222;242ml[38;2;228;218;238m!!!!![38;2;16;15;27m8[38;2;20;20;36m&[38;2;27;26;47mMMMMMMM[38;2;20;20;36m&[38;2;27;26;47mM             [0m
                      [38;2;3;3;5m$[38;2;27;26;48mM[38;2;27;26;47mM[38;2;75;69;66mw[38;2;255;233;213m:[38;2;255;237;216m:[38;2;255;233;213m:[38;2;185;169;154m1[38;2;75;69;66mw       [38;2;228;218;238m!!!!![38;2;164;157;171m|[38;2;228;218;238m![38;2;27;26;48mM[38;2;180;172;188m}[38;2;234;224;244mI[38;2;162;152;164m/[38;2;232;222;242ml[38;2;234;224;244mI[38;2;208;199;217m+[38;2;228;218;238m!!!![38;2;104;99;108mJ[38;2;131;125;138mu[38;2;6;6;10m@[38;2;27;26;47mMMMM[38;2;24;23;42mW[38;2;27;26;47mMMMM[38;2;12;11;20m%           [0m
                      [38;2;27;26;48mM[38;2;27;26;47mMMMMM         [38;2;180;172;188m}[38;2;225;215;234mi[38;2;196;187;204m?[38;2;180;172;188m}[38;2;114;107;116mY[38;2;220;210;229m>[38;2;187;134;122mf[38;2;225;215;234mi[38;2;16;15;27m8[38;2;38;37;67mo[38;2;20;20;36m&[38;2;88;85;105m0[38;2;200;169;154m}[38;2;75;69;66mw[38;2;131;125;138mu[38;2;228;218;238m!!!![38;2;204;195;212m_  [38;2;25;22;35mW[38;2;20;20;36m&[38;2;27;26;47mMMMMMM[38;2;20;20;36m&[38;2;27;26;47mM[38;2;20;20;36m&          [0m
                     [38;2;27;26;47mMM[38;2;24;23;42mW[38;2;27;26;47mMMM[38;2;6;6;10m@       [38;2;148;141;154mj[38;2;232;222;242ml[38;2;220;210;229m>[38;2;200;191;209m-[38;2;27;26;47mMM[38;2;16;15;27m8[38;2;204;198;171m-[38;2;239;219;201m![38;2;255;233;213m:[38;2;156;146;134mf[38;2;154;133;122mx[38;2;243;221;202ml[38;2;255;237;216m:[38;2;212;195;179m_[38;2;226;206;189m<[38;2;249;223;204mI[38;2;232;222;242ml[38;2;148;141;154mj[38;2;191;183;200m[[38;2;172;164;179m)[38;2;212;202;221m~[38;2;75;69;66mw   [38;2;27;26;48mM[38;2;27;26;47mMMMMMMMM          [0m
                    [38;2;27;26;47mM[38;2;20;20;36m&[38;2;27;26;47mMMMM          [38;2;87;83;87mO[38;2;220;210;229m>[38;2;232;222;242ml[38;2;225;215;234mi[38;2;212;195;179m_[38;2;255;237;216m:[38;2;207;150;137m([38;2;238;205;187m<[38;2;255;233;213m::[38;2;255;237;216m:[38;2;255;233;213m:::::[38;2;142;138;119mx[38;2;146;104;95mX[38;2;185;169;154m1[38;2;208;199;217m+[38;2;114;107;116mY[38;2;9;8;14mB    [38;2;24;23;42mW[38;2;27;26;47mM[38;2;24;23;42mW[38;2;27;26;47mMMMMM[38;2;16;15;27m8         [0m
                   [38;2;25;22;35mW[38;2;27;26;47mMMMMMM           [38;2;88;85;105m0[38;2;220;210;229m>[38;2;75;69;66mw[38;2;255;237;216m:[38;2;255;233;213m:[38;2;151;136;134mr[38;2;196;187;167m[[38;2;255;237;216m:::[38;2;255;233;213m:::[38;2;255;237;216m:[38;2;221;175;160m[[38;2;204;146;133m|[38;2;154;133;122mx[38;2;232;222;242ml[38;2;12;11;20m%[38;2;228;218;238m![38;2;131;125;138mu    [38;2;20;20;36m&[38;2;27;26;47mMMMMMM[38;2;20;20;36m&[38;2;27;26;47mM         [0m
                  [38;2;16;15;27m8[38;2;27;26;47mMMMMMM               [38;2;178;174;152m1[38;2;255;237;216m:[38;2;255;233;213m:[38;2;255;237;216m:[38;2;255;233;213m::::[38;2;255;237;216m:[38;2;255;233;213m:[38;2;200;143;130m/[38;2;165;131;121mr[38;2;177;126;115mx[38;2;191;183;200m[[38;2;3;3;5m$[38;2;225;215;234mi     [38;2;12;11;20m%[38;2;27;26;47mM[38;2;27;26;48mM[38;2;20;20;36m&[38;2;27;26;47mMMMMM[38;2;16;15;27m8         [0m
                  [38;2;27;26;48mM[38;2;27;26;47mMM[38;2;24;23;42mW[38;2;27;26;47mMM[38;2;3;3;5m$                [38;2;218;200;183m+[38;2;255;233;213m::[38;2;255;237;216m:[38;2;238;205;187m<[38;2;204;146;133m|[38;2;206;158;144m1[38;2;200;143;130m/[38;2;204;146;133m|[38;2;206;158;144m1[38;2;200;143;130m/[38;2;204;146;133m|[38;2;36;34;37m#[38;2;104;99;108mJ      [38;2;27;26;48mM[38;2;27;26;47mMMMMMMM[38;2;27;26;48mM[38;2;3;3;5m$         [0m
                [38;2;3;3;5m$[38;2;27;26;47mMMMMMMM                   [38;2;43;41;51mo[38;2;125;90;83mC[38;2;114;82;75mQ[38;2;163;117;107mu[38;2;204;146;133m|[38;2;75;69;66mw[38;2;12;11;20m%[38;2;27;26;47mMM[38;2;27;26;48mM[38;2;27;26;47mM    [38;2;24;23;42mW[38;2;27;26;48mMMM[38;2;27;26;47mM[38;2;24;23;42mW[38;2;27;26;47mMMMMMM          [0m
                [38;2;27;26;47mM[38;2;20;20;36m&[38;2;27;26;47mMMMMMMM[38;2;3;3;5m$        [38;2;27;26;47mMM[38;2;24;23;42mW[38;2;27;26;47mMMMMMMMMMM[38;2;43;41;51mo[38;2;20;20;36m&[38;2;27;26;47mMMMMMM MM[38;2;27;26;48mM[38;2;27;26;47mMMMMMMM[38;2;20;20;36m&[38;2;27;26;47mM[38;2;24;23;42mW[38;2;3;3;5m$          [0m
                [38;2;27;26;48mM[38;2;27;26;47mMMMMMMMMM[38;2;20;20;36m&[38;2;27;26;47mM[38;2;24;23;42mW[38;2;27;26;47mMM[38;2;16;15;27m8[38;2;17;17;30m88[38;2;27;26;48mM[38;2;27;26;47mMMM[38;2;24;23;42mW[38;2;27;26;47mMMMMMMMMMMM[38;2;24;23;42mW[38;2;27;26;47mMMM[38;2;24;23;42mW[38;2;27;26;47mMMMM[38;2;24;23;42mW[38;2;27;26;47mMMMMMMMM            [0m
                [38;2;16;15;27m8[38;2;27;26;48mM[38;2;27;26;47mMMMMMMMMM[38;2;20;20;36m&[38;2;27;26;47mMM[38;2;20;20;36m&[38;2;27;26;48mM[38;2;27;26;47mMMMMMMMMM[38;2;20;20;36m&[38;2;27;26;47mMM[38;2;20;20;36m&[38;2;27;26;48mM[38;2;24;23;42mW[38;2;27;26;47mMMMMMMMMMM[38;2;27;26;48mM[38;2;27;26;47mM[38;2;27;26;48mMMM[38;2;27;26;47mMMM[38;2;24;23;42mW[38;2;27;26;47mMM            [0m
                  [38;2;3;3;5m$[38;2;27;26;47mMMMMMMM[38;2;20;20;36m&[38;2;27;26;47mM[38;2;24;23;42mW[38;2;27;26;47mMMMM[38;2;27;26;48mMM[38;2;27;26;47mMM[38;2;24;23;42mW[38;2;27;26;47mMMMMMMMMMMMM[38;2;27;26;48mM[38;2;20;20;36m&[38;2;17;17;30m8[38;2;24;23;42mW[38;2;16;15;27m8[38;2;95;81;24mZ[38;2;27;26;48mM[38;2;27;26;47mMMM[38;2;27;26;48mM[38;2;27;26;47mMMMMM[38;2;3;3;5m$             [0m
                     [38;2;3;3;5m$[38;2;27;26;47mM[38;2;27;26;48mM[38;2;27;26;47mM[38;2;24;23;42mW[38;2;27;26;48mM[38;2;27;26;47mMMMMMMM[38;2;20;20;36m&[38;2;27;26;47mM[38;2;24;23;42mW[38;2;27;26;47mMMMM[38;2;27;26;48mMM[38;2;27;26;47mMMMM[38;2;24;23;42mW[38;2;27;26;47mMMMMMMMMM[38;2;6;6;10m@[38;2;27;26;47mMMMMMMM               [0m
                          [38;2;17;17;30m8[38;2;27;26;47mMMMM[38;2;27;26;48mM[38;2;27;26;47mMMMMMMMM[38;2;20;20;36m&[38;2;27;26;47mM[38;2;24;23;42mW[38;2;27;26;47mMMMM[38;2;27;26;48mMM[38;2;27;26;47mMMMMM[38;2;20;20;36m&[38;2;27;26;47mM[38;2;27;26;48mM[38;2;20;20;36m&[38;2;27;26;47mMMMMMM                [0m
                               [38;2;3;3;5m$[38;2;27;26;48mM[38;2;27;26;47mM[38;2;24;23;42mW[38;2;27;26;48mM[38;2;27;26;47mMMMM[38;2;24;23;42mW[38;2;27;26;47mMMMMMMMMMM[38;2;27;26;48mM[38;2;27;26;47mM[38;2;27;26;48mM[38;2;20;20;36m&&[38;2;24;23;42mW[38;2;17;17;30m8[38;2;20;20;36m&[38;2;27;26;47mMMM[38;2;12;11;20m%                 [0m
                                  [38;2;20;20;36m&[38;2;27;26;47mMMMMMM[38;2;24;23;42mW[38;2;27;26;47mMMMMMMMMMMMM[38;2;27;26;48mM[38;2;20;20;36m&[38;2;27;26;47mM[38;2;24;23;42mW[38;2;27;26;47mMMMM                  [0m
                                  [38;2;27;26;48mM[38;2;27;26;47mMMMMM[38;2;20;20;36m&[38;2;27;26;47mMMMMMM[38;2;20;20;36m&[38;2;27;26;47mM[38;2;24;23;42mW[38;2;27;26;47mMMMM[38;2;20;20;36m&[38;2;27;26;48mM[38;2;24;23;42mW[38;2;27;26;47mMMMMM                  [0m
                                 [38;2;16;15;27m8[38;2;27;26;47mMMMMMMMM[38;2;24;23;42mW[38;2;27;26;47mMMMM[38;2;20;20;36m&[38;2;27;26;47mMMM[38;2;24;23;42mW[38;2;27;26;47mMMMMMMMMMM                  [0m
                                [38;2;27;26;47mM[38;2;24;23;42mW[38;2;27;26;47mMMMMMMMMMMMM[38;2;27;26;48mM[38;2;20;20;36m&[38;2;27;26;47mM[38;2;24;23;42mW[38;2;27;26;47mMMMMM[38;2;24;23;42mW[38;2;27;26;47mMMMMM[38;2;16;15;27m8                  [0m
                               [38;2;9;8;14mB[38;2;24;23;42mW[38;2;27;26;47mMMMMMMMMMM[38;2;27;26;48mM[38;2;27;26;47mM[38;2;27;26;48mM[38;2;20;20;36m&&[38;2;24;23;42mW[38;2;27;26;47mMM[38;2;27;26;48mM[38;2;27;26;47mMMM[38;2;24;23;42mW[38;2;27;26;47mMMMMM                   [0m
                              [38;2;20;20;36m&[38;2;27;26;47mMMMMMMM[38;2;20;20;36m&[38;2;27;26;47mMMMMMM[38;2;20;20;36m&[38;2;27;26;47mM[38;2;24;23;42mW[38;2;27;26;47mMMMM[38;2;20;20;36m&[38;2;27;26;48mM[38;2;24;23;42mW[38;2;27;26;47mMMMMM                    [0m
                             [38;2;20;20;36m&[38;2;27;26;48mM[38;2;27;26;47mMMMMMMMMMMMMM[38;2;20;20;36m&[38;2;27;26;47mM[38;2;24;23;42mW[38;2;27;26;47mMMMM[38;2;27;26;48mMM[38;2;27;26;47mMMMMMM[38;2;16;15;27m8                    [0m
                            [38;2;27;26;47mMMMMM[38;2;20;20;36m&[38;2;27;26;47mMMMMMMMMMM[38;2;27;26;48mM[38;2;27;26;47mM[38;2;27;26;48mM[38;2;20;20;36m&&[38;2;24;23;42mW[38;2;27;26;47mMM[38;2;27;26;48mM[38;2;27;26;47mMMMMMM[38;2;3;3;5m$                    [0m
                           [38;2;27;26;47mMMMMMMM[38;2;20;20;36m&[38;2;27;26;47mM[38;2;24;23;42mW[38;2;27;26;47mMMMM[38;2;27;26;48mMM[38;2;27;26;47mMMMMMMM[38;2;27;26;48mM[38;2;27;26;47mM[38;2;27;26;48mM[38;2;20;20;36m&&[38;2;27;26;47mMMM                      [0m
                          [38;2;27;26;48mM[38;2;27;26;47mMMMMMMMMMMM[38;2;20;20;36m&[38;2;27;26;47mM[38;2;24;23;42mW[38;2;27;26;47mMMMM[38;2;27;26;48mMM[38;2;27;26;47mMMMMMMM[38;2;16;15;27m8[38;2;27;26;47mMM[38;2;24;23;42mW                      [0m
                         [38;2;24;23;42mW[38;2;27;26;47mM[38;2;24;23;42mW[38;2;27;26;47mMMMMMMMMMMMM[38;2;27;26;48mM[38;2;20;20;36m&[38;2;27;26;47mM[38;2;24;23;42mW[38;2;27;26;47mMMMMMMMM[38;2;20;20;36m&[38;2;27;26;47mMM[38;2;27;26;48mM[38;2;27;26;47mM[38;2;16;15;27m8                      [0m
                        [38;2;17;17;30m8[38;2;27;26;47mMMMMMMM[38;2;27;26;48mM[38;2;24;23;42mW[38;2;27;26;47mMMMMMMMMMM[38;2;20;20;36m&[38;2;27;26;47mMMMMMM[38;2;20;20;36m&[38;2;27;26;47mM[38;2;24;23;42mW[38;2;27;26;47mMMM[38;2;17;17;30m8                      [0m
                        [38;2;16;15;27m8[38;2;27;26;47mMM[38;2;27;26;48mM[38;2;27;26;47mMMMMMM[38;2;27;26;48mM[38;2;27;26;47mMMM[38;2;27;26;48mM[38;2;3;3;5m$[38;2;12;11;20m%[38;2;27;26;47mM[38;2;16;15;27m8[38;2;17;17;30m8[38;2;16;15;27m8[38;2;17;17;30m8[38;2;27;26;48mM[38;2;27;26;47mMM[38;2;20;20;36m&[38;2;27;26;47mM[38;2;27;26;48mM[38;2;27;26;47mMMMMM                       [0m
                       [38;2;17;17;30m8[38;2;27;26;47mMMMMMMMM[38;2;20;20;36m&[38;2;27;26;47mM[38;2;24;23;42mW[38;2;27;26;47mMMMM[38;2;27;26;48mMM[38;2;27;26;47mMMMM[38;2;17;17;30m8[38;2;27;26;47mMMMMMM[38;2;27;26;48mM[38;2;27;26;47mM[38;2;27;26;48mM                         [0m
                      [38;2;24;23;42mW[38;2;27;26;47mM[38;2;27;26;48mM[38;2;20;20;36m&[38;2;27;26;47mMMMMMMMMMM[38;2;27;26;48mM[38;2;27;26;47mM[38;2;27;26;48mM[38;2;20;20;36m&&[38;2;24;23;42mW[38;2;27;26;47mMM[38;2;27;26;48mM[38;2;27;26;47mMMMMMM[38;2;27;26;48mM[38;2;27;26;47mM[38;2;20;20;36m&[38;2;27;26;48mM[38;2;6;6;10m@                        [0m
                     [38;2;24;23;42mW[38;2;27;26;47mMMMMMMM[38;2;27;26;48mM[38;2;27;26;47mMMMMMMMMMMMM[38;2;20;20;36m&[38;2;27;26;47mMMMMMM[38;2;20;20;36m&[38;2;27;26;47mM[38;2;24;23;42mW[38;2;27;26;47mMMM[38;2;17;17;30m8                        [0m
                    [38;2;24;23;42mW[38;2;27;26;47mMMMMMMM[38;2;20;20;36m&[38;2;27;26;47mMMMMMM[38;2;20;20;36m&[38;2;27;26;47mM[38;2;24;23;42mW[38;2;27;26;47mMMMM[38;2;20;20;36m&[38;2;27;26;48mM[38;2;24;23;42mW[38;2;27;26;47mMMMMMM[38;2;27;26;48mM[38;2;27;26;47mM[38;2;27;26;48mMMM                        [0m
                   [38;2;8;7;13m@[38;2;27;26;47mMMMMMMMM[38;2;24;23;42mW[38;2;27;26;47mMMMM[38;2;20;20;36m&[38;2;27;26;47mMMMMMMMMMMMMMM[38;2;20;20;36m&[38;2;27;26;47mM[38;2;24;23;42mW[38;2;27;26;47mMMMM[38;2;16;15;27m8                        [0m
                  [38;2;16;15;27m8[38;2;20;20;36m&[38;2;27;26;47mMMMMMMMMMM[38;2;27;26;48mM[38;2;27;26;47mM[38;2;27;26;48mM[38;2;20;20;36m&&[38;2;24;23;42mW[38;2;27;26;47mMM[38;2;27;26;48mM[38;2;27;26;47mMMMMMM[38;2;27;26;48mM[38;2;27;26;47mM[38;2;20;20;36m&[38;2;27;26;48mMM[38;2;27;26;47mM[38;2;20;20;36m&[38;2;27;26;47mMMM[38;2;12;11;20m% [38;2;3;3;5m$                      [0m
                  [38;2;20;20;36m&[38;2;27;26;47mMMMMMM[38;2;20;20;36m&[38;2;27;26;47mM[38;2;24;23;42mW[38;2;27;26;47mMMMM[38;2;20;20;36m&[38;2;27;26;48mM[38;2;24;23;42mW[38;2;27;26;47mMMMMMM[38;2;27;26;48mM[38;2;27;26;47mM[38;2;27;26;48mMMM[38;2;20;20;36m&[38;2;27;26;47mM[38;2;27;26;48mM[38;2;27;26;47mMM[38;2;20;20;36m&[38;2;27;26;47mMMM[38;2;12;11;20m%[38;2;3;3;5m$                       [0m
                 [38;2;16;15;27m8[38;2;27;26;47mMMMMMMM[38;2;27;26;48mM[38;2;27;26;47mMMMMMMMMM[38;2;17;17;30m8[38;2;27;26;47mMMMMMM[38;2;27;26;48mM[38;2;27;26;47mM[38;2;27;26;48mM[38;2;27;26;47mM[38;2;20;20;36m&[38;2;27;26;47mMMMMMM[38;2;20;20;36m&[38;2;27;26;47mM[38;2;24;23;42mW                        [0m
                [38;2;16;15;27m8[38;2;27;26;48mM[38;2;27;26;47mMMMMMMMMM[38;2;20;20;36m&[38;2;27;26;47mMM[38;2;20;20;36m&[38;2;16;15;27m8[38;2;27;26;48mM[38;2;27;26;47mMM [38;2;20;20;36m&[38;2;27;26;47mMMMMMMMM[38;2;27;26;48mMM[38;2;24;23;42mWW[38;2;27;26;47mMMMMMMM[38;2;3;3;5m$                       [0m
                [38;2;20;20;36m&[38;2;27;26;47mMMMMMMM[38;2;27;26;48mM[38;2;24;23;42mW[38;2;27;26;47mMMMMMMMM   [38;2;16;15;27m8[38;2;24;23;42mW[38;2;27;26;47mMMMMMMMMMM[38;2;27;26;48mM[38;2;27;26;47mM[38;2;27;26;48mM[38;2;20;20;36m&&[38;2;24;23;42mW[38;2;17;17;30m8                        [0m
                [38;2;27;26;47mMMMMMMMM[38;2;20;20;36m&[38;2;27;26;47mM[38;2;24;23;42mW[38;2;27;26;47mMMMM[38;2;27;26;48mMM[38;2;27;26;47mM    [38;2;27;26;48mM[38;2;27;26;47mMMM[38;2;27;26;48mM[38;2;27;26;47mMM[38;2;27;26;48mM[38;2;27;26;47mM[38;2;27;26;48mMMM[38;2;20;20;36m&[38;2;27;26;47mMMMMM                        [0m
                [38;2;27;26;48mM[38;2;27;26;47mMMMMMMM[38;2;27;26;48mM[38;2;24;23;42mW[38;2;27;26;47mMMMMMM[38;2;20;20;36m&      [38;2;27;26;47mM[38;2;20;20;36m&[38;2;27;26;47mMMMMMM[38;2;20;20;36m&[38;2;27;26;47mM[38;2;24;23;42mW[38;2;27;26;47mMMMM[38;2;20;20;36m&[38;2;27;26;48mM                        [0m
               [38;2;16;15;27m8[38;2;27;26;47mM[38;2;24;23;42mW[38;2;27;26;47mMMMMMMMMMMMM[38;2;27;26;48mM[38;2;20;20;36m&       [38;2;24;23;42mW[38;2;27;26;47mM[38;2;20;20;36m&[38;2;27;26;47mMMMMMMMMMM[38;2;27;26;48mM[38;2;27;26;47mM[38;2;27;26;48mM[38;2;20;20;36m&&                       [0m
               [38;2;16;15;27m8[38;2;27;26;47mMMMMMMMM[38;2;20;20;36m&[38;2;27;26;47mM[38;2;24;23;42mW[38;2;27;26;47mMMMM         [38;2;27;26;48mM[38;2;27;26;47mM[38;2;24;23;42mW[38;2;27;26;47mMMMMMMMMMM[38;2;27;26;48mM[38;2;27;26;47mM[38;2;27;26;48mM[38;2;20;20;36m&                       [0m
              [38;2;9;8;14mB[38;2;27;26;48mM[38;2;20;20;36m&[38;2;27;26;47mMMMMMM[38;2;20;20;36m&[38;2;27;26;47mM[38;2;24;23;42mW[38;2;27;26;47mMMMM          [38;2;3;3;5m$[38;2;27;26;48mM[38;2;27;26;47mMMMMMMMMMMMM[38;2;20;20;36m&[38;2;27;26;47mM[38;2;24;23;42mW                       [0m
              [38;2;27;26;48mM[38;2;27;26;47mMMM[38;2;27;26;48mM[38;2;27;26;47mMM[38;2;27;26;48mM[38;2;27;26;47mM[38;2;27;26;48mMMM[38;2;27;26;47mMM[38;2;24;23;42mW[38;2;9;8;14mB           [38;2;16;15;27m8[38;2;27;26;47mMMM[38;2;27;26;48mM[38;2;27;26;47mMM[38;2;24;23;42mW[38;2;27;26;47mMMMMMMMM                       [0m
             [38;2;17;17;30m8[38;2;20;20;36m&[38;2;27;26;47mMMMMMM[38;2;20;20;36m&[38;2;27;26;47mM[38;2;24;23;42mW[38;2;27;26;47mMMMM[38;2;20;20;36m&             [38;2;27;26;48mM[38;2;27;26;47mMMM[38;2;27;26;48mM[38;2;27;26;47mMM[38;2;27;26;48mM[38;2;27;26;47mM[38;2;27;26;48mMMM[38;2;27;26;47mMM[38;2;27;26;48mM                       [0m
             [38;2;24;23;42mW[38;2;27;26;47mM[38;2;24;23;42mW[38;2;27;26;47mMMMMMMMMMMMM              [38;2;8;7;13m@[38;2;27;26;48mMM[38;2;27;26;47mMMMMMMMMMMM[38;2;20;20;36m&[38;2;27;26;47mM                      [0m
            [38;2;27;26;47mMMM[38;2;24;23;42mW[38;2;27;26;47mMMMMMMMMMMM                [38;2;3;3;5m$[38;2;27;26;47mMMMMMMMM[38;2;24;23;42mW[38;2;27;26;47mMMMM[38;2;20;20;36m&                      [0m
            [38;2;27;26;47mMMMMMMMM[38;2;20;20;36m&[38;2;27;26;47mM[38;2;24;23;42mW[38;2;27;26;47mMMM                  [38;2;27;26;48mM[38;2;27;26;47mMMMMMMM[38;2;24;23;42mW[38;2;27;26;47mMMMMM[38;2;3;3;5m$                     [0m
           [38;2;3;3;5m$[38;2;27;26;47mM[38;2;20;20;36m&[38;2;27;26;47mMMMMMMMMMM[38;2;27;26;48mM[38;2;9;8;14mB                  [38;2;6;6;10m@[38;2;27;26;48mM[38;2;20;20;36m&[38;2;27;26;47mMMMMMM[38;2;20;20;36m&[38;2;27;26;47mM[38;2;24;23;42mW[38;2;27;26;47mMMM                     [0m
           [38;2;24;23;42mW[38;2;27;26;47mM[38;2;24;23;42mW[38;2;27;26;47mMMMMMMMMMM[38;2;16;15;27m8                    8[38;2;27;26;47mMMM[38;2;24;23;42mW[38;2;27;26;47mMMMMMMMMMM                    [0m
           [38;2;27;26;47mMMM[38;2;24;23;42mW[38;2;27;26;47mMMMMMMMMMM                     MMM[38;2;24;23;42mW[38;2;27;26;47mMMMMMMMMMM[38;2;16;15;27m8                   [0m
          [38;2;12;11;20m%[38;2;27;26;47mMMMMMMMMM[38;2;24;23;42mW[38;2;27;26;47mMMM[38;2;8;7;13m@                     [38;2;27;26;48mMM[38;2;20;20;36m&[38;2;27;26;47mMMMMMM[38;2;20;20;36m&[38;2;27;26;47mM[38;2;24;23;42mW[38;2;27;26;47mMMM                   [0m
          [38;2;6;6;10m@[38;2;27;26;48mM[38;2;20;20;36m&[38;2;27;26;47mMMMMMM[38;2;20;20;36m&[38;2;27;26;47mM[38;2;24;23;42mW[38;2;27;26;47mMM                       [38;2;27;26;48mM[38;2;27;26;47mMMMMMMMM[38;2;20;20;36m&[38;2;27;26;47mM[38;2;24;23;42mW[38;2;27;26;47mMM                   [0m
          [38;2;3;3;5m$[38;2;27;26;48mM[38;2;27;26;47mM[38;2;24;23;42mW[38;2;27;26;47mMMMMMMMMMM                       [38;2;9;8;14mB[38;2;27;26;48mM[38;2;27;26;47mMM[38;2;27;26;48mM[38;2;24;23;42mW[38;2;27;26;47mMMMMMMMM                   [0m
          [38;2;12;11;20m%[38;2;27;26;47mMMMMMMM[38;2;20;20;36m&[38;2;27;26;47mM[38;2;24;23;42mW[38;2;27;26;47mMMM                        [38;2;27;26;48mM[38;2;27;26;47mMMMMMMM[38;2;27;26;48mM[38;2;24;23;42mW[38;2;27;26;47mMMM                   [0m
           [38;2;27;26;48mM[38;2;27;26;47mMM[38;2;24;23;42mW[38;2;27;26;47mMMMMMMMMM                        [38;2;17;17;30m8[38;2;27;26;47mMM[38;2;24;23;42mW[38;2;27;26;47mMMMMMMMM[38;2;16;15;27m8                   [0m
