                                                                                [0m
                                                                                [0m
                                                                                [0m
                                                                                [0m
                                                                                [0m
                                                                                [0m
                                                                                [0m
                                                                                [0m
                                                                                [0m
                                              [38;2;249;223;204mI[38;2;255;236;216m::[38;2;9;8;14mB                              [0m
                                            [38;2;255;236;216m:[38;2;178;162;148m([38;2;154;124;114mu[38;2;233;216;195mi[38;2;255;236;216m:[38;2;254;233;213m:[38;2;255;236;216m:[38;2;41;40;50mo                            [0m
                                           [38;2;66;63;88mq[38;2;212;161;147m}[38;2;207;150;137m([38;2;177;127;115mr[38;2;198;142;129m/[38;2;187;134;122mf[38;2;238;205;187m<[38;2;255;236;216m:[38;2;254;233;213m:[38;2;121;118;102mz  [38;2;180;172;188m}                        [0m
                                          [38;2;212;202;221m~[38;2;228;218;238m![38;2;232;222;242ml[38;2;172;158;147m|[38;2;200;143;130m/[38;2;204;146;133m|[38;2;249;223;204mI[38;2;255;236;216m::[38;2;254;233;213m::[38;2;196;187;204m?[38;2;232;222;242ml[38;2;168;160;175m([38;2;232;222;242ml[38;2;36;34;37m#[38;2;75;69;66mw                     [0m
                                     [38;2;139;131;141mn[38;2;225;215;234mi[38;2;228;218;238m!!!!!!![38;2;219;170;155m][38;2;204;146;133m|[38;2;198;142;129m/[38;2;255;236;216m:[38;2;254;233;213m::[38;2;87;83;87mO[38;2;43;41;51mo[38;2;123;117;129mc[38;2;232;222;242ml[38;2;228;218;238m![38;2;232;222;242ml[38;2;164;156;171m|[38;2;188;179;196m]                    [0m
                       [38;2;222;203;186m~[38;2;255;236;216m:[38;2;185;169;154m1 [38;2;136;116;108mc           [38;2;43;41;51mo[38;2;225;215;234mi[38;2;228;218;238m![38;2;232;222;242mlll[38;2;188;179;196m][38;2;203;194;212m_[38;2;158;114;104mv[38;2;139;100;91mY[38;2;207;150;137m([38;2;8;7;13m@[38;2;27;26;47mMM[38;2;27;26;48mM[38;2;27;26;47mM[38;2;3;2;4m$[38;2;232;222;242ml[38;2;228;218;238m!![38;2;104;99;108mJ                    [0m
                     [38;2;245;225;205mI[38;2;255;236;216m:[38;2;254;233;213m::[38;2;255;236;216m::[38;2;254;233;213m:[38;2;222;203;186m~          [38;2;208;199;217m+[38;2;228;218;238m![38;2;156;149;162mt[38;2;38;37;67mo[38;2;188;179;196m][38;2;225;215;234mi[38;2;158;114;104mv[38;2;148;141;154mj[38;2;38;37;67moo[38;2;88;85;105m0[38;2;27;26;48mMM[38;2;27;26;47mMMMM[38;2;3;2;4m$[38;2;220;210;230m>[38;2;232;222;242ml[38;2;228;218;238m!![38;2;3;2;4m$                  [0m
                    [38;2;255;236;216m:[38;2;235;198;181m~[38;2;187;134;122mf[38;2;254;233;213m:[38;2;165;131;121mrr[38;2;222;203;186m~[38;2;254;233;213m:         [38;2;104;99;108mJ[38;2;225;215;234mi[38;2;228;218;238m![38;2;3;2;4m$[38;2;27;26;47mM[38;2;24;23;42mW[38;2;38;37;67mo[38;2;147;135;145mx[38;2;251;230;210m;[38;2;3;2;4m$[38;2;27;26;48mM[38;2;27;26;47mM[38;2;43;41;51mo[38;2;75;69;66mw[38;2;27;26;48mM[38;2;27;26;47mM[38;2;27;26;48mM[38;2;27;26;47mMMMM[38;2;114;107;116mY                     [0m
                  [38;2;185;169;154m1[38;2;249;223;204mI[38;2;207;150;137m([38;2;204;146;133m|[38;2;254;242;214m,[38;2;136;116;108mc[38;2;207;150;137m([38;2;200;143;130m/[38;2;255;236;216m::          [38;2;212;202;221m~[38;2;180;172;188m}[38;2;228;218;238m![38;2;232;222;242ml[38;2;251;230;210m;[38;2;154;133;122mx[38;2;200;143;130m/[38;2;255;236;216m::[38;2;254;233;213m::::[38;2;142;138;119mx[38;2;27;26;48mM[38;2;27;26;47mMMMMMMM[38;2;87;83;87mO                   [0m
                  [38;2;255;236;216m::[38;2;221;175;160m[[38;2;204;146;133m|[38;2;198;142;129m/[38;2;221;175;160m[[38;2;249;223;204mI[38;2;255;236;216m::[38;2;133;129;111mu          [38;2;162;152;164m/[38;2;87;83;87mO[38;2;139;131;141mn[38;2;164;156;171m|[38;2;255;236;216m::[38;2;185;169;154m1[38;2;188;180;166m{[38;2;196;187;167m[[38;2;218;200;183m+[38;2;255;236;216m:[38;2;254;233;213m::[38;2;251;230;210m;[38;2;43;41;51mo[38;2;24;23;42mW[38;2;27;26;47mMMMMMMMM                  [0m
                  [38;2;238;205;187m<[38;2;245;225;205mI[38;2;255;236;216m:[38;2;254;233;213m::::[38;2;255;236;216m:               [38;2;3;2;4m$[38;2;254;233;213m:::[38;2;251;230;210m;[38;2;254;233;213m::[38;2;255;236;216m:[38;2;254;233;213m::[38;2;251;230;210m;[38;2;177;127;115mr[38;2;158;114;104mv[38;2;27;26;47mM[38;2;32;31;55m#[38;2;27;26;47mM[38;2;27;26;48mM[38;2;27;26;47mMMMMM[38;2;27;26;48mM                [0m
                  [38;2;29;26;35mW[38;2;133;129;111mu[38;2;106;100;91mC[38;2;8;7;13m@[38;2;3;2;4m$[38;2;24;23;42mW[38;2;8;7;13m@[38;2;25;23;36mW                [38;2;251;230;210m;[38;2;255;236;216m::[38;2;254;233;213m:[38;2;251;230;210m;[38;2;254;233;213m:[38;2;243;212;194mi[38;2;207;150;137m([38;2;204;146;133m|[38;2;198;142;129m/[38;2;204;146;133m|[38;2;207;150;137m([38;2;8;7;13m@[38;2;27;26;47mMMMMMMMMM[38;2;24;23;42mW[38;2;8;7;13m@              [0m
                  [38;2;32;31;55m#[38;2;27;26;47mM[38;2;27;26;48mM[38;2;27;26;47mMMMM[38;2;16;15;28m8                  [38;2;204;146;133m|[38;2;207;150;137m([38;2;200;143;130m/[38;2;204;146;133m||[38;2;207;150;137m([38;2;170;121;110mn[38;2;114;82;75mQ[38;2;16;15;28m8[38;2;25;23;36mW[38;2;27;26;47mM[38;2;8;7;13m@[38;2;27;26;48mM[38;2;36;34;37m#[38;2;27;26;47mMMMMM[38;2;32;31;55m#[38;2;27;26;47mM[38;2;17;17;30m8[38;2;27;26;47mM             [0m
                 [38;2;3;2;4m$[38;2;27;26;47mMM[38;2;27;26;48mM[38;2;27;26;47mMMMM            [38;2;3;2;4m$[38;2;25;23;36mWW[38;2;27;26;47mM[38;2;27;26;48mM[38;2;27;26;47mMMMMM[38;2;12;11;20m%%[38;2;27;26;47mMMM[38;2;27;26;48mM[38;2;27;26;47mMM[38;2;12;11;20m% [38;2;27;26;47mMM[38;2;27;26;48mM[38;2;27;26;47mMMMMM[38;2;27;26;48mMM[38;2;27;26;47mM            [0m
                 [38;2;17;17;30m8[38;2;27;26;47mMMMM[38;2;32;31;55m#[38;2;27;26;47mM[38;2;17;17;30m8[38;2;27;26;47mM        [38;2;9;8;14mB[38;2;27;26;47mM[38;2;27;26;48mM[38;2;27;26;47mMMMMM[38;2;27;26;48mM[38;2;24;23;42mW[38;2;27;26;47mM[38;2;27;26;48mM[38;2;27;26;47mM[38;2;27;26;48mM[38;2;27;26;47mMMMMM[38;2;27;26;48mMM[38;2;24;23;42mW[38;2;27;26;47mMMM[38;2;27;26;48mM[38;2;27;26;47mMMMMM[38;2;27;26;48mMM[38;2;27;26;47mM            [0m
                 [38;2;24;23;42mW[38;2;27;26;48mM[38;2;27;26;47mMMMMMM[38;2;27;26;48mM       [38;2;25;23;36mW[38;2;27;26;47mMMMMMMMM[38;2;32;31;55m#[38;2;27;26;47mM[38;2;17;17;30m8[38;2;27;26;47mMM[38;2;27;26;48mM[38;2;27;26;47mMM[38;2;27;26;48mM[38;2;36;34;37m#[38;2;27;26;47mMMM[38;2;32;31;55m#[38;2;17;17;30m8[38;2;27;26;47mMMMMMM[38;2;32;31;55m#[38;2;27;26;47mM[38;2;17;17;30m8[38;2;27;26;47mMMM           [0m
                 [38;2;25;23;36mW[38;2;27;26;47mMMMM[38;2;32;31;55m#[38;2;27;26;47mM[38;2;17;17;30m8[38;2;27;26;47mMM    [38;2;9;8;14mB[38;2;27;26;47mMMMMMM[38;2;32;31;55m#[38;2;27;26;47mM[38;2;17;17;30m8[38;2;27;26;47mMM[38;2;27;26;48mM[38;2;27;26;47mMM[38;2;27;26;48mM[38;2;27;26;47mMMMM[38;2;32;31;55m#[38;2;27;26;47mM[38;2;95;81;24mZ[38;2;25;23;36mW[38;2;27;26;47mMMMMMMMMMMM[38;2;24;23;42mW[38;2;27;26;47mM[38;2;27;26;48mM           [0m
                 [38;2;3;2;4m$[38;2;27;26;47mMMM[38;2;27;26;48mM[38;2;27;26;47mMMMMM  MMM[38;2;27;26;48mM[38;2;27;26;47mMMMMM[38;2;27;26;48mM[38;2;24;23;42mW[38;2;27;26;47mM[38;2;27;26;48mMM[38;2;27;26;47mMMMMMMMMMMM[38;2;24;23;42mW[38;2;27;26;47mM[38;2;27;26;48mM[38;2;27;26;47mMMMMMMMMMMM            [0m
                  [38;2;17;17;30m8[38;2;27;26;48mM[38;2;27;26;47mMMMMM[38;2;27;26;48mM[38;2;27;26;47mMMMM[38;2;27;26;48mM[38;2;27;26;47mMMMMM[38;2;27;26;48mM[38;2;24;23;42mW[38;2;27;26;47mM[38;2;27;26;48mMM[38;2;27;26;47mMMMMMMMMM[38;2;32;31;55m#[38;2;27;26;47mM[38;2;17;17;30m8[38;2;27;26;47mMM[38;2;17;17;30m8[38;2;27;26;47mMMMM[38;2;32;31;55m#[38;2;27;26;47mM[38;2;17;17;30m8[38;2;27;26;47mMM[38;2;27;26;48mM[38;2;3;2;4m$             [0m
                  [38;2;29;26;35mW[38;2;27;26;48mM[38;2;36;34;37m#[38;2;27;26;47mMMMMM[38;2;27;26;48mM[38;2;27;26;47mMMMMMMM[38;2;27;26;48mM[38;2;24;23;42mW[38;2;27;26;47mMMMM[38;2;32;31;55m#[38;2;27;26;47mM[38;2;17;17;30m8[38;2;27;26;47mMM[38;2;27;26;48mM[38;2;27;26;47mMM[38;2;27;26;48mM[38;2;27;26;47mMMMMMM[38;2;27;26;48mM[38;2;27;26;47mM[38;2;27;26;48mM[38;2;27;26;47mMMMMM[38;2;32;31;55m#                [0m
                   [38;2;25;23;36mW[38;2;27;26;47mMM[38;2;27;26;48mM[38;2;27;26;47mMMMMM[38;2;27;26;48mM[38;2;24;23;42mW[38;2;27;26;47mM[38;2;17;17;30m8[38;2;27;26;48mMM[38;2;25;23;36mW[38;2;38;37;67mo[38;2;27;26;47mMMMMMMMMMMMM[38;2;24;23;42mW[38;2;27;26;47mM[38;2;27;26;48mMM[38;2;27;26;47mM[38;2;25;23;36mW[38;2;27;26;47mM[38;2;24;23;42mW[38;2;27;26;47mMMMMMM                  [0m
                    [38;2;24;23;42mW[38;2;27;26;47mMMM[38;2;27;26;48mM[38;2;27;26;47mMMMMM[38;2;27;26;48mM[38;2;24;23;42mW[38;2;27;26;47mM[38;2;27;26;48mMM[38;2;27;26;47mMMMM[38;2;32;31;55m#[38;2;27;26;47mM[38;2;17;17;30m8[38;2;27;26;47mMMMM[38;2;27;26;48mMM[38;2;27;26;47mMMMM[38;2;17;17;30m8[38;2;27;26;47mMM[38;2;27;26;48mM[38;2;27;26;47mM[38;2;27;26;48mM[38;2;27;26;47mMM[38;2;12;11;20m%                   [0m
                     [38;2;27;26;48mM[38;2;36;34;37m#[38;2;27;26;47mMMMMM[38;2;27;26;48mM[38;2;12;11;20m%    [38;2;24;23;42mW[38;2;27;26;47mMM[38;2;27;26;48mM[38;2;27;26;47mMMMMM[38;2;27;26;48mMM[38;2;27;26;47mMM[38;2;27;26;48mM[38;2;27;26;47mMMMMMMM[38;2;27;26;48mM[38;2;36;34;37m#[38;2;27;26;47mMMM                    [0m
                       [38;2;24;23;42mW          [38;2;27;26;48mM[38;2;27;26;47mMMMM[38;2;32;31;55m#[38;2;27;26;47mM[38;2;17;17;30m8[38;2;27;26;47mMMMM[38;2;27;26;48mMM[38;2;27;26;47mMMMM[38;2;17;17;30m8[38;2;27;26;47mMM[38;2;27;26;48mM[38;2;27;26;47mM[38;2;27;26;48mM[38;2;27;26;47mMM                    [0m
                                 [38;2;6;6;10m@[38;2;27;26;47mMMMMMMMM[38;2;24;23;42mW[38;2;27;26;47mM[38;2;27;26;48mMM[38;2;27;26;47mMMMMM[38;2;17;17;30m8[38;2;27;26;47mMM[38;2;16;15;28m8[38;2;27;26;47mMMMM[38;2;8;7;13m@                    [0m
                                [38;2;6;6;10m@[38;2;27;26;48mM[38;2;27;26;47mM[38;2;27;26;48mM[38;2;27;26;47mMMMMM[38;2;27;26;48mMM[38;2;27;26;47mMM[38;2;27;26;48mM[38;2;27;26;47mMMMMMMMM[38;2;17;17;30m8[38;2;27;26;47mMMMM                     [0m
                                [38;2;24;23;42mW[38;2;27;26;47mM[38;2;27;26;48mM[38;2;27;26;47mMMMMM[38;2;27;26;48mM[38;2;24;23;42mW[38;2;27;26;47mM[38;2;27;26;48mMM[38;2;27;26;47mMMMMMMMMMMMMMM                     [0m
                               [38;2;8;7;13m@[38;2;27;26;47mMMMMMMMMM[38;2;27;26;48mM[38;2;27;26;47mMMMMM[38;2;27;26;48mMM[38;2;27;26;47mMM[38;2;27;26;48mM[38;2;27;26;47mMMMMMM[38;2;16;15;28m8                     [0m
                              [38;2;16;15;27m8[38;2;43;41;51mo[38;2;27;26;47mMMMMMMMMMM[38;2;24;23;42mW[38;2;27;26;47mM[38;2;27;26;48mMM[38;2;27;26;47mMMMMM[38;2;17;17;30m8[38;2;27;26;47mMMMMMM[38;2;16;15;28m8                     [0m
                             [38;2;12;11;20m%[38;2;27;26;47mMMMMMMMMMM[38;2;24;23;42mW[38;2;27;26;47mM[38;2;27;26;48mMM[38;2;27;26;47mMMMMM[38;2;17;17;30m8[38;2;27;26;47mMMM[38;2;16;15;28m8[38;2;27;26;47mMM[38;2;27;26;48mM[38;2;27;26;47mM[38;2;6;6;10m@                     [0m
                            [38;2;16;15;27m8[38;2;43;41;51mo[38;2;27;26;47mMMMM[38;2;27;26;48mM[38;2;27;26;47mMMMMM[38;2;27;26;48mM[38;2;24;23;42mW[38;2;27;26;47mM[38;2;27;26;48mMM[38;2;27;26;47mMMMMMMMM[38;2;16;15;28m8[38;2;27;26;47mMM[38;2;27;26;48mM[38;2;27;26;47mM[38;2;16;15;28m8                     [0m
                           [38;2;16;15;28m8[38;2;27;26;47mMMMMMMMM[38;2;27;26;48mM[38;2;27;26;47mMMMMM[38;2;27;26;48mM[38;2;24;23;42mW[38;2;27;26;47mM[38;2;27;26;48mMM[38;2;27;26;47mMMMMMM[38;2;16;15;28m8[38;2;27;26;47mM[38;2;27;26;48mM[38;2;27;26;47mMMM[38;2;3;2;4m$                    [0m
                          [38;2;17;17;30m8[38;2;27;26;47mMMMMMMMM[38;2;27;26;48mM[38;2;27;26;47mMMMMM[38;2;27;26;48mMM[38;2;27;26;47mMM[38;2;27;26;48mM[38;2;27;26;47mMMMMMMMMMMM[38;2;25;23;36mW[38;2;27;26;47mMM                    [0m
                            [38;2;27;26;47mMMMM[38;2;32;31;55m#[38;2;27;26;47mM[38;2;17;17;30m8[38;2;27;26;47mMM[38;2;27;26;48mM[38;2;27;26;47mMM[38;2;27;26;48mM[38;2;27;26;47mMMMMMMMMMMMMM[38;2;25;23;36mWW[38;2;24;23;42mW[38;2;27;26;47mMM[38;2;12;11;20m%                    [0m
                           [38;2;12;11;20m%[38;2;27;26;47mMMMMMMMM[38;2;24;23;42mW[38;2;27;26;47mM[38;2;27;26;48mMM[38;2;27;26;47mMMMM[38;2;16;15;28m8[38;2;27;26;47mM[38;2;25;23;36mW[38;2;27;26;47mMMMMMMMMMMMM                     [0m
                          [38;2;17;17;30m8[38;2;27;26;47mMMMMMMMMMMMMMMM[38;2;24;23;42mW[38;2;27;26;47mM[38;2;27;26;48mMM[38;2;27;26;47mMMMMM[38;2;17;17;30m8[38;2;27;26;47mMMMMMMM[38;2;8;7;13m@                    [0m
                          [38;2;27;26;48mM[38;2;36;34;37m#[38;2;27;26;47mMMMM[38;2;27;26;48mMM[38;2;27;26;47mMMMMM[38;2;25;23;36mW[38;2;27;26;47mMMMMMMMM[38;2;24;23;42mW[38;2;27;26;47mM[38;2;27;26;48mMM[38;2;27;26;47mMMMMM[38;2;17;17;30m8[38;2;27;26;47mMM                    [0m
                        [38;2;16;15;28m8[38;2;27;26;47mMMMMMMMMMMMM[38;2;32;31;55m#[38;2;27;26;47mM[38;2;17;17;30m8[38;2;27;26;47mMMMM[38;2;27;26;48mMM[38;2;27;26;47mMMMM[38;2;17;17;30m8[38;2;27;26;47mMMMMMMMMM                    [0m
                       [38;2;16;15;28m8[38;2;24;23;42mW[38;2;27;26;47mMM[38;2;27;26;48mM[38;2;27;26;47mMM[38;2;27;26;48mM[38;2;27;26;47mMMMMM[38;2;27;26;48mM[38;2;24;23;42mW[38;2;27;26;47mM[38;2;27;26;48mMM[38;2;27;26;47mMMMMMMMMMMM[38;2;25;23;36mW[38;2;27;26;47mMMMMM[38;2;27;26;48mM[38;2;27;26;47mM                    [0m
                      [38;2;27;26;47mM[38;2;27;26;48mM[38;2;27;26;47mMMMMM[38;2;27;26;48mM[38;2;27;26;47mMMMM[38;2;17;17;30m8[38;2;27;26;48mM[38;2;24;23;42mW[38;2;27;26;47mMMMMMMM[38;2;32;31;55m#[38;2;27;26;47mM[38;2;17;17;30m8[38;2;27;26;47mMM[38;2;27;26;48mM[38;2;27;26;47mMM[38;2;27;26;48mM[38;2;27;26;47mMMMMMMM                    [0m
                     [38;2;17;17;30m8[38;2;27;26;47mM[38;2;27;26;48mM[38;2;27;26;47mMMMMM[38;2;27;26;48mMM[38;2;27;26;47mMM[38;2;27;26;48mM[38;2;27;26;47mMMMMMMMMMMMM[38;2;24;23;42mW[38;2;27;26;47mM[38;2;27;26;48mMM[38;2;27;26;47mMMMMM[38;2;17;17;30m8[38;2;27;26;47mMMMM                    [0m
                     [38;2;27;26;48mM[38;2;36;34;37m#[38;2;27;26;47mMMMMM[38;2;27;26;48mM[38;2;27;26;47mMMMMM[38;2;25;23;36mW[38;2;27;26;47mMM[38;2;25;23;36mW[38;2;27;26;47mMMMMMMMMMMMMMMM[38;2;32;31;55m#[38;2;27;26;47mM[38;2;17;17;30m8[38;2;27;26;47mMMMM                    [0m
                    [38;2;27;26;47mMM[38;2;27;26;48mM[38;2;27;26;47mMMMMM[38;2;27;26;48mM[38;2;24;23;42mW[38;2;27;26;47mM[38;2;27;26;48mMM[38;2;27;26;47mMMMM[38;2;16;15;28m8[38;2;27;26;47mM [38;2;24;23;42mW[38;2;27;26;47mMM[38;2;27;26;48mM[38;2;27;26;47mMMMMM[38;2;27;26;48mMM[38;2;27;26;47mMM[38;2;27;26;48mM[38;2;27;26;47mMMMMMM                    [0m
                    [38;2;27;26;47mMMMMMMMMMM[38;2;24;23;42mW[38;2;27;26;47mMM[38;2;16;15;28m8[38;2;27;26;47mMMMM   [38;2;24;23;42mW[38;2;27;26;47mMMMMMMMMMMMMMMMMMM [38;2;3;2;4m$                  [0m
                   [38;2;27;26;47mMMMM[38;2;32;31;55m#[38;2;27;26;47mM[38;2;17;17;30m8[38;2;27;26;47mMMMM[38;2;27;26;48mMM[38;2;27;26;47mMMMM[38;2;17;17;30m8[38;2;27;26;47mM    [38;2;24;23;42mW[38;2;27;26;47mMM[38;2;25;23;36mW[38;2;27;26;47mMMMMMMMMMMMMMM                    [0m
                  [38;2;16;15;28m8[38;2;27;26;47mM[38;2;27;26;48mM[38;2;27;26;47mMMMMM[38;2;27;26;48mM[38;2;24;23;42mW[38;2;27;26;47mM[38;2;27;26;48mMM[38;2;27;26;47mMMMMM[38;2;3;2;4m$     [38;2;17;17;30m8[38;2;27;26;47mM[38;2;27;26;48mM[38;2;27;26;47mMMMMM[38;2;27;26;48mM[38;2;24;23;42mW[38;2;27;26;47mM[38;2;27;26;48mMM[38;2;27;26;47mMMMMM                    [0m
                  [38;2;27;26;47mMM[38;2;27;26;48mM[38;2;27;26;47mMMMMM[38;2;27;26;48mM[38;2;24;23;42mW[38;2;27;26;47mM[38;2;27;26;48mMM[38;2;27;26;47mMMMM[38;2;16;15;28m8       [38;2;25;23;36mW[38;2;27;26;48mM[38;2;27;26;47mMMMMMMMMMM[38;2;27;26;48mM[38;2;27;26;47mMMMM                    [0m
                  [38;2;27;26;47mMMMMMMMMMM[38;2;24;23;42mW[38;2;27;26;47mM[38;2;27;26;48mMM[38;2;27;26;47mMM[38;2;16;15;28m8         [38;2;27;26;47mMMM[38;2;27;26;48mM[38;2;27;26;47mMMMMM[38;2;27;26;48mMM[38;2;27;26;47mMM[38;2;27;26;48mM[38;2;27;26;47mMM                    [0m
                 [38;2;16;15;28m8[38;2;27;26;47mMMMMMMMM[38;2;24;23;42mW[38;2;27;26;47mM[38;2;27;26;48mMM[38;2;27;26;47mMMM[38;2;16;15;28m8          [38;2;25;23;36mW[38;2;27;26;47mMMMM[38;2;32;31;55m#[38;2;27;26;47mM[38;2;17;17;30m8[38;2;27;26;47mMMMM[38;2;27;26;48mMM[38;2;27;26;47mMM                    [0m
                [38;2;16;15;28m8[38;2;27;26;47mMM[38;2;27;26;48mM[38;2;27;26;47mMMMMM[38;2;27;26;48mMM[38;2;27;26;47mMM[38;2;27;26;48mM[38;2;27;26;47mMM             MMMMMMMMM[38;2;24;23;42mW[38;2;27;26;47mM[38;2;27;26;48mMM[38;2;27;26;47mMM                    [0m
                [38;2;27;26;47mMMMMMMMM[38;2;24;23;42mW[38;2;27;26;47mM[38;2;27;26;48mMM[38;2;27;26;47mMMM              [38;2;12;11;20m%[38;2;27;26;47mMMMMMMMMMM[38;2;24;23;42mW[38;2;27;26;47mM[38;2;27;26;48mMM                    [0m
               [38;2;29;26;35mW[38;2;27;26;47mMMMM[38;2;32;31;55m#[38;2;27;26;47mM[38;2;17;17;30m8[38;2;27;26;47mMM[38;2;27;26;48mM[38;2;27;26;47mMM[38;2;27;26;48mM[38;2;27;26;47mM                MMMMM[38;2;32;31;55m#[38;2;27;26;47mM[38;2;17;17;30m8[38;2;27;26;47mMMMM[38;2;27;26;48mMM                    [0m
              [38;2;29;26;35mW[38;2;27;26;48mM[38;2;27;26;47mMMMM[38;2;32;31;55m#[38;2;27;26;47mM[38;2;17;17;30m8[38;2;27;26;47mMM[38;2;27;26;48mM[38;2;27;26;47mMM[38;2;9;8;14mB                 [38;2;27;26;48mM[38;2;27;26;47mMMMMM[38;2;32;31;55m#[38;2;27;26;47mM[38;2;17;17;30m8[38;2;27;26;47mMM[38;2;27;26;48mM[38;2;27;26;47mMM                    [0m
              [38;2;27;26;47mMMMMM[38;2;32;31;55m#[38;2;27;26;47mM[38;2;17;17;30m8[38;2;27;26;47mMMMM[38;2;27;26;48mMM                  [38;2;16;15;28m8[38;2;27;26;47mMM[38;2;27;26;48mM[38;2;27;26;47mMMMMM[38;2;27;26;48mMM[38;2;27;26;47mMM[38;2;27;26;48mM[38;2;24;23;42mW                   [0m
             [38;2;17;17;30m8[38;2;27;26;47mMMMM[38;2;32;31;55m#[38;2;27;26;47mM[38;2;17;17;30m8[38;2;27;26;47mMM[38;2;27;26;48mM[38;2;27;26;47mMM[38;2;27;26;48mM                    [38;2;27;26;47mMMMMM[38;2;32;31;55m#[38;2;27;26;47mM[38;2;17;17;30m8[38;2;27;26;47mMM[38;2;27;26;48mM[38;2;27;26;47mMM[38;2;27;26;48mM                   [0m
             [38;2;24;23;42mW[38;2;27;26;47mMMMMMMMMMMMM[38;2;3;2;4m$                    [38;2;16;15;28m8[38;2;27;26;47mMMMMM[38;2;32;31;55m#[38;2;27;26;47mM[38;2;17;17;30m8[38;2;27;26;47mMMMM[38;2;27;26;48mM[38;2;9;8;14mB                  [0m
            [38;2;27;26;48mM[38;2;27;26;47mMMMMM[38;2;32;31;55m#[38;2;27;26;47mM[38;2;17;17;30m8[38;2;27;26;47mMM[38;2;27;26;48mM[38;2;27;26;47mMM                     [38;2;17;17;30m8[38;2;27;26;47mMMMMM[38;2;32;31;55m#[38;2;27;26;47mM[38;2;17;17;30m8[38;2;27;26;47mMMMM[38;2;27;26;48mMM                  [0m
            [38;2;38;37;67mo[38;2;27;26;47mMMMMMMMMMMMMM                      MM[38;2;27;26;48mM[38;2;27;26;47mMMMMM[38;2;27;26;48mM[38;2;24;23;42mW[38;2;27;26;47mM[38;2;27;26;48mMM[38;2;27;26;47mM                  [0m
           [38;2;25;23;36mW[38;2;27;26;47mMMMM[38;2;32;31;55m#[38;2;27;26;47mM[38;2;17;17;30m8[38;2;27;26;47mMM[38;2;27;26;48mM[38;2;27;26;47mMM[38;2;27;26;48mM[38;2;27;26;47mM                      [38;2;24;23;42mW[38;2;27;26;47mMM[38;2;27;26;48mM[38;2;27;26;47mMMMMM[38;2;27;26;48mMM[38;2;27;26;47mMM[38;2;27;26;48mM[38;2;3;2;4m$                 [0m
           [38;2;27;26;48mM[38;2;27;26;47mMMMMMMMM[38;2;24;23;42mW[38;2;27;26;47mM[38;2;27;26;48mMM[38;2;27;26;47mMM                      [38;2;12;11;20m%[38;2;25;23;36mW[38;2;27;26;47mMMMMMMMMMMMM[38;2;3;2;4m$                 [0m
          [38;2;3;2;4m$[38;2;27;26;48mM[38;2;36;34;37m#[38;2;27;26;47mMMMMM[38;2;27;26;48mM[38;2;27;26;47mMMMMM[38;2;25;23;36mWW                       [38;2;27;26;48mM[38;2;27;26;47mMM[38;2;27;26;48mM[38;2;27;26;47mMMMMM[38;2;27;26;48mM[38;2;24;23;42mW[38;2;27;26;47mM[38;2;27;26;48mM[38;2;3;2;4m$                 [0m
          [38;2;17;17;30m8[38;2;27;26;47mMMMMMMMMMMMMMM                         [38;2;38;37;67mo[38;2;27;26;47mMMMMMMMMMMM[38;2;3;2;4m$                 [0m
