                                                                                [0m
                                                                                [0m
                                                                                [0m
                                                                                [0m
                                                                                [0m
                                 [38;2;239;237;233m:::                                            [0m
                                [38;2;145;122;117mu[38;2;239;237;233m:[38;2;234;189;187m+[38;2;236;218;213m![38;2;239;237;233m:[38;2;147;122;117mu                                          [0m
                               [38;2;88;67;64mw[38;2;239;237;233m:[38;2;236;215;211mi[38;2;234;189;187m++[38;2;237;220;217m![38;2;239;237;233m:[38;2;147;122;117mu               [38;2;189;171;167m}[38;2;239;237;233m:[38;2;238;236;233m:[38;2;238;235;231m;                      [0m
                               [38;2;140;116;111mc[38;2;236;233;230m;[38;2;233;190;188m+[38;2;233;187;184m__[38;2;229;178;173m?[38;2;235;230;226mI[38;2;236;233;230m;             [38;2;171;146;141mt[38;2;236;233;230m;;[38;2;236;218;213m![38;2;235;211;208mi[38;2;239;237;233m:                      [0m
                               [38;2;93;70;66mm[38;2;236;233;230m;[38;2;233;187;184m____[38;2;233;195;191m~[38;2;236;233;230m;[38;2;100;77;73mO          [38;2;122;96;92mJ[38;2;236;233;230m;;[38;2;233;188;187m+[38;2;233;187;184m__[38;2;234;197;194m~[38;2;239;237;233m:                      [0m
                                [38;2;86;65;61mw[38;2;236;215;211mi[38;2;233;187;184m____[38;2;236;233;230m;[38;2;154;129;124mn         [38;2;167;145;140mt[38;2;236;233;230m;[38;2;234;200;197m<[38;2;233;187;184m____[38;2;237;223;220ml[38;2;232;225;220ml                      [0m
                                 [38;2;147;122;117mu[38;2;235;211;208mi[38;2;228;173;167m[[38;2;233;187;184m__[38;2;236;233;230m;[38;2;176;153;148m|        [38;2;147;122;117mu[38;2;236;233;230m;[38;2;229;178;173m?[38;2;233;187;184m____[38;2;235;230;226mI[38;2;239;237;233m:                       [0m
                                  [38;2;232;227;223mI[38;2;232;183;180m-[38;2;234;189;187m++[38;2;239;237;233m:[38;2;175;150;144m/       [38;2;176;153;148m|[38;2;239;237;233m:[38;2;233;187;184m_[38;2;234;189;187m++++[38;2;236;215;211mi[38;2;191;175;169m{                        [0m
                                   [38;2;191;175;169m{[38;2;232;183;180m-[38;2;219;152;147m1[38;2;211;192;186m-[38;2;165;141;136mf[38;2;155;132;127mx[38;2;209;191;186m-[38;2;233;228;224mI[38;2;209;196;191m_[38;2;142;123;118mu[38;2;86;65;61mw [38;2;238;235;231m;[38;2;236;218;213m![38;2;234;189;187m++[38;2;231;179;176m-[38;2;236;215;211mi[38;2;239;237;233m:                          [0m
                                   [38;2;144;118;113mv[38;2;239;237;233m::::[38;2;238;236;233m:[38;2;238;235;231m;[38;2;238;236;233m:[38;2;238;235;231m;[38;2;238;236;233m:[38;2;238;235;231m;[38;2;232;227;223mI[38;2;199;172;166m{[38;2;196;143;137m/[38;2;228;161;156m{[38;2;239;236;232m:[38;2;220;209;204m<                            [0m
                                  [38;2;239;237;233m::[38;2;234;197;194m~[38;2;239;237;233m:::[38;2;238;236;233m:[38;2;238;235;231m;[38;2;238;236;233m:[38;2;238;235;231m;[38;2;238;236;233m:[38;2;238;235;231m;[38;2;238;236;233m:[38;2;238;235;231m;[38;2;239;237;233m:[38;2;161;136;131mr                              [0m
                                 [38;2;236;233;230m;;;;;;;[38;2;239;237;233m::::::::[38;2;236;233;230m;[38;2;223;214;210m>                              [0m
                               [38;2;122;96;92mJ[38;2;236;233;230m;;;[38;2;235;232;228m;[38;2;236;233;230m;;;;[38;2;239;237;233m::::::::[38;2;236;233;230m;;[38;2;95;72;68mZ                             [0m
                              [38;2;171;146;141mt[38;2;239;237;233m:[38;2;236;233;230m;[38;2;227;221;216m![38;2;72;52;50mb[38;2;35;21;19mW[38;2;48;32;30m*[38;2;236;233;230m;;;[38;2;239;237;233m:::::[38;2;217;200;194m+[38;2;214;199;195m+[38;2;239;237;233m:[38;2;236;233;230m;;[38;2;177;156;152m|                             [0m
                             [38;2;160;121;114mu[38;2;239;237;233m:[38;2;234;203;199m<[38;2;233;187;184m_[38;2;228;173;167m[[38;2;232;183;180m-[38;2;209;196;191m_[38;2;236;233;230m;;;[38;2;228;173;167m[[38;2;233;187;184m_[38;2;239;236;232m:[38;2;237;229;225mI[38;2;239;237;233m:[38;2;137;100;91mY[38;2;43;28;23m#[38;2;64;39;33ma[38;2;181;174;170m}[38;2;236;233;230m;;[38;2;235;232;228m;                             [0m
                             [38;2;132;92;83mJ[38;2;238;236;233m:[38;2;233;195;191m~[38;2;234;189;187m+[38;2;233;187;184m__[38;2;237;220;217m![38;2;239;237;233m::[38;2;238;232;228m;[38;2;236;218;213m![38;2;220;128;121mt[38;2;238;236;233m:[38;2;238;235;231m;[38;2;238;236;233m:[38;2;238;235;231m;[38;2;187;166;161m1[38;2;235;209;205m>[38;2;234;203;199m<[38;2;235;211;208mi[38;2;239;237;233m:[38;2;238;236;233m:[38;2;186;151;143m|                            [0m
                              [38;2;217;200;194m+[38;2;238;234;230m;[38;2;239;237;233m::::::::[38;2;238;235;231m;[38;2;238;236;233m:[38;2;238;235;231m;[38;2;238;236;233m:[38;2;238;235;231m;[38;2;234;192;190m+[38;2;231;179;176m-[38;2;233;188;187m+[38;2;234;189;187m+[38;2;234;192;190m+[38;2;239;237;233m:[38;2;179;149;143m/                            [0m
                                 [38;2;161;130;125mx[38;2;239;237;233m::::::[38;2;238;235;231m;[38;2;238;236;233m:[38;2;238;235;231m;[38;2;238;236;233m:[38;2;238;235;231m;[38;2;238;236;233m:[38;2;238;235;231m;[38;2;238;236;233m:[38;2;239;236;232m:[38;2;236;215;211mi[38;2;177;156;152m|                             [0m
                                [38;2;144;118;113mv[38;2;239;237;233m::::[38;2;202;176;170m][38;2;195;166;160m1[38;2;219;205;200m~[38;2;212;194;189m_[38;2;238;236;233m:[38;2;238;235;231m;[38;2;238;236;233m:[38;2;238;235;231m;[38;2;223;214;210m>[38;2;188;155;148m([38;2;170;127;120mx[38;2;145;105;99mz                               [0m
                               [38;2;107;75;70mO[38;2;232;225;220ml[38;2;236;233;230m;;;;;;;[38;2;239;237;233m::::::::[38;2;201;184;180m[                               [0m
                               [38;2;239;237;233m:[38;2;236;233;230m;;;;[38;2;196;169;163m}[38;2;216;201;196m+[38;2;236;233;230m;;[38;2;239;237;233m::[38;2;227;216;211mi[38;2;217;200;194m+[38;2;239;237;233m::::[38;2;236;233;230m;                               [0m
                              [38;2;140;116;111mc[38;2;239;237;233m:[38;2;236;233;230m;;;;;;[38;2;199;172;166m{[38;2;235;232;228m;[38;2;231;219;212m![38;2;209;188;183m?[38;2;239;237;233m::::::[38;2;236;233;230m;[38;2;235;230;226mI                              [0m
                             [38;2;133;109;105mX[38;2;239;237;233m::[38;2;236;233;230m;;;;;;;[38;2;222;209;204m<[38;2;239;237;233m::::::::[38;2;236;233;230m;;[38;2;232;225;220ml[38;2;236;233;230m;;;[38;2;173;137;130mj                         [0m
                             [38;2;238;236;233m:[38;2;238;235;231m;[38;2;238;236;233m:[38;2;217;200;194m+[38;2;239;237;233m::::[38;2;211;192;186m-[38;2;239;237;233m::[38;2;238;236;233m:[38;2;238;235;231m;[38;2;209;191;186m-[38;2;238;235;231m;[38;2;238;236;233m:[38;2;238;235;231m;[38;2;238;236;233m:[38;2;222;207;201m<[38;2;230;223;218m![38;2;239;237;233m::[38;2;200;175;169m{[38;2;239;237;233m:::                         [0m
                             [38;2;222;207;201m<[38;2;238;235;231m;[38;2;238;236;233m:[38;2;239;236;232m:[38;2;239;237;233m:::::[38;2;222;209;204m<[38;2;239;237;233m:[38;2;238;236;233m:[38;2;238;235;231m;[38;2;238;236;233m:[38;2;238;235;231m;[38;2;238;236;233m:[38;2;238;235;231m;[38;2;238;236;233m:[38;2;222;207;201m<[38;2;239;237;233m:::[38;2;195;166;160m1[38;2;239;237;233m::[38;2;166;144;140mf                         [0m
                          [38;2;188;169;164m}[38;2;234;197;194m~[38;2;238;234;230m;[38;2;233;188;187m+[38;2;235;209;205m>[38;2;232;227;223mI[38;2;196;169;163m}[38;2;200;175;169m{[38;2;239;237;233m::::[38;2;232;225;220ml[38;2;239;237;233m:[38;2;238;236;233m:[38;2;199;172;166m{[38;2;238;236;233m:[38;2;238;235;231m;[38;2;238;236;233m:[38;2;238;235;231m;[38;2;208;182;176m[[38;2;238;235;231m;[38;2;200;175;169m{[38;2;239;237;233m:[38;2;234;189;187m+[38;2;237;223;220mll[38;2;237;220;217m!                          [0m
                          [38;2;235;205;203m>[38;2;234;197;194m~[38;2;238;235;231m;[38;2;238;236;233m:[38;2;236;215;211mi[38;2;236;226;221mI[38;2;239;237;233m::[38;2;216;192;186m_[38;2;238;232;228m;[38;2;239;237;233m:::[38;2;222;207;201m<[38;2;238;236;233m:[38;2;237;232;228m;[38;2;238;236;233m:[38;2;238;235;231m;;[38;2;231;219;212m![38;2;199;172;166m{[38;2;238;235;231m;[38;2;239;237;233m:[38;2;237;223;220ml[38;2;238;234;230m;[38;2;239;237;233m:[38;2;239;236;232m:[38;2;234;189;187m+[38;2;187;166;161m1                         [0m
                          [38;2;204;189;184m?[38;2;234;197;194m~[38;2;239;237;233m:[38;2;234;200;197m<[38;2;234;192;190m++[38;2;233;187;184m__[38;2;224;212;206m>[38;2;231;219;212m!!!![38;2;189;161;156m)[38;2;239;237;233m:[38;2;234;222;217ml[38;2;237;223;220ml[38;2;234;222;217ml[38;2;237;223;220ml[38;2;186;151;143m|[38;2;238;232;228m;[38;2;234;192;190m+[38;2;233;187;184m___[38;2;236;233;230m;[38;2;236;226;221mI[38;2;234;197;194m~                          [0m
                             [38;2;191;170;165m}[38;2;239;237;233m:[38;2;234;197;194m~[38;2;233;187;184m__[38;2;235;232;228m; [38;2;196;169;163m}[38;2;231;219;212m![38;2;181;142;135mt  [38;2;138;100;95mY[38;2;237;223;220ml[38;2;193;162;156m1 [38;2;176;153;148m|[38;2;234;197;194m~[38;2;234;192;190m+[38;2;233;187;184m_[38;2;235;209;205m>[38;2;236;233;230m;[38;2;127;104;99mY                            [0m
                                                                                [0m
                                                                                [0m
                                                                                [0m
                                                                                [0m
                                                                                [0m
                                                                                [0m
