                                                                                [0m
                                                                                [0m
                                                                                [0m
                                                                                [0m
                                                                                [0m
                                                                                [0m
                               [38;2;171;146;141mt[38;2;239;237;233m:[38;2;154;129;124mn   [38;2;114;89;85mL[38;2;239;237;233m::[38;2;238;235;231m;[38;2;98;74;70mZ                                      [0m
                              [38;2;238;234;230m;[38;2;234;222;217ml[38;2;236;226;221mI[38;2;239;237;233m:[38;2;239;236;232m:  [38;2;239;237;233m::[38;2;231;179;176m-[38;2;233;187;184m_[38;2;236;233;230m;[38;2;238;235;231m;                                     [0m
                             [38;2;161;136;131mr[38;2;239;237;233m:[38;2;234;192;190m+[38;2;233;187;184m_[38;2;231;219;212m![38;2;236;233;230m;[38;2;126;100;96mU [38;2;236;233;230m;;[38;2;233;187;184m_[38;2;234;192;190m++[38;2;236;215;211mi[38;2;239;237;233m:                                    [0m
                             [38;2;239;237;233m:[38;2;234;192;190m++[38;2;233;187;184m__[38;2;236;233;230m;; ;;[38;2;229;178;173m?[38;2;234;192;190m+++[38;2;234;197;194m~[38;2;239;237;233m:                                   [0m
                            [38;2;154;129;124mn[38;2;237;229;225mI[38;2;234;192;190m++[38;2;233;187;184m__[38;2;235;211;208mi[38;2;236;233;230m;[38;2;102;78;75mO[38;2;187;166;161m1[38;2;236;233;230m;[38;2;233;188;187m+[38;2;234;192;190m++++[38;2;237;220;217m![38;2;115;93;89mC                                  [0m
                            [38;2;115;93;89mC[38;2;237;220;217m![38;2;234;192;190m++[38;2;233;187;184m__[38;2;234;192;190m+[38;2;236;233;230m;  ;;[38;2;233;187;184m_[38;2;234;192;190m+++[38;2;234;189;187m+[38;2;166;144;140mf                                  [0m
                             [38;2;238;236;233m:[38;2;233;187;184m_[38;2;233;188;187m+[38;2;234;189;187m+++[38;2;239;237;233m:  [38;2;86;65;61mw[38;2;239;237;233m:[38;2;238;236;233m:[38;2;233;187;184m_[38;2;233;188;187m+[38;2;233;187;184m_[38;2;236;218;213m![38;2;154;129;124mn                                  [0m
                             [38;2;155;132;127mx[38;2;236;215;211mi[38;2;233;188;187m+[38;2;234;189;187m++[38;2;237;227;223mI[38;2;238;235;231m;    [38;2;229;221;217m![38;2;238;234;230m;[38;2;233;187;184m_[38;2;232;183;180m-[38;2;235;230;226mI[38;2;111;86;82mL                                  [0m
                              [38;2;233;228;224mI[38;2;229;170;166m[[38;2;228;165;160m]][38;2;217;200;194m+[38;2;223;214;210m>[38;2;235;232;228m;[38;2;237;232;228m;[38;2;239;237;233m::[38;2;238;236;233m:[38;2;238;235;231m;[38;2;209;188;183m?[38;2;190;156;149m([38;2;233;190;188m+[38;2;111;86;82mL                                  [0m
                               [38;2;186;151;143m|[38;2;216;201;196m+[38;2;239;237;233m:::::::[38;2;238;236;233m:[38;2;238;235;231m;[38;2;238;236;233m:[38;2;238;235;231m;[38;2;238;236;233m:[38;2;206;188;182m?                                  [0m
                              [38;2;140;116;111mc[38;2;239;237;233m:[38;2;236;233;230m;;;;;;;;[38;2;239;237;233m:[38;2;237;229;225mI[38;2;236;215;211mi[38;2;239;237;233m:::[38;2;237;232;228m;                                 [0m
                             [38;2;133;109;105mX[38;2;235;211;208mi[38;2;239;237;233m:[38;2;236;233;230m;;;;;;;;[38;2;239;237;233m::::::::[38;2;111;86;82mL                               [0m
                             [38;2;239;237;233m:::[38;2;236;233;230m;;;;;;;;[38;2;239;237;233m:[38;2;181;174;170m}[38;2;165;162;159m|[38;2;137;107;103mX[38;2;153;144;140mj[38;2;239;237;233m:::[38;2;236;233;230m;[38;2;209;196;191m_                              [0m
                             [38;2;239;237;233m:[38;2;85;73;69mm[38;2;226;218;214mi[38;2;56;40;37ma[38;2;105;70;63mZ[38;2;236;233;230m;;[38;2;230;223;218m![38;2;231;219;212m![38;2;235;232;228m;[38;2;236;233;230m;[38;2;239;237;233m:[38;2;235;230;226mI[38;2;44;31;29m#[38;2;181;140;123mf[38;2;239;236;232m:[38;2;235;211;208mi[38;2;237;227;223mI[38;2;236;218;213m![38;2;235;211;208mi[38;2;231;219;212m![38;2;223;214;210m>                             [0m
                            [38;2;140;116;111mc[38;2;238;235;231m;;[38;2;45;26;23m#[38;2;43;28;23m#[38;2;111;73;65mO[38;2;239;237;233m::[38;2;232;183;180m-[38;2;219;142;135m([38;2;239;237;233m::[38;2;238;235;231m;[38;2;238;236;233m:[38;2;238;235;231m;[38;2;234;189;187m+[38;2;233;187;184m_[38;2;231;175;172m??[38;2;235;209;205m>[38;2;236;218;213m![38;2;238;234;230m;[38;2;233;228;224mI                             [0m
                            [38;2;223;214;210m>[38;2;233;187;184m_[38;2;233;188;187m+[38;2;231;179;176m-[38;2;234;189;187m+[38;2;239;237;233m::[38;2;237;220;217m![38;2;231;175;172m?[38;2;229;178;173m?[38;2;237;223;220ml[38;2;239;237;233m:[38;2;238;235;231m;[38;2;238;236;233m:[38;2;238;235;231m;[38;2;238;236;233m:[38;2;237;223;220ml[38;2;236;218;213m![38;2;238;235;231m;[38;2;238;236;233m:[38;2;238;232;228m;[38;2;236;233;230m;[38;2;120;82;75mQ                             [0m
                            [38;2;107;75;70mO[38;2;229;221;217m![38;2;235;211;208mi[38;2;235;209;205m>[38;2;238;234;230m;[38;2;239;237;233m:::::::[38;2;238;235;231m;[38;2;238;236;233m:[38;2;238;235;231m;[38;2;238;236;233m:[38;2;238;235;231m;[38;2;238;236;233m:[38;2;238;234;230m;[38;2;218;204;200m~[38;2;159;127;121mn                               [0m
                              [38;2;137;107;103mX[38;2;220;209;204m<[38;2;216;201;196m+[38;2;239;236;232m:[38;2;239;237;233m::::[38;2;232;227;223mI[38;2;239;237;233m:[38;2;238;235;231m;[38;2;238;236;233m:[38;2;238;235;231m;[38;2;235;230;226mI[38;2;200;175;169m{[38;2;238;236;233m:[38;2;238;235;231m;[38;2;183;164;159m)                                [0m
                               [38;2;154;110;102mc[38;2;206;185;179m?[38;2;236;233;230m;;;[38;2;223;214;210m>[38;2;220;209;204m<[38;2;227;216;211mi[38;2;236;233;230m;[38;2;239;237;233m::::::::[38;2;206;185;179m?                               [0m
                               [38;2;239;237;233m:[38;2;236;233;230m;;;;[38;2;206;188;182m?[38;2;232;227;223mI[38;2;236;233;230m;;[38;2;239;237;233m::[38;2;238;236;233m:[38;2;213;195;190m_[38;2;239;237;233m::::[38;2;236;233;230m;[38;2;144;118;113mv                              [0m
                              [38;2;209;191;186m-[38;2;239;237;233m:[38;2;236;233;230m;;;;;[38;2;214;199;195m+[38;2;212;194;189m_[38;2;235;232;228m;[38;2;238;234;230m;[38;2;219;205;200m~[38;2;229;221;217m![38;2;239;237;233m:::::[38;2;236;233;230m;;                              [0m
                             [38;2;209;196;191m_[38;2;239;237;233m::[38;2;236;233;230m;;;;;[38;2;233;228;224mI[38;2;236;233;230m;[38;2;186;151;143m|[38;2;223;214;210m>[38;2;239;237;233m:[38;2;227;216;211mi[38;2;239;237;233m:::::[38;2;236;233;230m;;; [38;2;191;175;169m{[38;2;235;232;228m;[38;2;195;178;173m]                         [0m
                            [38;2;98;74;70mZ[38;2;238;236;233m:[38;2;238;235;231m;[38;2;238;236;233m:[38;2;239;237;233m::::::[38;2;203;180;174m[[38;2;239;237;233m:[38;2;238;236;233m:[38;2;216;201;196m+[38;2;238;236;233m:[38;2;238;235;231m;[38;2;238;236;233m:[38;2;238;235;231m;[38;2;238;236;233m:[38;2;238;235;231m;[38;2;239;237;233m:::[38;2;224;212;206m>[38;2;206;185;179m?[38;2;222;209;204m<[38;2;239;237;233m:[38;2;145;122;117mu                        [0m
                            [38;2;220;209;204m<[38;2;238;236;233m:[38;2;238;235;231m;[38;2;238;236;233m:[38;2;239;237;233m:[38;2;204;180;174m[[38;2;239;237;233m:::::[38;2;190;158;152m([38;2;238;236;233m:[38;2;238;235;231m;[38;2;238;236;233m:[38;2;238;235;231m;[38;2;238;236;233m:[38;2;238;235;231m;[38;2;217;200;194m+[38;2;238;235;231m;[38;2;239;237;233m:::::[38;2;233;228;224mI[38;2;239;237;233m:[38;2;161;130;125mx                        [0m
                          [38;2;236;226;221mI[38;2;236;215;211mi[38;2;238;235;231m;[38;2;233;188;187m+[38;2;236;233;230m;[38;2;199;172;166m{[38;2;226;218;214mi[38;2;239;237;233m:[38;2;227;216;211mi[38;2;238;232;228m;[38;2;239;237;233m::[38;2;206;185;179m?[38;2;239;237;233m:[38;2;238;236;233m:[38;2;238;235;231m;[38;2;238;236;233m:[38;2;238;235;231m;[38;2;231;219;212m![38;2;238;235;231m;[38;2;238;236;233m:[38;2;238;235;231m;[38;2;232;227;223mI[38;2;236;233;230m;[38;2;235;205;203m>[38;2;233;190;188m+[38;2;239;237;233m:[38;2;235;209;205m>[38;2;172;141;136mf                         [0m
                         [38;2;165;141;136mf[38;2;233;187;184m_[38;2;237;227;223mI[38;2;238;235;231m;[38;2;238;234;230m;[38;2;236;215;211mi[38;2;238;234;230m;[38;2;239;237;233m:[38;2;222;209;204m<[38;2;239;237;233m::[38;2;202;178;172m][38;2;190;156;149m([38;2;233;222;215m![38;2;234;222;217mll[38;2;231;219;212m![38;2;233;222;215m![38;2;190;158;152m([38;2;238;236;233m:[38;2;238;235;231m;[38;2;218;204;200m~[38;2;238;235;231m;[38;2;239;237;233m:[38;2;238;232;228m;[38;2;237;229;225mI[38;2;239;237;233m::[38;2;234;197;194m~[38;2;235;211;208mi                         [0m
                          [38;2;237;220;217m![38;2;237;227;223mI[38;2;239;237;233m:[38;2;234;192;190m+++[38;2;233;187;184m_[38;2;234;197;194m~[38;2;200;175;169m{[38;2;236;233;230m;;[38;2;170;127;120mx[38;2;231;219;212m![38;2;224;212;206m>[38;2;209;188;183m??[38;2;193;162;156m1[38;2;239;237;233m::[38;2;238;235;231m;[38;2;239;237;233m:[38;2;234;192;190m+[38;2;233;187;184m___[38;2;235;205;203m>[38;2;236;233;230m;[38;2;234;192;190m+[38;2;187;166;161m1                         [0m
                             [38;2;209;196;191m_[38;2;239;236;232m:[38;2;234;192;190m+[38;2;233;187;184m__[38;2;236;233;230m;          [38;2;114;89;85mL[38;2;236;218;213m![38;2;234;192;190m+[38;2;233;187;184m_[38;2;234;197;194m~[38;2;236;233;230m;[38;2;144;118;113mv                            [0m
                                                                                [0m
                                                                                [0m
                                                                                [0m
                                                                                [0m
                                                                                [0m
                                                                                [0m
